---
- added: 8
  cycles: 1
  deleted: 8
  inserted: 8
  seconds: 13.967995558
  version: 0.42.0
  what: judges-summary
  when: 2025-06-05 17:34:06.083020663 Z
- _id: 1
  _time: 2025-06-05 17:34:06.070448845 Z
  _version: 0.10.1/0.42.0/
  since: 2025-05-08 17:34:06.070636708 Z
  what: quality-of-service
  when: 2025-06-05 17:34:06.070598236 Z
- _id: 2
  _time: 2025-06-05 17:34:06.076464432 Z
  _version: 0.10.1/0.42.0/
  since: 2025-05-08 17:34:06.076568668 Z
  what: quantity-of-deliverables
  when: 2025-06-05 17:34:06.076544603 Z
- _id: 3
  _time: 2025-06-05 17:34:06.081339193 Z
  _version: 0.10.1/0.42.0/
  what: dimensions-of-terrain
  when: 2025-06-05 17:34:06.081422520 Z
