---
- added: 8
  cycles: 1
  deleted: 8
  inserted: 8
  seconds: 7.959151589
  version: 0.42.0
  what: judges-summary
  when: 2025-05-19 13:41:45.157581255 Z
- _id: 1
  _time: 2025-05-19 13:41:45.143648812 Z
  _version: 0.10.1/0.42.0/
  since: 2025-04-21 13:41:45.143858393 Z
  what: quantity-of-deliverables
  when: 2025-05-19 13:41:45.143820422 Z
- _id: 2
  _time: 2025-05-19 13:41:45.151587698 Z
  _version: 0.10.1/0.42.0/
  what: dimensions-of-terrain
  when: 2025-05-19 13:41:45.151702933 Z
- _id: 3
  _time: 2025-05-19 13:41:45.153197240 Z
  _version: 0.10.1/0.42.0/
  since: 2025-04-21 13:41:45.153333333 Z
  what: quality-of-service
  when: 2025-05-19 13:41:45.153300452 Z
