---
- added: 8
  cycles: 1
  deleted: 8
  inserted: 8
  seconds: 6.775042826
  version: 0.42.0
  what: judges-summary
  when: 2025-05-11 23:05:11.837717596 Z
- _id: 1
  _time: 2025-05-11 23:05:11.825528894 Z
  _version: 0.10.1/0.42.0/
  what: dimensions-of-terrain
  when: 2025-05-11 23:05:11.825677750 Z
- _id: 2
  _time: 2025-05-11 23:05:11.831337655 Z
  _version: 0.10.1/0.42.0/
  since: 2025-04-13 23:05:11.831478206 Z
  what: quality-of-service
  when: 2025-05-11 23:05:11.831444944 Z
- _id: 3
  _time: 2025-05-11 23:05:11.836801215 Z
  _version: 0.10.1/0.42.0/
  since: 2025-04-13 23:05:11.836898325 Z
  what: quantity-of-deliverables
  when: 2025-05-11 23:05:11.836876174 Z
