---
- added: 8
  cycles: 1
  deleted: 8
  inserted: 8
  seconds: 17.73023664
  version: 0.42.0
  what: judges-summary
  when: 2025-05-15 10:39:50.882950610 Z
- _id: 1
  _time: 2025-05-15 10:39:50.872549502 Z
  _version: 0.10.1/0.42.0/
  since: 2025-04-17 10:39:50.872849383 Z
  what: quantity-of-deliverables
  when: 2025-05-15 10:39:50.872810951 Z
- _id: 2
  _time: 2025-05-15 10:39:50.879255557 Z
  _version: 0.10.1/0.42.0/
  what: dimensions-of-terrain
  when: 2025-05-15 10:39:50.879376193 Z
- _id: 3
  _time: 2025-05-15 10:39:50.881522057 Z
  _version: 0.10.1/0.42.0/
  since: 2025-04-17 10:39:50.881665736 Z
  what: quality-of-service
  when: 2025-05-15 10:39:50.881629779 Z
