---
- added: 8
  cycles: 1
  deleted: 8
  inserted: 8
  seconds: 7.685316098
  version: 0.42.0
  what: judges-summary
  when: 2025-05-12 15:05:50.920821750 Z
- _id: 1
  _time: 2025-05-12 15:05:50.910686059 Z
  _version: 0.10.1/0.42.0/
  since: 2025-04-14 15:05:50.910892686 Z
  what: quality-of-service
  when: 2025-05-12 15:05:50.910855396 Z
- _id: 2
  _time: 2025-05-12 15:05:50.914531550 Z
  _version: 0.10.1/0.42.0/
  what: dimensions-of-terrain
  when: 2025-05-12 15:05:50.914612121 Z
- _id: 3
  _time: 2025-05-12 15:05:50.915915664 Z
  _version: 0.10.1/0.42.0/
  since: 2025-04-14 15:05:50.916012896 Z
  what: quantity-of-deliverables
  when: 2025-05-12 15:05:50.915990224 Z
