---
- added: 8
  cycles: 1
  deleted: 8
  inserted: 8
  seconds: 12.776544042
  version: 0.42.0
  what: judges-summary
  when: 2025-06-09 09:06:21.148313185 Z
- _id: 1
  _time: 2025-06-09 09:06:21.135002691 Z
  _version: 0.10.1/0.42.0/
  since: 2025-05-12 09:06:21.135185635 Z
  what: quantity-of-deliverables
  when: 2025-06-09 09:06:21.135149097 Z
- _id: 2
  _time: 2025-06-09 09:06:21.139508486 Z
  _version: 0.10.1/0.42.0/
  what: dimensions-of-terrain
  when: 2025-06-09 09:06:21.139613564 Z
- _id: 3
  _time: 2025-06-09 09:06:21.144297664 Z
  _version: 0.10.1/0.42.0/
  since: 2025-05-12 09:06:21.144434811 Z
  what: quality-of-service
  when: 2025-06-09 09:06:21.144402440 Z
