---
- added: 8
  cycles: 1
  deleted: 8
  inserted: 8
  seconds: 7.166388558
  version: 0.42.0
  what: judges-summary
  when: 2025-05-29 18:06:46.696185448 Z
- _id: 1
  _time: 2025-05-29 18:06:46.686047912 Z
  _version: 0.10.1/0.42.0/
  since: 2025-05-01 18:06:46.686231945 Z
  what: quality-of-service
  when: 2025-05-29 18:06:46.686193323 Z
- _id: 2
  _time: 2025-05-29 18:06:46.692153013 Z
  _version: 0.10.1/0.42.0/
  since: 2025-05-01 18:06:46.692259111 Z
  what: quantity-of-deliverables
  when: 2025-05-29 18:06:46.692235006 Z
- _id: 3
  _time: 2025-05-29 18:06:46.693340216 Z
  _version: 0.10.1/0.42.0/
  what: dimensions-of-terrain
  when: 2025-05-29 18:06:46.693420065 Z
