---
- added: 8
  cycles: 1
  deleted: 8
  inserted: 8
  seconds: 13.302354993
  version: 0.42.0
  what: judges-summary
  when: 2025-05-20 22:37:19.185422225 Z
- _id: 1
  _time: 2025-05-20 22:37:19.174842804 Z
  _version: 0.10.1/0.42.0/
  since: 2025-04-22 22:37:19.175051974 Z
  what: quality-of-service
  when: 2025-05-20 22:37:19.175014234 Z
- _id: 2
  _time: 2025-05-20 22:37:19.177954810 Z
  _version: 0.10.1/0.42.0/
  what: dimensions-of-terrain
  when: 2025-05-20 22:37:19.178117573 Z
- _id: 3
  _time: 2025-05-20 22:37:19.182397035 Z
  _version: 0.10.1/0.42.0/
  since: 2025-04-22 22:37:19.182499746 Z
  what: quantity-of-deliverables
  when: 2025-05-20 22:37:19.182476302 Z
