---
- added: 8
  cycles: 1
  deleted: 8
  inserted: 8
  seconds: 7.33586136
  version: 0.42.0
  what: judges-summary
  when: 2025-05-31 06:06:28.225913982 Z
- _id: 1
  _time: 2025-05-31 06:06:28.212462885 Z
  _version: 0.10.1/0.42.0/
  what: dimensions-of-terrain
  when: 2025-05-31 06:06:28.212615753 Z
- _id: 2
  _time: 2025-05-31 06:06:28.215599505 Z
  _version: 0.10.1/0.42.0/
  since: 2025-05-03 06:06:28.215737865 Z
  what: quantity-of-deliverables
  when: 2025-05-31 06:06:28.215704172 Z
- _id: 3
  _time: 2025-05-31 06:06:28.223548012 Z
  _version: 0.10.1/0.42.0/
  since: 2025-05-03 06:06:28.223681633 Z
  what: quality-of-service
  when: 2025-05-31 06:06:28.223650074 Z
