---
- added: 8
  cycles: 1
  deleted: 8
  inserted: 8
  seconds: 9.955519392
  version: 0.42.0
  what: judges-summary
  when: 2025-06-15 06:06:52.613805353 Z
- _id: 1
  _time: 2025-06-15 06:06:52.600184770 Z
  _version: 0.10.1/0.42.0/
  what: dimensions-of-terrain
  when: 2025-06-15 06:06:52.600336863 Z
- _id: 2
  _time: 2025-06-15 06:06:52.606360907 Z
  _version: 0.10.1/0.42.0/
  since: 2025-05-18 06:06:52.606498494 Z
  what: quality-of-service
  when: 2025-06-15 06:06:52.606464771 Z
- _id: 3
  _time: 2025-06-15 06:06:52.612059709 Z
  _version: 0.10.1/0.42.0/
  since: 2025-05-18 06:06:52.612206794 Z
  what: quantity-of-deliverables
  when: 2025-06-15 06:06:52.612181136 Z
