---
- added: 8
  cycles: 1
  deleted: 8
  inserted: 8
  seconds: 9.642612245
  version: 0.42.0
  what: judges-summary
  when: 2025-05-17 23:05:05.919444186 Z
- _id: 1
  _time: 2025-05-17 23:05:05.913386830 Z
  _version: 0.10.1/0.42.0/
  since: 2025-04-19 23:05:05.913574270 Z
  what: quality-of-service
  when: 2025-05-17 23:05:05.913536540 Z
- _id: 2
  _time: 2025-05-17 23:05:05.916146762 Z
  _version: 0.10.1/0.42.0/
  what: dimensions-of-terrain
  when: 2025-05-17 23:05:05.916227433 Z
- _id: 3
  _time: 2025-05-17 23:05:05.917577086 Z
  _version: 0.10.1/0.42.0/
  since: 2025-04-19 23:05:05.917673937 Z
  what: quantity-of-deliverables
  when: 2025-05-17 23:05:05.917651505 Z
