---
- added: 8
  cycles: 1
  deleted: 8
  inserted: 8
  seconds: 8.297191131
  version: 0.42.0
  what: judges-summary
  when: 2025-06-04 16:06:26.142913381 Z
- _id: 1
  _time: 2025-06-04 16:06:26.132261613 Z
  _version: 0.10.1/0.42.0/
  since: 2025-05-07 16:06:26.132448711 Z
  what: quantity-of-deliverables
  when: 2025-06-04 16:06:26.132410470 Z
- _id: 2
  _time: 2025-06-04 16:06:26.133615612 Z
  _version: 0.10.1/0.42.0/
  what: dimensions-of-terrain
  when: 2025-06-04 16:06:26.133721249 Z
- _id: 3
  _time: 2025-06-04 16:06:26.137739985 Z
  _version: 0.10.1/0.42.0/
  since: 2025-05-07 16:06:26.137876720 Z
  what: quality-of-service
  when: 2025-06-04 16:06:26.137843578 Z
