---
- added: 8
  cycles: 1
  deleted: 8
  inserted: 8
  seconds: 17.500421586
  version: 0.42.0
  what: judges-summary
  when: 2025-05-31 00:49:28.414549615 Z
- _id: 1
  _time: 2025-05-31 00:49:28.404392714 Z
  _version: 0.10.1/0.42.0/
  since: 2025-05-03 00:49:28.404578302 Z
  what: quantity-of-deliverables
  when: 2025-05-31 00:49:28.404541162 Z
- _id: 2
  _time: 2025-05-31 00:49:28.410892103 Z
  _version: 0.10.1/0.42.0/
  what: dimensions-of-terrain
  when: 2025-05-31 00:49:28.410994815 Z
- _id: 3
  _time: 2025-05-31 00:49:28.412226997 Z
  _version: 0.10.1/0.42.0/
  since: 2025-05-03 00:49:28.412403848 Z
  what: quality-of-service
  when: 2025-05-31 00:49:28.412368672 Z
