---
- added: 8
  cycles: 1
  deleted: 8
  inserted: 8
  seconds: 7.507016665
  version: 0.42.0
  what: judges-summary
  when: 2025-06-08 09:34:57.438407895 Z
- _id: 1
  _time: 2025-06-08 09:34:57.425597333 Z
  _version: 0.10.1/0.42.0/
  since: 2025-05-11 09:34:57.425779005 Z
  what: quantity-of-deliverables
  when: 2025-06-08 09:34:57.425739350 Z
- _id: 2
  _time: 2025-06-08 09:34:57.428864449 Z
  _version: 0.10.1/0.42.0/
  since: 2025-05-11 09:34:57.429016255 Z
  what: quality-of-service
  when: 2025-06-08 09:34:57.428983543 Z
- _id: 3
  _time: 2025-06-08 09:34:57.431580004 Z
  _version: 0.10.1/0.42.0/
  what: dimensions-of-terrain
  when: 2025-06-08 09:34:57.431656689 Z
