---
- added: 8
  cycles: 1
  deleted: 8
  inserted: 8
  seconds: 8.328331525
  version: 0.42.0
  what: judges-summary
  when: 2025-05-16 10:05:55.214466665 Z
- _id: 1
  _time: 2025-05-16 10:05:55.206818356 Z
  _version: 0.10.1/0.42.0/
  since: 2025-04-18 10:05:55.207000567 Z
  what: quality-of-service
  when: 2025-05-16 10:05:55.206962436 Z
- _id: 2
  _time: 2025-05-16 10:05:55.208653924 Z
  _version: 0.10.1/0.42.0/
  since: 2025-04-18 10:05:55.208751807 Z
  what: quantity-of-deliverables
  when: 2025-05-16 10:05:55.208729726 Z
- _id: 3
  _time: 2025-05-16 10:05:55.209889869 Z
  _version: 0.10.1/0.42.0/
  what: dimensions-of-terrain
  when: 2025-05-16 10:05:55.209966092 Z
