---
- added: 8
  cycles: 1
  deleted: 8
  inserted: 8
  seconds: 10.170937573
  version: 0.42.0
  what: judges-summary
  when: 2025-05-12 22:37:36.349475618 Z
- _id: 1
  _time: 2025-05-12 22:37:36.335590001 Z
  _version: 0.10.1/0.42.0/
  what: dimensions-of-terrain
  when: 2025-05-12 22:37:36.335743076 Z
- _id: 2
  _time: 2025-05-12 22:37:36.339191129 Z
  _version: 0.10.1/0.42.0/
  since: 2025-04-14 22:37:36.339332994 Z
  what: quality-of-service
  when: 2025-05-12 22:37:36.339299171 Z
- _id: 3
  _time: 2025-05-12 22:37:36.345604746 Z
  _version: 0.10.1/0.42.0/
  since: 2025-04-14 22:37:36.345708770 Z
  what: quantity-of-deliverables
  when: 2025-05-12 22:37:36.345685567 Z
