---
- added: 8
  cycles: 1
  deleted: 8
  inserted: 8
  seconds: 6.944458529
  version: 0.42.0
  what: judges-summary
  when: 2025-06-02 04:41:39.834905370 Z
- _id: 1
  _time: 2025-06-02 04:41:39.825888738 Z
  _version: 0.10.1/0.42.0/
  what: dimensions-of-terrain
  when: 2025-06-02 04:41:39.826041212 Z
- _id: 2
  _time: 2025-06-02 04:41:39.831403588 Z
  _version: 0.10.1/0.42.0/
  since: 2025-05-05 04:41:39.831539501 Z
  what: quantity-of-deliverables
  when: 2025-06-02 04:41:39.831506840 Z
- _id: 3
  _time: 2025-06-02 04:41:39.833571008 Z
  _version: 0.10.1/0.42.0/
  since: 2025-05-05 04:41:39.833716118 Z
  what: quality-of-service
  when: 2025-06-02 04:41:39.833674330 Z
