---
- added: 8
  cycles: 1
  deleted: 8
  inserted: 8
  seconds: 8.673652365
  version: 0.42.0
  what: judges-summary
  when: 2025-06-10 14:05:42.739582597 Z
- _id: 1
  _time: 2025-06-10 14:05:42.729482844 Z
  _version: 0.10.1/0.42.0/
  what: dimensions-of-terrain
  when: 2025-06-10 14:05:42.729631891 Z
- _id: 2
  _time: 2025-06-10 14:05:42.734293357 Z
  _version: 0.10.1/0.42.0/
  since: 2025-05-13 14:05:42.734522532 Z
  what: quantity-of-deliverables
  when: 2025-06-10 14:05:42.734482067 Z
- _id: 3
  _time: 2025-06-10 14:05:42.735897592 Z
  _version: 0.10.1/0.42.0/
  since: 2025-05-13 14:05:42.736034947 Z
  what: quality-of-service
  when: 2025-06-10 14:05:42.736001856 Z
