---
- added: 8
  cycles: 1
  deleted: 8
  inserted: 8
  seconds: 7.467030505
  version: 0.42.0
  what: judges-summary
  when: 2025-06-08 00:49:30.458384886 Z
- _id: 1
  _time: 2025-06-08 00:49:30.445169283 Z
  _version: 0.10.1/0.42.0/
  since: 2025-05-11 00:49:30.445355941 Z
  what: quantity-of-deliverables
  when: 2025-06-08 00:49:30.445318551 Z
- _id: 2
  _time: 2025-06-08 00:49:30.449963105 Z
  _version: 0.10.1/0.42.0/
  since: 2025-05-11 00:49:30.450099589 Z
  what: quality-of-service
  when: 2025-06-08 00:49:30.450066858 Z
- _id: 3
  _time: 2025-06-08 00:49:30.452587344 Z
  _version: 0.10.1/0.42.0/
  what: dimensions-of-terrain
  when: 2025-06-08 00:49:30.452718909 Z
