---
- added: 8
  cycles: 1
  deleted: 8
  inserted: 8
  seconds: 8.321652327
  version: 0.42.0
  what: judges-summary
  when: 2025-06-09 15:05:50.021826107 Z
- _id: 1
  _time: 2025-06-09 15:05:50.011363607 Z
  _version: 0.10.1/0.42.0/
  since: 2025-05-12 15:05:50.011548786 Z
  what: quality-of-service
  when: 2025-06-09 15:05:50.011510825 Z
- _id: 2
  _time: 2025-06-09 15:05:50.015447158 Z
  _version: 0.10.1/0.42.0/
  since: 2025-05-12 15:05:50.015547447 Z
  what: quantity-of-deliverables
  when: 2025-06-09 15:05:50.015524283 Z
- _id: 3
  _time: 2025-06-09 15:05:50.020046060 Z
  _version: 0.10.1/0.42.0/
  what: dimensions-of-terrain
  when: 2025-06-09 15:05:50.020132433 Z
