---
- added: 8
  cycles: 1
  deleted: 8
  inserted: 8
  seconds: 6.962276624
  version: 0.42.0
  what: judges-summary
  when: 2025-05-18 12:07:37.843325554 Z
- _id: 1
  _time: 2025-05-18 12:07:37.829866423 Z
  _version: 0.10.1/0.42.0/
  what: dimensions-of-terrain
  when: 2025-05-18 12:07:37.830014540 Z
- _id: 2
  _time: 2025-05-18 12:07:37.832285879 Z
  _version: 0.10.1/0.42.0/
  since: 2025-04-20 12:07:37.832423266 Z
  what: quantity-of-deliverables
  when: 2025-05-18 12:07:37.832390705 Z
- _id: 3
  _time: 2025-05-18 12:07:37.840800219 Z
  _version: 0.10.1/0.42.0/
  since: 2025-04-20 12:07:37.840935852 Z
  what: quality-of-service
  when: 2025-05-18 12:07:37.840903261 Z
