---
- added: 8
  cycles: 1
  deleted: 8
  inserted: 8
  seconds: 0.819353589
  version: 0.42.0
  what: judges-summary
  when: 2025-05-15 16:40:14.061036199 Z
- _id: 1
  _time: 2025-05-15 16:40:14.046783668 Z
  _version: 0.10.1/0.42.0/
  what: dimensions-of-terrain
  when: 2025-05-15 16:40:14.046931646 Z
- _id: 2
  _time: 2025-05-15 16:40:14.056239791 Z
  _version: 0.10.1/0.42.0/
  since: 2025-04-17 16:40:14.056391767 Z
  what: quantity-of-deliverables
  when: 2025-05-15 16:40:14.056357462 Z
- _id: 3
  _time: 2025-05-15 16:40:14.058505217 Z
  _version: 0.10.1/0.42.0/
  since: 2025-04-17 16:40:14.058719068 Z
  what: quality-of-service
  when: 2025-05-15 16:40:14.058619611 Z
