---
- added: 8
  cycles: 1
  deleted: 8
  inserted: 8
  seconds: 9.652747581
  version: 0.42.0
  what: judges-summary
  when: 2025-05-31 08:38:23.057084034 Z
- _id: 1
  _time: 2025-05-31 08:38:23.047381317 Z
  _version: 0.10.1/0.42.0/
  since: 2025-05-03 08:38:23.047609481 Z
  what: quantity-of-deliverables
  when: 2025-05-31 08:38:23.047571000 Z
- _id: 2
  _time: 2025-05-31 08:38:23.053904452 Z
  _version: 0.10.1/0.42.0/
  since: 2025-05-03 08:38:23.054046666 Z
  what: quality-of-service
  when: 2025-05-31 08:38:23.054013334 Z
- _id: 3
  _time: 2025-05-31 08:38:23.056155356 Z
  _version: 0.10.1/0.42.0/
  what: dimensions-of-terrain
  when: 2025-05-31 08:38:23.056233381 Z
