---
- added: 8
  cycles: 1
  deleted: 8
  inserted: 8
  seconds: 0.782694211
  version: 0.42.0
  what: judges-summary
  when: 2025-05-14 04:38:52.211189215 Z
- _id: 1
  _time: 2025-05-14 04:38:52.204101294 Z
  _version: 0.10.1/0.42.0/
  what: dimensions-of-terrain
  when: 2025-05-14 04:38:52.204497974 Z
- _id: 2
  _time: 2025-05-14 04:38:52.207898612 Z
  _version: 0.10.1/0.42.0/
  since: 2025-04-16 04:38:52.208043542 Z
  what: quantity-of-deliverables
  when: 2025-05-14 04:38:52.208009699 Z
- _id: 3
  _time: 2025-05-14 04:38:52.209895203 Z
  _version: 0.10.1/0.42.0/
  since: 2025-04-16 04:38:52.210028381 Z
  what: quality-of-service
  when: 2025-05-14 04:38:52.209996693 Z
