---
- added: 8
  cycles: 1
  deleted: 8
  inserted: 8
  seconds: 7.763867088
  version: 0.42.0
  what: judges-summary
  when: 2025-05-14 08:06:49.244522936 Z
- _id: 1
  _time: 2025-05-14 08:06:49.231976485 Z
  _version: 0.10.1/0.42.0/
  since: 2025-04-16 08:06:49.232161351 Z
  what: quantity-of-deliverables
  when: 2025-05-14 08:06:49.232124762 Z
- _id: 2
  _time: 2025-05-14 08:06:49.238405258 Z
  _version: 0.10.1/0.42.0/
  what: dimensions-of-terrain
  when: 2025-05-14 08:06:49.238507870 Z
- _id: 3
  _time: 2025-05-14 08:06:49.241710575 Z
  _version: 0.10.1/0.42.0/
  since: 2025-04-16 08:06:49.241841790 Z
  what: quality-of-service
  when: 2025-05-14 08:06:49.241810361 Z
