---
- added: 8
  cycles: 1
  deleted: 8
  inserted: 8
  seconds: 7.863061391
  version: 0.42.0
  what: judges-summary
  when: 2025-05-20 07:35:38.346852283 Z
- _id: 1
  _time: 2025-05-20 07:35:38.334193417 Z
  _version: 0.10.1/0.42.0/
  since: 2025-04-22 07:35:38.334413256 Z
  what: quality-of-service
  when: 2025-05-20 07:35:38.334375135 Z
- _id: 2
  _time: 2025-05-20 07:35:38.339910137 Z
  _version: 0.10.1/0.42.0/
  what: dimensions-of-terrain
  when: 2025-05-20 07:35:38.339986939 Z
- _id: 3
  _time: 2025-05-20 07:35:38.341709523 Z
  _version: 0.10.1/0.42.0/
  since: 2025-04-22 07:35:38.341921096 Z
  what: quantity-of-deliverables
  when: 2025-05-20 07:35:38.341861896 Z
