---
- added: 8
  cycles: 1
  deleted: 8
  inserted: 8
  seconds: 8.49097095
  version: 0.42.0
  what: judges-summary
  when: 2025-05-16 11:05:01.815460969 Z
- _id: 1
  _time: 2025-05-16 11:05:01.801798682 Z
  _version: 0.10.1/0.42.0/
  what: dimensions-of-terrain
  when: 2025-05-16 11:05:01.801948172 Z
- _id: 2
  _time: 2025-05-16 11:05:01.805323335 Z
  _version: 0.10.1/0.42.0/
  since: 2025-04-18 11:05:01.805461293 Z
  what: quality-of-service
  when: 2025-05-16 11:05:01.805427540 Z
- _id: 3
  _time: 2025-05-16 11:05:01.812573357 Z
  _version: 0.10.1/0.42.0/
  since: 2025-04-18 11:05:01.812675749 Z
  what: quantity-of-deliverables
  when: 2025-05-16 11:05:01.812652866 Z
