---
- added: 8
  cycles: 1
  deleted: 8
  inserted: 8
  seconds: 9.229050578
  version: 0.42.0
  what: judges-summary
  when: 2025-06-05 13:42:25.237548392 Z
- _id: 1
  _time: 2025-06-05 13:42:25.228591733 Z
  _version: 0.10.1/0.42.0/
  since: 2025-05-08 13:42:25.228812740 Z
  what: quality-of-service
  when: 2025-06-05 13:42:25.228768787 Z
- _id: 2
  _time: 2025-06-05 13:42:25.234313279 Z
  _version: 0.10.1/0.42.0/
  what: dimensions-of-terrain
  when: 2025-06-05 13:42:25.234396897 Z
- _id: 3
  _time: 2025-06-05 13:42:25.236586045 Z
  _version: 0.10.1/0.42.0/
  since: 2025-05-08 13:42:25.236683889 Z
  what: quantity-of-deliverables
  when: 2025-06-05 13:42:25.236661036 Z
