---
- added: 8
  cycles: 1
  deleted: 8
  inserted: 8
  seconds: 7.70593627
  version: 0.42.0
  what: judges-summary
  when: 2025-06-02 22:37:33.826924004 Z
- _id: 1
  _time: 2025-06-02 22:37:33.816344092 Z
  _version: 0.10.1/0.42.0/
  since: 2025-05-05 22:37:33.816527176 Z
  what: quality-of-service
  when: 2025-06-02 22:37:33.816489816 Z
- _id: 2
  _time: 2025-06-02 22:37:33.822779641 Z
  _version: 0.10.1/0.42.0/
  since: 2025-05-05 22:37:33.822917700 Z
  what: quantity-of-deliverables
  when: 2025-06-02 22:37:33.822893435 Z
- _id: 3
  _time: 2025-06-02 22:37:33.826032159 Z
  _version: 0.10.1/0.42.0/
  what: dimensions-of-terrain
  when: 2025-06-02 22:37:33.826108293 Z
