---
- added: 8
  cycles: 1
  deleted: 8
  inserted: 8
  seconds: 6.931313347
  version: 0.42.0
  what: judges-summary
  when: 2025-05-26 04:09:34.354042337 Z
- _id: 1
  _time: 2025-05-26 04:09:34.343605116 Z
  _version: 0.10.1/0.42.0/
  since: 2025-04-28 04:09:34.343835695 Z
  what: quality-of-service
  when: 2025-05-26 04:09:34.343795501 Z
- _id: 2
  _time: 2025-05-26 04:09:34.346529927 Z
  _version: 0.10.1/0.42.0/
  what: dimensions-of-terrain
  when: 2025-05-26 04:09:34.346611979 Z
- _id: 3
  _time: 2025-05-26 04:09:34.349049012 Z
  _version: 0.10.1/0.42.0/
  since: 2025-04-28 04:09:34.349148878 Z
  what: quantity-of-deliverables
  when: 2025-05-26 04:09:34.349125885 Z
