---
- added: 8
  cycles: 1
  deleted: 8
  inserted: 8
  seconds: 8.124980464
  version: 0.42.0
  what: judges-summary
  when: 2025-05-18 04:40:41.766046501 Z
- _id: 1
  _time: 2025-05-18 04:40:41.753599829 Z
  _version: 0.10.1/0.42.0/
  since: 2025-04-20 04:40:41.753782421 Z
  what: quantity-of-deliverables
  when: 2025-05-18 04:40:41.753745101 Z
- _id: 2
  _time: 2025-05-18 04:40:41.757725456 Z
  _version: 0.10.1/0.42.0/
  since: 2025-04-20 04:40:41.757905192 Z
  what: quality-of-service
  when: 2025-05-18 04:40:41.757869716 Z
- _id: 3
  _time: 2025-05-18 04:40:41.762321112 Z
  _version: 0.10.1/0.42.0/
  what: dimensions-of-terrain
  when: 2025-05-18 04:40:41.762397745 Z
