---
- added: 8
  cycles: 1
  deleted: 8
  inserted: 8
  seconds: 7.498791303
  version: 0.42.0
  what: judges-summary
  when: 2025-05-31 01:32:54.003473930 Z
- _id: 1
  _time: 2025-05-31 01:32:53.990916544 Z
  _version: 0.10.1/0.42.0/
  since: 2025-05-03 01:32:53.991097862 Z
  what: quantity-of-deliverables
  when: 2025-05-31 01:32:53.991061445 Z
- _id: 2
  _time: 2025-05-31 01:32:54.001173414 Z
  _version: 0.10.1/0.42.0/
  since: 2025-05-03 01:32:54.001309117 Z
  what: quality-of-service
  when: 2025-05-31 01:32:54.001276707 Z
- _id: 3
  _time: 2025-05-31 01:32:54.002614318 Z
  _version: 0.10.1/0.42.0/
  what: dimensions-of-terrain
  when: 2025-05-31 01:32:54.002691953 Z
