---
- added: 8
  cycles: 1
  deleted: 8
  inserted: 8
  seconds: 7.708685978
  version: 0.42.0
  what: judges-summary
  when: 2025-05-20 22:05:02.442333403 Z
- _id: 1
  _time: 2025-05-20 22:05:02.430610102 Z
  _version: 0.10.1/0.42.0/
  since: 2025-04-22 22:05:02.430792173 Z
  what: quality-of-service
  when: 2025-05-20 22:05:02.430755103 Z
- _id: 2
  _time: 2025-05-20 22:05:02.434997666 Z
  _version: 0.10.1/0.42.0/
  what: dimensions-of-terrain
  when: 2025-05-20 22:05:02.435073839 Z
- _id: 3
  _time: 2025-05-20 22:05:02.439682076 Z
  _version: 0.10.1/0.42.0/
  since: 2025-04-22 22:05:02.439779598 Z
  what: quantity-of-deliverables
  when: 2025-05-20 22:05:02.439756705 Z
