---
- added: 8
  cycles: 1
  deleted: 8
  inserted: 8
  seconds: 8.320163043
  version: 0.42.0
  what: judges-summary
  when: 2025-06-03 08:41:22.702559642 Z
- _id: 1
  _time: 2025-06-03 08:41:22.693410454 Z
  _version: 0.10.1/0.42.0/
  what: dimensions-of-terrain
  when: 2025-06-03 08:41:22.693600337 Z
- _id: 2
  _time: 2025-06-03 08:41:22.696786394 Z
  _version: 0.10.1/0.42.0/
  since: 2025-05-06 08:41:22.696927006 Z
  what: quality-of-service
  when: 2025-06-03 08:41:22.696893153 Z
- _id: 3
  _time: 2025-06-03 08:41:22.701640354 Z
  _version: 0.10.1/0.42.0/
  since: 2025-05-06 08:41:22.701738256 Z
  what: quantity-of-deliverables
  when: 2025-06-03 08:41:22.701715293 Z
