---
- added: 8
  cycles: 1
  deleted: 8
  inserted: 8
  seconds: 7.008638027
  version: 0.42.0
  what: judges-summary
  when: 2025-06-11 04:41:49.313224754 Z
- _id: 1
  _time: 2025-06-11 04:41:49.305991556 Z
  _version: 0.10.1/0.42.0/
  what: dimensions-of-terrain
  when: 2025-06-11 04:41:49.306135667 Z
- _id: 2
  _time: 2025-06-11 04:41:49.308374682 Z
  _version: 0.10.1/0.42.0/
  since: 2025-05-14 04:41:49.308513823 Z
  what: quantity-of-deliverables
  when: 2025-06-11 04:41:49.308480591 Z
- _id: 3
  _time: 2025-06-11 04:41:49.309869661 Z
  _version: 0.10.1/0.42.0/
  since: 2025-05-14 04:41:49.310008722 Z
  what: quality-of-service
  when: 2025-06-11 04:41:49.309975670 Z
