---
- added: 8
  cycles: 1
  deleted: 8
  inserted: 8
  seconds: 7.884022861
  version: 0.42.0
  what: judges-summary
  when: 2025-05-28 22:37:29.002378789 Z
- _id: 1
  _time: 2025-05-28 22:37:28.988052922 Z
  _version: 0.10.1/0.42.0/
  since: 2025-04-30 22:37:28.988238687 Z
  what: quantity-of-deliverables
  when: 2025-05-28 22:37:28.988202119 Z
- _id: 2
  _time: 2025-05-28 22:37:28.995245806 Z
  _version: 0.10.1/0.42.0/
  since: 2025-04-30 22:37:28.995414589 Z
  what: quality-of-service
  when: 2025-05-28 22:37:28.995380426 Z
- _id: 3
  _time: 2025-05-28 22:37:28.998125051 Z
  _version: 0.10.1/0.42.0/
  what: dimensions-of-terrain
  when: 2025-05-28 22:37:28.998204529 Z
