---
- added: 8
  cycles: 1
  deleted: 8
  inserted: 8
  seconds: 7.724744418
  version: 0.42.0
  what: judges-summary
  when: 2025-06-12 21:05:20.786032106 Z
- _id: 1
  _time: 2025-06-12 21:05:20.779914977 Z
  _version: 0.10.1/0.42.0/
  since: 2025-05-15 21:05:20.780150788 Z
  what: quantity-of-deliverables
  when: 2025-06-12 21:05:20.780109291 Z
- _id: 2
  _time: 2025-06-12 21:05:20.781333340 Z
  _version: 0.10.1/0.42.0/
  what: dimensions-of-terrain
  when: 2025-06-12 21:05:20.781435150 Z
- _id: 3
  _time: 2025-06-12 21:05:20.784748163 Z
  _version: 0.10.1/0.42.0/
  since: 2025-05-15 21:05:20.784880290 Z
  what: quality-of-service
  when: 2025-06-12 21:05:20.784848601 Z
