---
- added: 8
  cycles: 1
  deleted: 8
  inserted: 8
  seconds: 13.333235761
  version: 0.42.0
  what: judges-summary
  when: 2025-05-12 06:07:36.319516330 Z
- _id: 1
  _time: 2025-05-12 06:07:36.306833452 Z
  _version: 0.10.1/0.42.0/
  what: dimensions-of-terrain
  when: 2025-05-12 06:07:36.306989793 Z
- _id: 2
  _time: 2025-05-12 06:07:36.311031165 Z
  _version: 0.10.1/0.42.0/
  since: 2025-04-14 06:07:36.311170633 Z
  what: quality-of-service
  when: 2025-05-12 06:07:36.311137331 Z
- _id: 3
  _time: 2025-05-12 06:07:36.315572558 Z
  _version: 0.10.1/0.42.0/
  since: 2025-04-14 06:07:36.315704282 Z
  what: quantity-of-deliverables
  when: 2025-05-12 06:07:36.315651404 Z
