---
- added: 8
  cycles: 1
  deleted: 8
  inserted: 8
  seconds: 17.466396081
  version: 0.42.0
  what: judges-summary
  when: 2025-06-05 05:38:40.968844028 Z
- _id: 1
  _time: 2025-06-05 05:38:40.955485773 Z
  _version: 0.10.1/0.42.0/
  since: 2025-05-08 05:38:40.955668964 Z
  what: quantity-of-deliverables
  when: 2025-06-05 05:38:40.955632306 Z
- _id: 2
  _time: 2025-06-05 05:38:40.958035373 Z
  _version: 0.10.1/0.42.0/
  since: 2025-05-08 05:38:40.958170675 Z
  what: quality-of-service
  when: 2025-06-05 05:38:40.958137974 Z
- _id: 3
  _time: 2025-06-05 05:38:40.966167056 Z
  _version: 0.10.1/0.42.0/
  what: dimensions-of-terrain
  when: 2025-06-05 05:38:40.966244139 Z
