---
- added: 8
  cycles: 1
  deleted: 8
  inserted: 8
  seconds: 8.083452824
  version: 0.42.0
  what: judges-summary
  when: 2025-06-04 18:06:46.874202213 Z
- _id: 1
  _time: 2025-06-04 18:06:46.865314068 Z
  _version: 0.10.1/0.42.0/
  since: 2025-05-07 18:06:46.865519050 Z
  what: quality-of-service
  when: 2025-06-04 18:06:46.865481429 Z
- _id: 2
  _time: 2025-06-04 18:06:46.870172353 Z
  _version: 0.10.1/0.42.0/
  since: 2025-05-07 18:06:46.870351667 Z
  what: quantity-of-deliverables
  when: 2025-06-04 18:06:46.870309778 Z
- _id: 3
  _time: 2025-06-04 18:06:46.873279416 Z
  _version: 0.10.1/0.42.0/
  what: dimensions-of-terrain
  when: 2025-06-04 18:06:46.873380715 Z
