---
- added: 8
  cycles: 1
  deleted: 8
  inserted: 8
  seconds: 9.479348193
  version: 0.42.0
  what: judges-summary
  when: 2025-05-17 11:04:43.499779780 Z
- _id: 1
  _time: 2025-05-17 11:04:43.494113714 Z
  _version: 0.10.1/0.42.0/
  since: 2025-04-19 11:04:43.494289183 Z
  what: quality-of-service
  when: 2025-05-17 11:04:43.494254157 Z
- _id: 2
  _time: 2025-05-17 11:04:43.495973187 Z
  _version: 0.10.1/0.42.0/
  since: 2025-04-19 11:04:43.496070560 Z
  what: quantity-of-deliverables
  when: 2025-05-17 11:04:43.496047897 Z
- _id: 3
  _time: 2025-05-17 11:04:43.498907055 Z
  _version: 0.10.1/0.42.0/
  what: dimensions-of-terrain
  when: 2025-05-17 11:04:43.498983077 Z
