---
- added: 8
  cycles: 1
  deleted: 8
  inserted: 8
  seconds: 8.689758413
  version: 0.42.0
  what: judges-summary
  when: 2025-06-04 08:07:17.240011082 Z
- _id: 1
  _time: 2025-06-04 08:07:17.226447737 Z
  _version: 0.10.1/0.42.0/
  what: dimensions-of-terrain
  when: 2025-06-04 08:07:17.226594700 Z
- _id: 2
  _time: 2025-06-04 08:07:17.230999693 Z
  _version: 0.10.1/0.42.0/
  since: 2025-05-07 08:07:17.231137379 Z
  what: quantity-of-deliverables
  when: 2025-06-04 08:07:17.231103085 Z
- _id: 3
  _time: 2025-06-04 08:07:17.238702596 Z
  _version: 0.10.1/0.42.0/
  since: 2025-05-07 08:07:17.238839290 Z
  what: quality-of-service
  when: 2025-06-04 08:07:17.238805327 Z
