---
- added: 8
  cycles: 1
  deleted: 8
  inserted: 8
  seconds: 8.314924476
  version: 0.42.0
  what: judges-summary
  when: 2025-05-15 21:05:03.958954958 Z
- _id: 1
  _time: 2025-05-15 21:05:03.947049593 Z
  _version: 0.10.1/0.42.0/
  since: 2025-04-17 21:05:03.947275814 Z
  what: quality-of-service
  when: 2025-05-15 21:05:03.947236721 Z
- _id: 2
  _time: 2025-05-15 21:05:03.953867293 Z
  _version: 0.10.1/0.42.0/
  what: dimensions-of-terrain
  when: 2025-05-15 21:05:03.953944246 Z
- _id: 3
  _time: 2025-05-15 21:05:03.957113912 Z
  _version: 0.10.1/0.42.0/
  since: 2025-04-17 21:05:03.957247460 Z
  what: quantity-of-deliverables
  when: 2025-05-15 21:05:03.957225118 Z
