---
- added: 8
  cycles: 1
  deleted: 8
  inserted: 8
  seconds: 7.89710097
  version: 0.42.0
  what: judges-summary
  when: 2025-05-15 11:05:01.171685662 Z
- _id: 1
  _time: 2025-05-15 11:05:01.162019769 Z
  _version: 0.10.1/0.42.0/
  since: 2025-04-17 11:05:01.162226827 Z
  what: quality-of-service
  when: 2025-05-15 11:05:01.162188324 Z
- _id: 2
  _time: 2025-05-15 11:05:01.165644290 Z
  _version: 0.10.1/0.42.0/
  since: 2025-04-17 11:05:01.165749697 Z
  what: quantity-of-deliverables
  when: 2025-05-15 11:05:01.165727015 Z
- _id: 3
  _time: 2025-05-15 11:05:01.168948308 Z
  _version: 0.10.1/0.42.0/
  what: dimensions-of-terrain
  when: 2025-05-15 11:05:01.169031403 Z
