---
- added: 8
  cycles: 1
  deleted: 8
  inserted: 8
  seconds: 7.991602418
  version: 0.42.0
  what: judges-summary
  when: 2025-05-30 20:05:53.322465185 Z
- _id: 1
  _time: 2025-05-30 20:05:53.308019799 Z
  _version: 0.10.1/0.42.0/
  what: dimensions-of-terrain
  when: 2025-05-30 20:05:53.308173426 Z
- _id: 2
  _time: 2025-05-30 20:05:53.313146991 Z
  _version: 0.10.1/0.42.0/
  since: 2025-05-02 20:05:53.313281923 Z
  what: quality-of-service
  when: 2025-05-30 20:05:53.313248460 Z
- _id: 3
  _time: 2025-05-30 20:05:53.319228942 Z
  _version: 0.10.1/0.42.0/
  since: 2025-05-02 20:05:53.319331002 Z
  what: quantity-of-deliverables
  when: 2025-05-30 20:05:53.319307158 Z
