---
- added: 8
  cycles: 1
  deleted: 8
  inserted: 8
  seconds: 7.091857692
  version: 0.42.0
  what: judges-summary
  when: 2025-06-03 07:05:59.725381234 Z
- _id: 1
  _time: 2025-06-03 07:05:59.713653906 Z
  _version: 0.10.1/0.42.0/
  since: 2025-05-06 07:05:59.713844864 Z
  what: quality-of-service
  when: 2025-06-03 07:05:59.713806242 Z
- _id: 2
  _time: 2025-06-03 07:05:59.719942896 Z
  _version: 0.10.1/0.42.0/
  what: dimensions-of-terrain
  when: 2025-06-03 07:05:59.720024048 Z
- _id: 3
  _time: 2025-06-03 07:05:59.724367554 Z
  _version: 0.10.1/0.42.0/
  since: 2025-05-06 07:05:59.724470737 Z
  what: quantity-of-deliverables
  when: 2025-06-03 07:05:59.724447434 Z
