---
- added: 8
  cycles: 1
  deleted: 8
  inserted: 8
  seconds: 7.019052894
  version: 0.42.0
  what: judges-summary
  when: 2025-05-26 12:08:21.711944508 Z
- _id: 1
  _time: 2025-05-26 12:08:21.705769236 Z
  _version: 0.10.1/0.42.0/
  since: 2025-04-28 12:08:21.706073954 Z
  what: quality-of-service
  when: 2025-05-26 12:08:21.706008733 Z
- _id: 2
  _time: 2025-05-26 12:08:21.707577496 Z
  _version: 0.10.1/0.42.0/
  what: dimensions-of-terrain
  when: 2025-05-26 12:08:21.707653668 Z
- _id: 3
  _time: 2025-05-26 12:08:21.708918937 Z
  _version: 0.10.1/0.42.0/
  since: 2025-04-28 12:08:21.709016118 Z
  what: quantity-of-deliverables
  when: 2025-05-26 12:08:21.708993846 Z
