---
- added: 8
  cycles: 1
  deleted: 8
  inserted: 8
  seconds: 9.675292819
  version: 0.42.0
  what: judges-summary
  when: 2025-05-12 00:21:33.231368805 Z
- _id: 1
  _time: 2025-05-12 00:21:33.222161200 Z
  _version: 0.10.1/0.42.0/
  since: 2025-04-14 00:21:33.222348989 Z
  what: quality-of-service
  when: 2025-05-12 00:21:33.222311159 Z
- _id: 2
  _time: 2025-05-12 00:21:33.226013063 Z
  _version: 0.10.1/0.42.0/
  what: dimensions-of-terrain
  when: 2025-05-12 00:21:33.226156360 Z
- _id: 3
  _time: 2025-05-12 00:21:33.229343792 Z
  _version: 0.10.1/0.42.0/
  since: 2025-04-14 00:21:33.229450129 Z
  what: quantity-of-deliverables
  when: 2025-05-12 00:21:33.229425995 Z
