---
- added: 8
  cycles: 1
  deleted: 8
  inserted: 8
  seconds: 7.649961801
  version: 0.42.0
  what: judges-summary
  when: 2025-05-29 02:34:58.610499716 Z
- _id: 1
  _time: 2025-05-29 02:34:58.598911871 Z
  _version: 0.10.1/0.42.0/
  since: 2025-05-01 02:34:58.599104299 Z
  what: quality-of-service
  when: 2025-05-29 02:34:58.599066549 Z
- _id: 2
  _time: 2025-05-29 02:34:58.601483727 Z
  _version: 0.10.1/0.42.0/
  since: 2025-05-01 02:34:58.601587189 Z
  what: quantity-of-deliverables
  when: 2025-05-29 02:34:58.601563836 Z
- _id: 3
  _time: 2025-05-29 02:34:58.609568532 Z
  _version: 0.10.1/0.42.0/
  what: dimensions-of-terrain
  when: 2025-05-29 02:34:58.609648481 Z
