---
- added: 8
  cycles: 1
  deleted: 8
  inserted: 8
  seconds: 9.678305372
  version: 0.42.0
  what: judges-summary
  when: 2025-05-17 05:36:18.746272364 Z
- _id: 1
  _time: 2025-05-17 05:36:18.738366439 Z
  _version: 0.10.1/0.42.0/
  since: 2025-04-19 05:36:18.738542028 Z
  what: quantity-of-deliverables
  when: 2025-05-17 05:36:18.738505970 Z
- _id: 2
  _time: 2025-05-17 05:36:18.739888176 Z
  _version: 0.10.1/0.42.0/
  since: 2025-04-19 05:36:18.740057803 Z
  what: quality-of-service
  when: 2025-05-17 05:36:18.740024831 Z
- _id: 3
  _time: 2025-05-17 05:36:18.741495823 Z
  _version: 0.10.1/0.42.0/
  what: dimensions-of-terrain
  when: 2025-05-17 05:36:18.741568649 Z
