---
- added: 8
  cycles: 1
  deleted: 8
  inserted: 8
  seconds: 10.341686621
  version: 0.42.0
  what: judges-summary
  when: 2025-06-05 13:14:16.295797245 Z
- _id: 1
  _time: 2025-06-05 13:14:16.282626560 Z
  _version: 0.10.1/0.42.0/
  since: 2025-05-08 13:14:16.282818699 Z
  what: quantity-of-deliverables
  when: 2025-06-05 13:14:16.282780117 Z
- _id: 2
  _time: 2025-06-05 13:14:16.284399110 Z
  _version: 0.10.1/0.42.0/
  what: dimensions-of-terrain
  when: 2025-06-05 13:14:16.284505539 Z
- _id: 3
  _time: 2025-06-05 13:14:16.289493602 Z
  _version: 0.10.1/0.42.0/
  since: 2025-05-08 13:14:16.289656747 Z
  what: quality-of-service
  when: 2025-06-05 13:14:16.289623445 Z
