---
- added: 8
  cycles: 1
  deleted: 8
  inserted: 8
  seconds: 8.124875077
  version: 0.42.0
  what: judges-summary
  when: 2025-05-16 15:05:28.576103361 Z
- _id: 1
  _time: 2025-05-16 15:05:28.566929277 Z
  _version: 0.10.1/0.42.0/
  since: 2025-04-18 15:05:28.567112650 Z
  what: quality-of-service
  when: 2025-05-16 15:05:28.567076142 Z
- _id: 2
  _time: 2025-05-16 15:05:28.571526106 Z
  _version: 0.10.1/0.42.0/
  since: 2025-04-18 15:05:28.571626394 Z
  what: quantity-of-deliverables
  when: 2025-05-16 15:05:28.571603421 Z
- _id: 3
  _time: 2025-05-16 15:05:28.574068302 Z
  _version: 0.10.1/0.42.0/
  what: dimensions-of-terrain
  when: 2025-05-16 15:05:28.574143473 Z
