---
- added: 8
  cycles: 1
  deleted: 8
  inserted: 8
  seconds: 7.654833794
  version: 0.42.0
  what: judges-summary
  when: 2025-05-24 23:34:27.121838475 Z
- _id: 1
  _time: 2025-05-24 23:34:27.108825870 Z
  _version: 0.10.1/0.42.0/
  what: dimensions-of-terrain
  when: 2025-05-24 23:34:27.109073441 Z
- _id: 2
  _time: 2025-05-24 23:34:27.111371760 Z
  _version: 0.10.1/0.42.0/
  since: 2025-04-26 23:34:27.111507252 Z
  what: quantity-of-deliverables
  when: 2025-05-24 23:34:27.111474952 Z
- _id: 3
  _time: 2025-05-24 23:34:27.114711196 Z
  _version: 0.10.1/0.42.0/
  since: 2025-04-26 23:34:27.114849454 Z
  what: quality-of-service
  when: 2025-05-24 23:34:27.114817013 Z
