---
- added: 8
  cycles: 1
  deleted: 8
  inserted: 8
  seconds: 7.311524302
  version: 0.42.0
  what: judges-summary
  when: 2025-06-06 04:40:59.787270948 Z
- _id: 1
  _time: 2025-06-06 04:40:59.772527390 Z
  _version: 0.10.1/0.42.0/
  what: dimensions-of-terrain
  when: 2025-06-06 04:40:59.772722175 Z
- _id: 2
  _time: 2025-06-06 04:40:59.774976004 Z
  _version: 0.10.1/0.42.0/
  since: 2025-05-09 04:40:59.775109223 Z
  what: quantity-of-deliverables
  when: 2025-06-06 04:40:59.775077203 Z
- _id: 3
  _time: 2025-06-06 04:40:59.780194564 Z
  _version: 0.10.1/0.42.0/
  since: 2025-05-09 04:40:59.780431248 Z
  what: quality-of-service
  when: 2025-06-06 04:40:59.780368841 Z
