---
- added: 8
  cycles: 1
  deleted: 8
  inserted: 8
  seconds: 7.799263408
  version: 0.42.0
  what: judges-summary
  when: 2025-06-13 19:34:11.442256028 Z
- _id: 1
  _time: 2025-06-13 19:34:11.437218379 Z
  _version: 0.10.1/0.42.0/
  since: 2025-05-16 19:34:11.437410372 Z
  what: quality-of-service
  when: 2025-06-13 19:34:11.437372982 Z
- _id: 2
  _time: 2025-06-13 19:34:11.438925375 Z
  _version: 0.10.1/0.42.0/
  what: dimensions-of-terrain
  when: 2025-06-13 19:34:11.439003242 Z
- _id: 3
  _time: 2025-06-13 19:34:11.441268837 Z
  _version: 0.10.1/0.42.0/
  since: 2025-05-16 19:34:11.441367444 Z
  what: quantity-of-deliverables
  when: 2025-06-13 19:34:11.441343789 Z
