---
- added: 8
  cycles: 1
  deleted: 8
  inserted: 8
  seconds: 9.702513101
  version: 0.42.0
  what: judges-summary
  when: 2025-06-15 09:05:33.953180455 Z
- _id: 1
  _time: 2025-06-15 09:05:33.939792511 Z
  _version: 0.10.1/0.42.0/
  what: dimensions-of-terrain
  when: 2025-06-15 09:05:33.939986041 Z
- _id: 2
  _time: 2025-06-15 09:05:33.942184332 Z
  _version: 0.10.1/0.42.0/
  since: 2025-05-18 09:05:33.942325746 Z
  what: quantity-of-deliverables
  when: 2025-06-15 09:05:33.942291452 Z
- _id: 3
  _time: 2025-06-15 09:05:33.949990128 Z
  _version: 0.10.1/0.42.0/
  since: 2025-05-18 09:05:33.950126212 Z
  what: quality-of-service
  when: 2025-06-15 09:05:33.950092639 Z
