---
- added: 8
  cycles: 1
  deleted: 8
  inserted: 8
  seconds: 7.751852788
  version: 0.42.0
  what: judges-summary
  when: 2025-05-17 15:04:41.480431959 Z
- _id: 1
  _time: 2025-05-17 15:04:41.471213268 Z
  _version: 0.10.1/0.42.0/
  since: 2025-04-19 15:04:41.471404377 Z
  what: quality-of-service
  when: 2025-05-17 15:04:41.471366746 Z
- _id: 2
  _time: 2025-05-17 15:04:41.473771336 Z
  _version: 0.10.1/0.42.0/
  since: 2025-04-19 15:04:41.473871283 Z
  what: quantity-of-deliverables
  when: 2025-05-17 15:04:41.473848070 Z
- _id: 3
  _time: 2025-05-17 15:04:41.476051490 Z
  _version: 0.10.1/0.42.0/
  what: dimensions-of-terrain
  when: 2025-05-17 15:04:41.476130769 Z
