---
- added: 8
  cycles: 1
  deleted: 8
  inserted: 8
  seconds: 7.82672217
  version: 0.42.0
  what: judges-summary
  when: 2025-05-21 10:39:18.366916606 Z
- _id: 1
  _time: 2025-05-21 10:39:18.360425246 Z
  _version: 0.10.1/0.42.0/
  what: dimensions-of-terrain
  when: 2025-05-21 10:39:18.360660163 Z
- _id: 2
  _time: 2025-05-21 10:39:18.363294003 Z
  _version: 0.10.1/0.42.0/
  since: 2025-04-23 10:39:18.363471284 Z
  what: quantity-of-deliverables
  when: 2025-05-21 10:39:18.363436358 Z
- _id: 3
  _time: 2025-05-21 10:39:18.365656547 Z
  _version: 0.10.1/0.42.0/
  since: 2025-04-23 10:39:18.365789305 Z
  what: quality-of-service
  when: 2025-05-21 10:39:18.365757315 Z
