---
- added: 8
  cycles: 1
  deleted: 8
  inserted: 8
  seconds: 18.558913314
  version: 0.42.0
  what: judges-summary
  when: 2025-06-11 17:37:13.579107073 Z
- _id: 1
  _time: 2025-06-11 17:37:13.570991682 Z
  _version: 0.10.1/0.42.0/
  what: dimensions-of-terrain
  when: 2025-06-11 17:37:13.571138225 Z
- _id: 2
  _time: 2025-06-11 17:37:13.576360575 Z
  _version: 0.10.1/0.42.0/
  since: 2025-05-14 17:37:13.576538668 Z
  what: quality-of-service
  when: 2025-06-11 17:37:13.576501579 Z
- _id: 3
  _time: 2025-06-11 17:37:13.578154283 Z
  _version: 0.10.1/0.42.0/
  since: 2025-05-14 17:37:13.578253518 Z
  what: quantity-of-deliverables
  when: 2025-06-11 17:37:13.578230446 Z
