---
- added: 8
  cycles: 1
  deleted: 8
  inserted: 8
  seconds: 8.501550671
  version: 0.42.0
  what: judges-summary
  when: 2025-06-03 10:05:53.345572588 Z
- _id: 1
  _time: 2025-06-03 10:05:53.334084879 Z
  _version: 0.10.1/0.42.0/
  what: dimensions-of-terrain
  when: 2025-06-03 10:05:53.334254156 Z
- _id: 2
  _time: 2025-06-03 10:05:53.337126945 Z
  _version: 0.10.1/0.42.0/
  since: 2025-05-06 10:05:53.337296753 Z
  what: quantity-of-deliverables
  when: 2025-06-03 10:05:53.337263421 Z
- _id: 3
  _time: 2025-06-03 10:05:53.339049894 Z
  _version: 0.10.1/0.42.0/
  since: 2025-05-06 10:05:53.339326482 Z
  what: quality-of-service
  when: 2025-06-03 10:05:53.339267772 Z
