---
- added: 8
  cycles: 1
  deleted: 8
  inserted: 8
  seconds: 17.434054026
  version: 0.42.0
  what: judges-summary
  when: 2025-06-09 04:42:34.811243786 Z
- _id: 1
  _time: 2025-06-09 04:42:34.803222164 Z
  _version: 0.10.1/0.42.0/
  what: dimensions-of-terrain
  when: 2025-06-09 04:42:34.803365912 Z
- _id: 2
  _time: 2025-06-09 04:42:34.807616197 Z
  _version: 0.10.1/0.42.0/
  since: 2025-05-12 04:42:34.807754094 Z
  what: quality-of-service
  when: 2025-06-09 04:42:34.807720542 Z
- _id: 3
  _time: 2025-06-09 04:42:34.809415644 Z
  _version: 0.10.1/0.42.0/
  since: 2025-05-12 04:42:34.809516933 Z
  what: quantity-of-deliverables
  when: 2025-06-09 04:42:34.809493018 Z
