---
- added: 8
  cycles: 1
  deleted: 8
  inserted: 8
  seconds: 7.696948497
  version: 0.42.0
  what: judges-summary
  when: 2025-06-08 04:12:39.199991252 Z
- _id: 1
  _time: 2025-06-08 04:12:39.184988523 Z
  _version: 0.10.1/0.42.0/
  what: dimensions-of-terrain
  when: 2025-06-08 04:12:39.185140709 Z
- _id: 2
  _time: 2025-06-08 04:12:39.194347448 Z
  _version: 0.10.1/0.42.0/
  since: 2025-05-11 04:12:39.194608788 Z
  what: quantity-of-deliverables
  when: 2025-06-08 04:12:39.194545580 Z
- _id: 3
  _time: 2025-06-08 04:12:39.198625210 Z
  _version: 0.10.1/0.42.0/
  since: 2025-05-11 04:12:39.198769792 Z
  what: quality-of-service
  when: 2025-06-08 04:12:39.198734946 Z
