---
- added: 8
  cycles: 1
  deleted: 8
  inserted: 8
  seconds: 6.7495568
  version: 0.42.0
  what: judges-summary
  when: 2025-05-18 23:34:44.793140879 Z
- _id: 1
  _time: 2025-05-18 23:34:44.780511455 Z
  _version: 0.10.1/0.42.0/
  since: 2025-04-20 23:34:44.780696382 Z
  what: quality-of-service
  when: 2025-05-18 23:34:44.780659302 Z
- _id: 2
  _time: 2025-05-18 23:34:44.784276038 Z
  _version: 0.10.1/0.42.0/
  what: dimensions-of-terrain
  when: 2025-05-18 23:34:44.784352261 Z
- _id: 3
  _time: 2025-05-18 23:34:44.789882014 Z
  _version: 0.10.1/0.42.0/
  since: 2025-04-20 23:34:44.790013681 Z
  what: quantity-of-deliverables
  when: 2025-05-18 23:34:44.789959259 Z
