---
- added: 8
  cycles: 1
  deleted: 8
  inserted: 8
  seconds: 0.770538067
  version: 0.42.0
  what: judges-summary
  when: 2025-05-23 10:38:59.593347569 Z
- _id: 1
  _time: 2025-05-23 10:38:59.586865788 Z
  _version: 0.10.1/0.42.0/
  since: 2025-04-25 10:38:59.587125275 Z
  what: quality-of-service
  when: 2025-05-23 10:38:59.587079829 Z
- _id: 2
  _time: 2025-05-23 10:38:59.588765683 Z
  _version: 0.10.1/0.42.0/
  what: dimensions-of-terrain
  when: 2025-05-23 10:38:59.588847998 Z
- _id: 3
  _time: 2025-05-23 10:38:59.590131917 Z
  _version: 0.10.1/0.42.0/
  since: 2025-04-25 10:38:59.590243747 Z
  what: quantity-of-deliverables
  when: 2025-05-23 10:38:59.590217257 Z
