---
- added: 8
  cycles: 1
  deleted: 8
  error: 'key not found: "data"'
  inserted: 8
  seconds: 7.773844189
  version: 0.42.0
  what: judges-summary
  when: 2025-05-26 06:42:57.460723946 Z
- _id: 1
  _time: 2025-05-26 06:42:56.869248177 Z
  _version: 0.10.1/0.42.0/
  commit: a03a233c59bfb0f38b8a310c55da085a258754f3
  default_branch: master
  details: 'A new Git push #24375974267 has arrived to objectionary/eo-book, made
    by @yegor256 (default branch is ''master''), not associated with any pull request.'
  event_id: 49871847371
  event_type: PushEvent
  push_id: 24375974267
  ref: refs/heads/master
  repository: 565789755
  to_master: 1
  what: git-was-pushed
  when: 2025-05-19 09:31:00.000000000 Z
  where: github
  who: 526301
- _id: 2
  _time: 2025-05-26 06:42:57.012863865 Z
  _version: 0.10.1/0.42.0/
  branch: renovate/yegor256-latexmk-action-0.x
  details: The pull request objectionary/eo-book#41 has been opened by @renovate[bot].
  event_id: 49829656792
  event_type: PullRequestEvent
  issue: 41
  repository: 565789755
  what: pull-was-opened
  when: 2025-05-17 07:22:57.000000000 Z
  where: github
  who: 29139614
- _id: 3
  _time: 2025-05-26 06:42:57.082048313 Z
  _version: 0.10.1/0.42.0/
  commit: a863404731d5a394c01c181e672d0351c3c7fc0f
  default_branch: master
  details: 'A new Git push #24179461233 has arrived to objectionary/eo-book, made
    by @yegor256 (default branch is ''master''), not associated with any pull request.'
  event_id: 49493121098
  event_type: PushEvent
  push_id: 24179461233
  ref: refs/heads/master
  repository: 565789755
  to_master: 1
  what: git-was-pushed
  when: 2025-05-08 09:10:09.000000000 Z
  where: github
  who: 526301
- _id: 4
  _time: 2025-05-26 06:42:57.161199729 Z
  _version: 0.10.1/0.42.0/
  commit: 278311e85d76a0ffaf0033c9e4c88498d2a53a73
  default_branch: master
  details: 'A new Git push #24168142325 has arrived to objectionary/eo-book, made
    by @yegor256 (default branch is ''master''), not associated with any pull request.'
  event_id: 49470748068
  event_type: PushEvent
  push_id: 24168142325
  ref: refs/heads/master
  repository: 565789755
  to_master: 1
  what: git-was-pushed
  when: 2025-05-07 18:35:32.000000000 Z
  where: github
  who: 526301
- _id: 5
  _time: 2025-05-26 06:42:57.441085805 Z
  _version: 0.10.1/0.42.0/
  what: dimensions-of-terrain
  when: 2025-05-26 06:42:57.441209287 Z
- _id: 6
  _time: 2025-05-26 06:42:57.445801146 Z
  _version: 0.10.1/0.42.0/
  since: 2025-04-28 06:42:57.445900342 Z
  what: quantity-of-deliverables
  when: 2025-05-26 06:42:57.445876668 Z
- _id: 7
  _time: 2025-05-26 06:42:57.448160563 Z
  _version: 0.10.1/0.42.0/
  since: 2025-04-28 06:42:57.448264098 Z
  what: quality-of-service
  when: 2025-05-26 06:42:57.448241004 Z
- _id: 8
  _time: 2025-05-26 06:42:57.453412523 Z
  _version: 0.10.1/0.42.0/
  name: yegor256
  what: who-has-name
  when: 2025-05-26 06:42:57.453622788 Z
  where: github
  who: 526301
- _id: 9
  _time: 2025-05-26 06:42:57.454803789 Z
  _version: 0.10.1/0.42.0/
  name: renovate[bot]
  what: who-has-name
  when: 2025-05-26 06:42:57.455021920 Z
  where: github
  who: 29139614
