---
- added: 8
  cycles: 1
  deleted: 8
  inserted: 8
  seconds: 10.043509885
  version: 0.42.0
  what: judges-summary
  when: 2025-05-29 15:05:45.406316035 Z
- _id: 1
  _time: 2025-05-29 15:05:45.396322918 Z
  _version: 0.10.1/0.42.0/
  what: dimensions-of-terrain
  when: 2025-05-29 15:05:45.396507574 Z
- _id: 2
  _time: 2025-05-29 15:05:45.401488884 Z
  _version: 0.10.1/0.42.0/
  since: 2025-05-01 15:05:45.401627954 Z
  what: quality-of-service
  when: 2025-05-29 15:05:45.401594291 Z
- _id: 3
  _time: 2025-05-29 15:05:45.403199067 Z
  _version: 0.10.1/0.42.0/
  since: 2025-05-01 15:05:45.403295487 Z
  what: quantity-of-deliverables
  when: 2025-05-29 15:05:45.403272935 Z
