---
- added: 8
  cycles: 1
  deleted: 8
  inserted: 8
  seconds: 17.742818599
  version: 0.42.0
  what: judges-summary
  when: 2025-05-28 07:06:00.590093197 Z
- _id: 1
  _time: 2025-05-28 07:06:00.585547372 Z
  _version: 0.10.1/0.42.0/
  since: 2025-04-30 07:06:00.585735401 Z
  what: quality-of-service
  when: 2025-05-28 07:06:00.585698192 Z
- _id: 2
  _time: 2025-05-28 07:06:00.587354113 Z
  _version: 0.10.1/0.42.0/
  since: 2025-04-30 07:06:00.587451725 Z
  what: quantity-of-deliverables
  when: 2025-05-28 07:06:00.587429063 Z
- _id: 3
  _time: 2025-05-28 07:06:00.589188354 Z
  _version: 0.10.1/0.42.0/
  what: dimensions-of-terrain
  when: 2025-05-28 07:06:00.589270257 Z
