---
- added: 8
  cycles: 1
  deleted: 8
  inserted: 8
  seconds: 7.492369613
  version: 0.42.0
  what: judges-summary
  when: 2025-05-22 22:37:35.590535645 Z
- _id: 1
  _time: 2025-05-22 22:37:35.581588762 Z
  _version: 0.10.1/0.42.0/
  since: 2025-04-24 22:37:35.581772614 Z
  what: quality-of-service
  when: 2025-05-22 22:37:35.581734793 Z
- _id: 2
  _time: 2025-05-22 22:37:35.583338155 Z
  _version: 0.10.1/0.42.0/
  since: 2025-04-24 22:37:35.583434975 Z
  what: quantity-of-deliverables
  when: 2025-05-22 22:37:35.583411862 Z
- _id: 3
  _time: 2025-05-22 22:37:35.587003275 Z
  _version: 0.10.1/0.42.0/
  what: dimensions-of-terrain
  when: 2025-05-22 22:37:35.587079437 Z
