---
- added: 8
  cycles: 1
  deleted: 8
  inserted: 8
  seconds: 7.877406467
  version: 0.42.0
  what: judges-summary
  when: 2025-06-09 05:06:35.770532577 Z
- _id: 1
  _time: 2025-06-09 05:06:35.757521006 Z
  _version: 0.10.1/0.42.0/
  since: 2025-05-12 05:06:35.757709951 Z
  what: quantity-of-deliverables
  when: 2025-06-09 05:06:35.757672310 Z
- _id: 2
  _time: 2025-06-09 05:06:35.759337984 Z
  _version: 0.10.1/0.42.0/
  what: dimensions-of-terrain
  when: 2025-06-09 05:06:35.759445215 Z
- _id: 3
  _time: 2025-06-09 05:06:35.767277043 Z
  _version: 0.10.1/0.42.0/
  since: 2025-05-12 05:06:35.767418999 Z
  what: quality-of-service
  when: 2025-06-09 05:06:35.767385085 Z
