---
- added: 8
  cycles: 1
  deleted: 8
  inserted: 8
  seconds: 6.700129223
  version: 0.42.0
  what: judges-summary
  when: 2025-05-31 04:38:54.013691013 Z
- _id: 1
  _time: 2025-05-31 04:38:54.003190533 Z
  _version: 0.10.1/0.42.0/
  since: 2025-05-03 04:38:54.003374858 Z
  what: quantity-of-deliverables
  when: 2025-05-31 04:38:54.003337358 Z
- _id: 2
  _time: 2025-05-31 04:38:54.010876009 Z
  _version: 0.10.1/0.42.0/
  what: dimensions-of-terrain
  when: 2025-05-31 04:38:54.010996945 Z
- _id: 3
  _time: 2025-05-31 04:38:54.012350875 Z
  _version: 0.10.1/0.42.0/
  since: 2025-05-03 04:38:54.012489114 Z
  what: quality-of-service
  when: 2025-05-31 04:38:54.012454880 Z
