---
- added: 8
  cycles: 1
  deleted: 8
  inserted: 8
  seconds: 17.719623827
  version: 0.42.0
  what: judges-summary
  when: 2025-06-08 01:33:53.580902247 Z
- _id: 1
  _time: 2025-06-08 01:33:53.568607268 Z
  _version: 0.10.1/0.42.0/
  what: dimensions-of-terrain
  when: 2025-06-08 01:33:53.568753492 Z
- _id: 2
  _time: 2025-06-08 01:33:53.571937796 Z
  _version: 0.10.1/0.42.0/
  since: 2025-05-11 01:33:53.572093717 Z
  what: quality-of-service
  when: 2025-06-08 01:33:53.572060816 Z
- _id: 3
  _time: 2025-06-08 01:33:53.579085711 Z
  _version: 0.10.1/0.42.0/
  since: 2025-05-11 01:33:53.579182542 Z
  what: quantity-of-deliverables
  when: 2025-06-08 01:33:53.579160080 Z
