---
- added: 8
  cycles: 1
  deleted: 8
  inserted: 8
  seconds: 8.068276376
  version: 0.42.0
  what: judges-summary
  when: 2025-06-15 03:31:17.017816140 Z
- _id: 1
  _time: 2025-06-15 03:31:17.010964944 Z
  _version: 0.10.1/0.42.0/
  since: 2025-05-18 03:31:17.011148516 Z
  what: quality-of-service
  when: 2025-06-15 03:31:17.011111177 Z
- _id: 2
  _time: 2025-06-15 03:31:17.013811792 Z
  _version: 0.10.1/0.42.0/
  since: 2025-05-18 03:31:17.013908863 Z
  what: quantity-of-deliverables
  when: 2025-06-15 03:31:17.013886131 Z
- _id: 3
  _time: 2025-06-15 03:31:17.015060772 Z
  _version: 0.10.1/0.42.0/
  what: dimensions-of-terrain
  when: 2025-06-15 03:31:17.015134309 Z
