---
- added: 8
  cycles: 1
  deleted: 8
  inserted: 8
  seconds: 7.920623255
  version: 0.42.0
  what: judges-summary
  when: 2025-06-14 09:05:18.234010410 Z
- _id: 1
  _time: 2025-06-14 09:05:18.224829796 Z
  _version: 0.10.1/0.42.0/
  what: dimensions-of-terrain
  when: 2025-06-14 09:05:18.224981850 Z
- _id: 2
  _time: 2025-06-14 09:05:18.228751601 Z
  _version: 0.10.1/0.42.0/
  since: 2025-05-17 09:05:18.228894688 Z
  what: quality-of-service
  when: 2025-06-14 09:05:18.228860624 Z
- _id: 3
  _time: 2025-06-14 09:05:18.230759300 Z
  _version: 0.10.1/0.42.0/
  since: 2025-05-17 09:05:18.230859978 Z
  what: quantity-of-deliverables
  when: 2025-06-14 09:05:18.230836504 Z
