---
- added: 8
  cycles: 1
  deleted: 8
  inserted: 8
  seconds: 8.144640592
  version: 0.42.0
  what: judges-summary
  when: 2025-06-11 13:42:33.473222903 Z
- _id: 1
  _time: 2025-06-11 13:42:33.462992232 Z
  _version: 0.10.1/0.42.0/
  since: 2025-05-14 13:42:33.463198468 Z
  what: quality-of-service
  when: 2025-06-11 13:42:33.463159796 Z
- _id: 2
  _time: 2025-06-11 13:42:33.465395832 Z
  _version: 0.10.1/0.42.0/
  what: dimensions-of-terrain
  when: 2025-06-11 13:42:33.465474499 Z
- _id: 3
  _time: 2025-06-11 13:42:33.469386975 Z
  _version: 0.10.1/0.42.0/
  since: 2025-05-14 13:42:33.469565819 Z
  what: quantity-of-deliverables
  when: 2025-06-11 13:42:33.469521697 Z
