---
- added: 8
  cycles: 1
  deleted: 8
  inserted: 8
  seconds: 7.742104744
  version: 0.42.0
  what: judges-summary
  when: 2025-06-11 21:05:07.253239607 Z
- _id: 1
  _time: 2025-06-11 21:05:07.240154895 Z
  _version: 0.10.1/0.42.0/
  since: 2025-05-14 21:05:07.240348557 Z
  what: quantity-of-deliverables
  when: 2025-06-11 21:05:07.240311648 Z
- _id: 2
  _time: 2025-06-11 21:05:07.245564092 Z
  _version: 0.10.1/0.42.0/
  what: dimensions-of-terrain
  when: 2025-06-11 21:05:07.245679108 Z
- _id: 3
  _time: 2025-06-11 21:05:07.250852443 Z
  _version: 0.10.1/0.42.0/
  since: 2025-05-14 21:05:07.251033322 Z
  what: quality-of-service
  when: 2025-06-11 21:05:07.250995461 Z
