---
- added: 8
  cycles: 1
  deleted: 8
  inserted: 8
  seconds: 7.583456431
  version: 0.42.0
  what: judges-summary
  when: 2025-05-28 05:05:53.770469102 Z
- _id: 1
  _time: 2025-05-28 05:05:53.762579382 Z
  _version: 0.10.1/0.42.0/
  what: dimensions-of-terrain
  when: 2025-05-28 05:05:53.762766481 Z
- _id: 2
  _time: 2025-05-28 05:05:53.765048383 Z
  _version: 0.10.1/0.42.0/
  since: 2025-04-30 05:05:53.765184607 Z
  what: quantity-of-deliverables
  when: 2025-05-28 05:05:53.765151736 Z
- _id: 3
  _time: 2025-05-28 05:05:53.766557806 Z
  _version: 0.10.1/0.42.0/
  since: 2025-04-30 05:05:53.766734535 Z
  what: quality-of-service
  when: 2025-05-28 05:05:53.766659616 Z
