---
- added: 8
  cycles: 1
  deleted: 8
  inserted: 8
  seconds: 7.763299218
  version: 0.42.0
  what: judges-summary
  when: 2025-06-13 10:05:59.819091513 Z
- _id: 1
  _time: 2025-06-13 10:05:59.806911874 Z
  _version: 0.10.1/0.42.0/
  since: 2025-05-16 10:05:59.807161791 Z
  what: quality-of-service
  when: 2025-06-13 10:05:59.807110134 Z
- _id: 2
  _time: 2025-06-13 10:05:59.814958776 Z
  _version: 0.10.1/0.42.0/
  since: 2025-05-16 10:05:59.815068571 Z
  what: quantity-of-deliverables
  when: 2025-06-13 10:05:59.815043825 Z
- _id: 3
  _time: 2025-06-13 10:05:59.816310958 Z
  _version: 0.10.1/0.42.0/
  what: dimensions-of-terrain
  when: 2025-06-13 10:05:59.816391047 Z
