---
- added: 8
  cycles: 1
  deleted: 8
  inserted: 8
  seconds: 13.233660539
  version: 0.42.0
  what: judges-summary
  when: 2025-05-24 21:04:45.675209249 Z
- _id: 1
  _time: 2025-05-24 21:04:45.661528720 Z
  _version: 0.10.1/0.42.0/
  since: 2025-04-26 21:04:45.661710770 Z
  what: quantity-of-deliverables
  when: 2025-05-24 21:04:45.661673320 Z
- _id: 2
  _time: 2025-05-24 21:04:45.665126922 Z
  _version: 0.10.1/0.42.0/
  what: dimensions-of-terrain
  when: 2025-05-24 21:04:45.665340040 Z
- _id: 3
  _time: 2025-05-24 21:04:45.670058407 Z
  _version: 0.10.1/0.42.0/
  since: 2025-04-26 21:04:45.670195263 Z
  what: quality-of-service
  when: 2025-05-24 21:04:45.670162842 Z
