---
- added: 8
  cycles: 1
  deleted: 8
  inserted: 8
  seconds: 7.62276515
  version: 0.42.0
  what: judges-summary
  when: 2025-05-20 12:08:38.797290573 Z
- _id: 1
  _time: 2025-05-20 12:08:38.786113737 Z
  _version: 0.10.1/0.42.0/
  what: dimensions-of-terrain
  when: 2025-05-20 12:08:38.786257866 Z
- _id: 2
  _time: 2025-05-20 12:08:38.793000972 Z
  _version: 0.10.1/0.42.0/
  since: 2025-04-22 12:08:38.793138067 Z
  what: quality-of-service
  when: 2025-05-20 12:08:38.793104795 Z
- _id: 3
  _time: 2025-05-20 12:08:38.795653333 Z
  _version: 0.10.1/0.42.0/
  since: 2025-04-22 12:08:38.795785729 Z
  what: quantity-of-deliverables
  when: 2025-05-20 12:08:38.795728663 Z
