---
- added: 8
  cycles: 1
  deleted: 8
  inserted: 8
  seconds: 17.576617052
  version: 0.42.0
  what: judges-summary
  when: 2025-05-16 06:07:27.375558251 Z
- _id: 1
  _time: 2025-05-16 06:07:27.361255320 Z
  _version: 0.10.1/0.42.0/
  what: dimensions-of-terrain
  when: 2025-05-16 06:07:27.361412364 Z
- _id: 2
  _time: 2025-05-16 06:07:27.371101858 Z
  _version: 0.10.1/0.42.0/
  since: 2025-04-18 06:07:27.371280813 Z
  what: quality-of-service
  when: 2025-05-16 06:07:27.371212845 Z
- _id: 3
  _time: 2025-05-16 06:07:27.373872917 Z
  _version: 0.10.1/0.42.0/
  since: 2025-04-18 06:07:27.373975589 Z
  what: quantity-of-deliverables
  when: 2025-05-16 06:07:27.373952265 Z
