---
- added: 8
  cycles: 1
  deleted: 8
  inserted: 8
  seconds: 13.326431608
  version: 0.42.0
  what: judges-summary
  when: 2025-05-24 10:05:30.558709390 Z
- _id: 1
  _time: 2025-05-24 10:05:30.547047003 Z
  _version: 0.10.1/0.42.0/
  since: 2025-04-26 10:05:30.547229985 Z
  what: quantity-of-deliverables
  when: 2025-05-24 10:05:30.547192335 Z
- _id: 2
  _time: 2025-05-24 10:05:30.552287762 Z
  _version: 0.10.1/0.42.0/
  since: 2025-04-26 10:05:30.552426521 Z
  what: quality-of-service
  when: 2025-05-24 10:05:30.552392197 Z
- _id: 3
  _time: 2025-05-24 10:05:30.554606592 Z
  _version: 0.10.1/0.42.0/
  what: dimensions-of-terrain
  when: 2025-05-24 10:05:30.554684678 Z
