---
- added: 8
  cycles: 1
  deleted: 8
  inserted: 8
  seconds: 9.450231632
  version: 0.42.0
  what: judges-summary
  when: 2025-05-31 04:06:50.748648094 Z
- _id: 1
  _time: 2025-05-31 04:06:50.734809876 Z
  _version: 0.10.1/0.42.0/
  what: dimensions-of-terrain
  when: 2025-05-31 04:06:50.734991524 Z
- _id: 2
  _time: 2025-05-31 04:06:50.740415637 Z
  _version: 0.10.1/0.42.0/
  since: 2025-05-03 04:06:50.740562370 Z
  what: quality-of-service
  when: 2025-05-31 04:06:50.740527365 Z
- _id: 3
  _time: 2025-05-31 04:06:50.746670571 Z
  _version: 0.10.1/0.42.0/
  since: 2025-05-03 04:06:50.746790133 Z
  what: quantity-of-deliverables
  when: 2025-05-31 04:06:50.746763193 Z
