---
- added: 8
  cycles: 1
  deleted: 8
  inserted: 8
  seconds: 7.550970458
  version: 0.42.0
  what: judges-summary
  when: 2025-06-14 20:35:48.687895816 Z
- _id: 1
  _time: 2025-06-14 20:35:48.677746872 Z
  _version: 0.10.1/0.42.0/
  what: dimensions-of-terrain
  when: 2025-06-14 20:35:48.677894098 Z
- _id: 2
  _time: 2025-06-14 20:35:48.681921940 Z
  _version: 0.10.1/0.42.0/
  since: 2025-05-17 20:35:48.682086569 Z
  what: quality-of-service
  when: 2025-06-14 20:35:48.682052816 Z
- _id: 3
  _time: 2025-06-14 20:35:48.683850270 Z
  _version: 0.10.1/0.42.0/
  since: 2025-05-17 20:35:48.683948083 Z
  what: quantity-of-deliverables
  when: 2025-06-14 20:35:48.683925231 Z
