---
- added: 8
  cycles: 1
  deleted: 8
  inserted: 8
  seconds: 0.795337502
  version: 0.42.0
  what: judges-summary
  when: 2025-05-13 19:33:46.212365877 Z
- _id: 1
  _time: 2025-05-13 19:33:46.202496114 Z
  _version: 0.10.1/0.42.0/
  what: dimensions-of-terrain
  when: 2025-05-13 19:33:46.202650053 Z
- _id: 2
  _time: 2025-05-13 19:33:46.208508941 Z
  _version: 0.10.1/0.42.0/
  since: 2025-04-15 19:33:46.208667619 Z
  what: quality-of-service
  when: 2025-05-13 19:33:46.208632243 Z
- _id: 3
  _time: 2025-05-13 19:33:46.210427766 Z
  _version: 0.10.1/0.42.0/
  since: 2025-04-15 19:33:46.210538785 Z
  what: quantity-of-deliverables
  when: 2025-05-13 19:33:46.210512305 Z
