---
- added: 8
  cycles: 1
  deleted: 8
  inserted: 8
  seconds: 13.310338022
  version: 0.42.0
  what: judges-summary
  when: 2025-05-28 21:05:05.955186392 Z
- _id: 1
  _time: 2025-05-28 21:05:05.945786810 Z
  _version: 0.10.1/0.42.0/
  since: 2025-04-30 21:05:05.945973881 Z
  what: quality-of-service
  when: 2025-05-28 21:05:05.945936421 Z
- _id: 2
  _time: 2025-05-28 21:05:05.947571735 Z
  _version: 0.10.1/0.42.0/
  what: dimensions-of-terrain
  when: 2025-05-28 21:05:05.947648169 Z
- _id: 3
  _time: 2025-05-28 21:05:05.949095126 Z
  _version: 0.10.1/0.42.0/
  since: 2025-04-30 21:05:05.949193200 Z
  what: quantity-of-deliverables
  when: 2025-05-28 21:05:05.949170006 Z
