---
- added: 8
  cycles: 1
  deleted: 8
  inserted: 8
  seconds: 6.806680592
  version: 0.42.0
  what: judges-summary
  when: 2025-05-23 01:33:04.998504674 Z
- _id: 1
  _time: 2025-05-23 01:33:04.992592332 Z
  _version: 0.10.1/0.42.0/
  since: 2025-04-25 01:33:04.992797124 Z
  what: quality-of-service
  when: 2025-05-23 01:33:04.992759404 Z
- _id: 2
  _time: 2025-05-23 01:33:04.995039518 Z
  _version: 0.10.1/0.42.0/
  what: dimensions-of-terrain
  when: 2025-05-23 01:33:04.995117053 Z
- _id: 3
  _time: 2025-05-23 01:33:04.997549292 Z
  _version: 0.10.1/0.42.0/
  since: 2025-04-25 01:33:04.997646503 Z
  what: quantity-of-deliverables
  when: 2025-05-23 01:33:04.997624382 Z
