---
- added: 8
  cycles: 1
  deleted: 8
  inserted: 8
  seconds: 7.447285039
  version: 0.42.0
  what: judges-summary
  when: 2025-05-16 12:08:50.024694427 Z
- _id: 1
  _time: 2025-05-16 12:08:50.013055920 Z
  _version: 0.10.1/0.42.0/
  since: 2025-04-18 12:08:50.013247863 Z
  what: quality-of-service
  when: 2025-05-16 12:08:50.013210984 Z
- _id: 2
  _time: 2025-05-16 12:08:50.015514781 Z
  _version: 0.10.1/0.42.0/
  since: 2025-04-18 12:08:50.015611714 Z
  what: quantity-of-deliverables
  when: 2025-05-16 12:08:50.015589132 Z
- _id: 3
  _time: 2025-05-16 12:08:50.020354277 Z
  _version: 0.10.1/0.42.0/
  what: dimensions-of-terrain
  when: 2025-05-16 12:08:50.020431093 Z
