---
- added: 8
  cycles: 1
  deleted: 8
  inserted: 8
  seconds: 12.005558369
  version: 0.42.0
  what: judges-summary
  when: 2025-06-07 22:36:57.964476719 Z
- _id: 1
  _time: 2025-06-07 22:36:57.951552880 Z
  _version: 0.10.1/0.42.0/
  since: 2025-05-10 22:36:57.951740141 Z
  what: quantity-of-deliverables
  when: 2025-06-07 22:36:57.951701459 Z
- _id: 2
  _time: 2025-06-07 22:36:57.956722810 Z
  _version: 0.10.1/0.42.0/
  since: 2025-05-10 22:36:57.956858825 Z
  what: quality-of-service
  when: 2025-06-07 22:36:57.956825893 Z
- _id: 3
  _time: 2025-06-07 22:36:57.960672626 Z
  _version: 0.10.1/0.42.0/
  what: dimensions-of-terrain
  when: 2025-06-07 22:36:57.960751033 Z
