---
- added: 8
  cycles: 1
  deleted: 8
  inserted: 8
  seconds: 10.556929334
  version: 0.42.0
  what: judges-summary
  when: 2025-06-04 12:08:40.103510925 Z
- _id: 1
  _time: 2025-06-04 12:08:40.093730298 Z
  _version: 0.10.1/0.42.0/
  since: 2025-05-07 12:08:40.093963302 Z
  what: quality-of-service
  when: 2025-06-04 12:08:40.093924359 Z
- _id: 2
  _time: 2025-06-04 12:08:40.097160771 Z
  _version: 0.10.1/0.42.0/
  since: 2025-05-07 12:08:40.097259224 Z
  what: quantity-of-deliverables
  when: 2025-06-04 12:08:40.097236572 Z
- _id: 3
  _time: 2025-06-04 12:08:40.099237140 Z
  _version: 0.10.1/0.42.0/
  what: dimensions-of-terrain
  when: 2025-06-04 12:08:40.099312892 Z
