---
- added: 8
  cycles: 1
  deleted: 8
  inserted: 8
  seconds: 9.994496114
  version: 0.42.0
  what: judges-summary
  when: 2025-05-30 08:06:52.620879471 Z
- _id: 1
  _time: 2025-05-30 08:06:52.610049205 Z
  _version: 0.10.1/0.42.0/
  since: 2025-05-02 08:06:52.610236455 Z
  what: quality-of-service
  when: 2025-05-30 08:06:52.610197422 Z
- _id: 2
  _time: 2025-05-30 08:06:52.616590417 Z
  _version: 0.10.1/0.42.0/
  since: 2025-05-02 08:06:52.616690884 Z
  what: quantity-of-deliverables
  when: 2025-05-30 08:06:52.616667441 Z
- _id: 3
  _time: 2025-05-30 08:06:52.619975050 Z
  _version: 0.10.1/0.42.0/
  what: dimensions-of-terrain
  when: 2025-05-30 08:06:52.620055661 Z
