---
- added: 8
  cycles: 1
  deleted: 8
  inserted: 8
  seconds: 7.762013668
  version: 0.42.0
  what: judges-summary
  when: 2025-05-30 17:04:55.825872936 Z
- _id: 1
  _time: 2025-05-30 17:04:55.812841397 Z
  _version: 0.10.1/0.42.0/
  what: dimensions-of-terrain
  when: 2025-05-30 17:04:55.812993173 Z
- _id: 2
  _time: 2025-05-30 17:04:55.816936790 Z
  _version: 0.10.1/0.42.0/
  since: 2025-05-02 17:04:55.817077444 Z
  what: quantity-of-deliverables
  when: 2025-05-30 17:04:55.817041747 Z
- _id: 3
  _time: 2025-05-30 17:04:55.819530257 Z
  _version: 0.10.1/0.42.0/
  since: 2025-05-02 17:04:55.819668167 Z
  what: quality-of-service
  when: 2025-05-30 17:04:55.819634183 Z
