---
- added: 8
  cycles: 1
  deleted: 8
  inserted: 8
  seconds: 17.087363323
  version: 0.42.0
  what: judges-summary
  when: 2025-05-26 22:05:24.209073605 Z
- _id: 1
  _time: 2025-05-26 22:05:24.202123398 Z
  _version: 0.10.1/0.42.0/
  since: 2025-04-28 22:05:24.202304165 Z
  what: quality-of-service
  when: 2025-05-26 22:05:24.202266265 Z
- _id: 2
  _time: 2025-05-26 22:05:24.203966516 Z
  _version: 0.10.1/0.42.0/
  since: 2025-04-28 22:05:24.204063327 Z
  what: quantity-of-deliverables
  when: 2025-05-26 22:05:24.204040655 Z
- _id: 3
  _time: 2025-05-26 22:05:24.205184738 Z
  _version: 0.10.1/0.42.0/
  what: dimensions-of-terrain
  when: 2025-05-26 22:05:24.205260540 Z
