---
- added: 8
  cycles: 1
  deleted: 8
  inserted: 8
  seconds: 7.778271689
  version: 0.42.0
  what: judges-summary
  when: 2025-05-19 04:10:35.892306987 Z
- _id: 1
  _time: 2025-05-19 04:10:35.878425825 Z
  _version: 0.10.1/0.42.0/
  since: 2025-04-21 04:10:35.878652839 Z
  what: quantity-of-deliverables
  when: 2025-05-19 04:10:35.878613556 Z
- _id: 2
  _time: 2025-05-19 04:10:35.887060265 Z
  _version: 0.10.1/0.42.0/
  what: dimensions-of-terrain
  when: 2025-05-19 04:10:35.887246022 Z
- _id: 3
  _time: 2025-05-19 04:10:35.888858872 Z
  _version: 0.10.1/0.42.0/
  since: 2025-04-21 04:10:35.888996209 Z
  what: quality-of-service
  when: 2025-05-19 04:10:35.888963678 Z
