---
- added: 8
  cycles: 1
  deleted: 8
  inserted: 8
  seconds: 8.221936909
  version: 0.42.0
  what: judges-summary
  when: 2025-05-28 15:05:43.591055144 Z
- _id: 1
  _time: 2025-05-28 15:05:43.578101487 Z
  _version: 0.10.1/0.42.0/
  since: 2025-04-30 15:05:43.578288997 Z
  what: quantity-of-deliverables
  when: 2025-05-28 15:05:43.578248010 Z
- _id: 2
  _time: 2025-05-28 15:05:43.585010751 Z
  _version: 0.10.1/0.42.0/
  since: 2025-04-30 15:05:43.585164218 Z
  what: quality-of-service
  when: 2025-05-28 15:05:43.585131066 Z
- _id: 3
  _time: 2025-05-28 15:05:43.587332320 Z
  _version: 0.10.1/0.42.0/
  what: dimensions-of-terrain
  when: 2025-05-28 15:05:43.587412169 Z
