---
- added: 8
  cycles: 1
  deleted: 8
  inserted: 8
  seconds: 8.583947852
  version: 0.42.0
  what: judges-summary
  when: 2025-05-21 16:40:39.164986711 Z
- _id: 1
  _time: 2025-05-21 16:40:39.152287699 Z
  _version: 0.10.1/0.42.0/
  since: 2025-04-23 16:40:39.152473195 Z
  what: quantity-of-deliverables
  when: 2025-05-21 16:40:39.152436407 Z
- _id: 2
  _time: 2025-05-21 16:40:39.161515137 Z
  _version: 0.10.1/0.42.0/
  what: dimensions-of-terrain
  when: 2025-05-21 16:40:39.161624060 Z
- _id: 3
  _time: 2025-05-21 16:40:39.162985298 Z
  _version: 0.10.1/0.42.0/
  since: 2025-04-23 16:40:39.163117826 Z
  what: quality-of-service
  when: 2025-05-21 16:40:39.163086217 Z
