---
- added: 8
  cycles: 1
  deleted: 8
  inserted: 8
  seconds: 9.836507295
  version: 0.42.0
  what: judges-summary
  when: 2025-06-09 23:05:32.063913380 Z
- _id: 1
  _time: 2025-06-09 23:05:32.051068980 Z
  _version: 0.10.1/0.42.0/
  since: 2025-05-12 23:05:32.051299521 Z
  what: quantity-of-deliverables
  when: 2025-06-09 23:05:32.051213270 Z
- _id: 2
  _time: 2025-06-09 23:05:32.055691572 Z
  _version: 0.10.1/0.42.0/
  what: dimensions-of-terrain
  when: 2025-06-09 23:05:32.055796028 Z
- _id: 3
  _time: 2025-06-09 23:05:32.057782190 Z
  _version: 0.10.1/0.42.0/
  since: 2025-05-12 23:05:32.057914528 Z
  what: quality-of-service
  when: 2025-06-09 23:05:32.057881597 Z
