---
- added: 8
  cycles: 1
  deleted: 8
  inserted: 8
  seconds: 8.20395509
  version: 0.42.0
  what: judges-summary
  when: 2025-06-09 14:38:58.260493518 Z
- _id: 1
  _time: 2025-06-09 14:38:58.250897030 Z
  _version: 0.10.1/0.42.0/
  since: 2025-05-12 14:38:58.251088590 Z
  what: quantity-of-deliverables
  when: 2025-06-09 14:38:58.251050869 Z
- _id: 2
  _time: 2025-06-09 14:38:58.257031744 Z
  _version: 0.10.1/0.42.0/
  since: 2025-05-12 14:38:58.257169323 Z
  what: quality-of-service
  when: 2025-06-09 14:38:58.257136632 Z
- _id: 3
  _time: 2025-06-09 14:38:58.258560962 Z
  _version: 0.10.1/0.42.0/
  what: dimensions-of-terrain
  when: 2025-06-09 14:38:58.258641313 Z
