---
- added: 8
  cycles: 1
  deleted: 8
  inserted: 8
  seconds: 7.458511631
  version: 0.42.0
  what: judges-summary
  when: 2025-05-18 00:49:27.444441558 Z
- _id: 1
  _time: 2025-05-18 00:49:27.430707460 Z
  _version: 0.10.1/0.42.0/
  what: dimensions-of-terrain
  when: 2025-05-18 00:49:27.430858853 Z
- _id: 2
  _time: 2025-05-18 00:49:27.434717969 Z
  _version: 0.10.1/0.42.0/
  since: 2025-04-20 00:49:27.434855426 Z
  what: quantity-of-deliverables
  when: 2025-05-18 00:49:27.434822675 Z
- _id: 3
  _time: 2025-05-18 00:49:27.437219821 Z
  _version: 0.10.1/0.42.0/
  since: 2025-04-20 00:49:27.437358670 Z
  what: quality-of-service
  when: 2025-05-18 00:49:27.437325789 Z
