---
- added: 8
  cycles: 1
  deleted: 8
  inserted: 8
  seconds: 8.704407581
  version: 0.42.0
  what: judges-summary
  when: 2025-05-15 08:40:07.823727218 Z
- _id: 1
  _time: 2025-05-15 08:40:07.814755851 Z
  _version: 0.10.1/0.42.0/
  since: 2025-04-17 08:40:07.814939196 Z
  what: quantity-of-deliverables
  when: 2025-05-15 08:40:07.814901835 Z
- _id: 2
  _time: 2025-05-15 08:40:07.820162746 Z
  _version: 0.10.1/0.42.0/
  what: dimensions-of-terrain
  when: 2025-05-15 08:40:07.820267493 Z
- _id: 3
  _time: 2025-05-15 08:40:07.821526324 Z
  _version: 0.10.1/0.42.0/
  since: 2025-04-17 08:40:07.821665265 Z
  what: quality-of-service
  when: 2025-05-15 08:40:07.821631982 Z
