---
- added: 8
  cycles: 1
  deleted: 8
  inserted: 8
  seconds: 9.797977976
  version: 0.42.0
  what: judges-summary
  when: 2025-05-30 21:34:23.128232034 Z
- _id: 1
  _time: 2025-05-30 21:34:23.118794946 Z
  _version: 0.10.1/0.42.0/
  since: 2025-05-02 21:34:23.118980284 Z
  what: quality-of-service
  when: 2025-05-30 21:34:23.118942413 Z
- _id: 2
  _time: 2025-05-30 21:34:23.122118643 Z
  _version: 0.10.1/0.42.0/
  what: dimensions-of-terrain
  when: 2025-05-30 21:34:23.122207049 Z
- _id: 3
  _time: 2025-05-30 21:34:23.126413880 Z
  _version: 0.10.1/0.42.0/
  since: 2025-05-02 21:34:23.126515500 Z
  what: quantity-of-deliverables
  when: 2025-05-30 21:34:23.126491705 Z
