---
- added: 8
  cycles: 1
  deleted: 8
  inserted: 8
  seconds: 7.809680906
  version: 0.42.0
  what: judges-summary
  when: 2025-05-31 16:05:28.649450203 Z
- _id: 1
  _time: 2025-05-31 16:05:28.643678236 Z
  _version: 0.10.1/0.42.0/
  since: 2025-05-03 16:05:28.643858103 Z
  what: quantity-of-deliverables
  when: 2025-05-31 16:05:28.643821855 Z
- _id: 2
  _time: 2025-05-31 16:05:28.645015177 Z
  _version: 0.10.1/0.42.0/
  what: dimensions-of-terrain
  when: 2025-05-31 16:05:28.645114903 Z
- _id: 3
  _time: 2025-05-31 16:05:28.647058438 Z
  _version: 0.10.1/0.42.0/
  since: 2025-05-03 16:05:28.647188853 Z
  what: quality-of-service
  when: 2025-05-31 16:05:28.647157424 Z
