---
- added: 8
  cycles: 1
  deleted: 8
  inserted: 8
  seconds: 13.638996422
  version: 0.42.0
  what: judges-summary
  when: 2025-05-12 02:35:28.016322747 Z
- _id: 1
  _time: 2025-05-12 02:35:28.009080656 Z
  _version: 0.10.1/0.42.0/
  since: 2025-04-14 02:35:28.009259459 Z
  what: quality-of-service
  when: 2025-05-12 02:35:28.009223081 Z
- _id: 2
  _time: 2025-05-12 02:35:28.010679013 Z
  _version: 0.10.1/0.42.0/
  what: dimensions-of-terrain
  when: 2025-05-12 02:35:28.010757058 Z
- _id: 3
  _time: 2025-05-12 02:35:28.015360244 Z
  _version: 0.10.1/0.42.0/
  since: 2025-04-14 02:35:28.015459188 Z
  what: quantity-of-deliverables
  when: 2025-05-12 02:35:28.015436336 Z
