---
- added: 8
  cycles: 1
  deleted: 8
  inserted: 8
  seconds: 7.377246543
  version: 0.42.0
  what: judges-summary
  when: 2025-06-10 07:05:46.826548299 Z
- _id: 1
  _time: 2025-06-10 07:05:46.816037565 Z
  _version: 0.10.1/0.42.0/
  since: 2025-05-13 07:05:46.816220918 Z
  what: quality-of-service
  when: 2025-06-10 07:05:46.816184370 Z
- _id: 2
  _time: 2025-06-10 07:05:46.822186034 Z
  _version: 0.10.1/0.42.0/
  since: 2025-05-13 07:05:46.822284729 Z
  what: quantity-of-deliverables
  when: 2025-06-10 07:05:46.822261946 Z
- _id: 3
  _time: 2025-06-10 07:05:46.823395586 Z
  _version: 0.10.1/0.42.0/
  what: dimensions-of-terrain
  when: 2025-06-10 07:05:46.823469664 Z
