---
- added: 8
  cycles: 1
  deleted: 8
  inserted: 8
  seconds: 17.093041412
  version: 0.42.0
  what: judges-summary
  when: 2025-05-17 02:33:17.767776391 Z
- _id: 1
  _time: 2025-05-17 02:33:17.756852903 Z
  _version: 0.10.1/0.42.0/
  what: dimensions-of-terrain
  when: 2025-05-17 02:33:17.756996722 Z
- _id: 2
  _time: 2025-05-17 02:33:17.763061241 Z
  _version: 0.10.1/0.42.0/
  since: 2025-04-19 02:33:17.763226530 Z
  what: quality-of-service
  when: 2025-05-17 02:33:17.763191625 Z
- _id: 3
  _time: 2025-05-17 02:33:17.766890770 Z
  _version: 0.10.1/0.42.0/
  since: 2025-04-19 02:33:17.766988483 Z
  what: quantity-of-deliverables
  when: 2025-05-17 02:33:17.766965961 Z
