---
- added: 8
  cycles: 1
  deleted: 8
  inserted: 8
  seconds: 7.695663392
  version: 0.42.0
  what: judges-summary
  when: 2025-06-03 03:25:48.891748907 Z
- _id: 1
  _time: 2025-06-03 03:25:48.880593882 Z
  _version: 0.10.1/0.42.0/
  what: dimensions-of-terrain
  when: 2025-06-03 03:25:48.880746688 Z
- _id: 2
  _time: 2025-06-03 03:25:48.886589037 Z
  _version: 0.10.1/0.42.0/
  since: 2025-05-06 03:25:48.886729520 Z
  what: quality-of-service
  when: 2025-06-03 03:25:48.886696408 Z
- _id: 3
  _time: 2025-06-03 03:25:48.888480636 Z
  _version: 0.10.1/0.42.0/
  since: 2025-05-06 03:25:48.888580242 Z
  what: quantity-of-deliverables
  when: 2025-06-03 03:25:48.888557550 Z
