---
- added: 8
  cycles: 1
  deleted: 8
  inserted: 8
  seconds: 8.628761199
  version: 0.42.0
  what: judges-summary
  when: 2025-06-06 20:06:02.418831867 Z
- _id: 1
  _time: 2025-06-06 20:06:02.406252256 Z
  _version: 0.10.1/0.42.0/
  since: 2025-05-09 20:06:02.406473862 Z
  what: quality-of-service
  when: 2025-06-06 20:06:02.406434789 Z
- _id: 2
  _time: 2025-06-06 20:06:02.408845154 Z
  _version: 0.10.1/0.42.0/
  since: 2025-05-09 20:06:02.408943018 Z
  what: quantity-of-deliverables
  when: 2025-06-06 20:06:02.408920686 Z
- _id: 3
  _time: 2025-06-06 20:06:02.412500699 Z
  _version: 0.10.1/0.42.0/
  what: dimensions-of-terrain
  when: 2025-06-06 20:06:02.412657564 Z
