---
- added: 8
  cycles: 1
  deleted: 8
  inserted: 8
  seconds: 9.69183655
  version: 0.42.0
  what: judges-summary
  when: 2025-06-15 05:05:43.625273157 Z
- _id: 1
  _time: 2025-06-15 05:05:43.620943365 Z
  _version: 0.10.1/0.42.0/
  since: 2025-05-18 05:05:43.621166940 Z
  what: quantity-of-deliverables
  when: 2025-06-15 05:05:43.621090408 Z
- _id: 2
  _time: 2025-06-15 05:05:43.622554058 Z
  _version: 0.10.1/0.42.0/
  since: 2025-05-18 05:05:43.622693166 Z
  what: quality-of-service
  when: 2025-06-15 05:05:43.622659133 Z
- _id: 3
  _time: 2025-06-15 05:05:43.624237504 Z
  _version: 0.10.1/0.42.0/
  what: dimensions-of-terrain
  when: 2025-06-15 05:05:43.624317132 Z
