---
- added: 8
  cycles: 1
  deleted: 8
  inserted: 8
  seconds: 9.685626152
  version: 0.42.0
  what: judges-summary
  when: 2025-05-28 23:05:31.534775614 Z
- _id: 1
  _time: 2025-05-28 23:05:31.526270165 Z
  _version: 0.10.1/0.42.0/
  since: 2025-04-30 23:05:31.526452222 Z
  what: quality-of-service
  when: 2025-05-28 23:05:31.526414933 Z
- _id: 2
  _time: 2025-05-28 23:05:31.528748820 Z
  _version: 0.10.1/0.42.0/
  since: 2025-04-30 23:05:31.528882318 Z
  what: quantity-of-deliverables
  when: 2025-05-28 23:05:31.528855368 Z
- _id: 3
  _time: 2025-05-28 23:05:31.532071311 Z
  _version: 0.10.1/0.42.0/
  what: dimensions-of-terrain
  when: 2025-05-28 23:05:31.532148403 Z
