---
- added: 8
  cycles: 1
  deleted: 8
  inserted: 8
  seconds: 6.612235612
  version: 0.42.0
  what: judges-summary
  when: 2025-05-31 23:34:53.047200424 Z
- _id: 1
  _time: 2025-05-31 23:34:53.043089167 Z
  _version: 0.10.1/0.42.0/
  since: 2025-05-03 23:34:53.043275176 Z
  what: quantity-of-deliverables
  when: 2025-05-31 23:34:53.043237595 Z
- _id: 2
  _time: 2025-05-31 23:34:53.044366642 Z
  _version: 0.10.1/0.42.0/
  what: dimensions-of-terrain
  when: 2025-05-31 23:34:53.044467381 Z
- _id: 3
  _time: 2025-05-31 23:34:53.045789388 Z
  _version: 0.10.1/0.42.0/
  since: 2025-05-03 23:34:53.045924321 Z
  what: quality-of-service
  when: 2025-05-31 23:34:53.045891530 Z
