---
- added: 8
  cycles: 1
  deleted: 8
  inserted: 8
  seconds: 13.28908895
  version: 0.42.0
  what: judges-summary
  when: 2025-06-02 11:05:15.095878727 Z
- _id: 1
  _time: 2025-06-02 11:05:15.085612947 Z
  _version: 0.10.1/0.42.0/
  since: 2025-05-05 11:05:15.085794395 Z
  what: quality-of-service
  when: 2025-06-02 11:05:15.085756715 Z
- _id: 2
  _time: 2025-06-02 11:05:15.089970455 Z
  _version: 0.10.1/0.42.0/
  what: dimensions-of-terrain
  when: 2025-06-02 11:05:15.090048852 Z
- _id: 3
  _time: 2025-06-02 11:05:15.092535615 Z
  _version: 0.10.1/0.42.0/
  since: 2025-05-05 11:05:15.092636523 Z
  what: quantity-of-deliverables
  when: 2025-06-02 11:05:15.092613079 Z
