---
- added: 8
  cycles: 1
  deleted: 8
  inserted: 8
  seconds: 10.031165264
  version: 0.42.0
  what: judges-summary
  when: 2025-05-13 10:06:00.670608386 Z
- _id: 1
  _time: 2025-05-13 10:06:00.659052052 Z
  _version: 0.10.1/0.42.0/
  what: dimensions-of-terrain
  when: 2025-05-13 10:06:00.659196251 Z
- _id: 2
  _time: 2025-05-13 10:06:00.664964494 Z
  _version: 0.10.1/0.42.0/
  since: 2025-04-15 10:06:00.665122950 Z
  what: quantity-of-deliverables
  when: 2025-05-13 10:06:00.665084628 Z
- _id: 3
  _time: 2025-05-13 10:06:00.669331241 Z
  _version: 0.10.1/0.42.0/
  since: 2025-04-15 10:06:00.669513090 Z
  what: quality-of-service
  when: 2025-05-13 10:06:00.669473967 Z
