---
- added: 8
  cycles: 1
  deleted: 8
  inserted: 8
  seconds: 9.679457329
  version: 0.42.0
  what: judges-summary
  when: 2025-05-24 15:04:45.651670891 Z
- _id: 1
  _time: 2025-05-24 15:04:45.641118145 Z
  _version: 0.10.1/0.42.0/
  since: 2025-04-26 15:04:45.641299485 Z
  what: quantity-of-deliverables
  when: 2025-05-24 15:04:45.641262766 Z
- _id: 2
  _time: 2025-05-24 15:04:45.646879377 Z
  _version: 0.10.1/0.42.0/
  what: dimensions-of-terrain
  when: 2025-05-24 15:04:45.646983702 Z
- _id: 3
  _time: 2025-05-24 15:04:45.648388048 Z
  _version: 0.10.1/0.42.0/
  since: 2025-04-26 15:04:45.648562736 Z
  what: quality-of-service
  when: 2025-05-24 15:04:45.648529724 Z
