---
- added: 8
  cycles: 1
  deleted: 8
  inserted: 8
  seconds: 17.81030951
  version: 0.42.0
  what: judges-summary
  when: 2025-06-10 10:39:51.513861327 Z
- _id: 1
  _time: 2025-06-10 10:39:51.505906995 Z
  _version: 0.10.1/0.42.0/
  since: 2025-05-13 10:39:51.506211827 Z
  what: quantity-of-deliverables
  when: 2025-06-10 10:39:51.506144331 Z
- _id: 2
  _time: 2025-06-10 10:39:51.510252309 Z
  _version: 0.10.1/0.42.0/
  since: 2025-05-13 10:39:51.510386130 Z
  what: quality-of-service
  when: 2025-06-10 10:39:51.510354040 Z
- _id: 3
  _time: 2025-06-10 10:39:51.512982659 Z
  _version: 0.10.1/0.42.0/
  what: dimensions-of-terrain
  when: 2025-06-10 10:39:51.513060364 Z
