---
- added: 8
  cycles: 1
  deleted: 8
  inserted: 8
  seconds: 10.111180765
  version: 0.42.0
  what: judges-summary
  when: 2025-05-20 10:05:55.281435232 Z
- _id: 1
  _time: 2025-05-20 10:05:55.267642040 Z
  _version: 0.10.1/0.42.0/
  what: dimensions-of-terrain
  when: 2025-05-20 10:05:55.267803532 Z
- _id: 2
  _time: 2025-05-20 10:05:55.271835457 Z
  _version: 0.10.1/0.42.0/
  since: 2025-04-22 10:05:55.272008911 Z
  what: quantity-of-deliverables
  when: 2025-05-20 10:05:55.271968495 Z
- _id: 3
  _time: 2025-05-20 10:05:55.276123360 Z
  _version: 0.10.1/0.42.0/
  since: 2025-04-22 10:05:55.276261949 Z
  what: quality-of-service
  when: 2025-05-20 10:05:55.276227865 Z
