---
- added: 8
  cycles: 1
  deleted: 8
  inserted: 8
  seconds: 13.769176716
  version: 0.42.0
  what: judges-summary
  when: 2025-05-22 12:46:41.349680835 Z
- _id: 1
  _time: 2025-05-22 12:46:41.338233123 Z
  _version: 0.10.1/0.42.0/
  since: 2025-04-24 12:46:41.338421335 Z
  what: quality-of-service
  when: 2025-05-22 12:46:41.338382262 Z
- _id: 2
  _time: 2025-05-22 12:46:41.346750927 Z
  _version: 0.10.1/0.42.0/
  what: dimensions-of-terrain
  when: 2025-05-22 12:46:41.346830446 Z
- _id: 3
  _time: 2025-05-22 12:46:41.348817448 Z
  _version: 0.10.1/0.42.0/
  since: 2025-04-24 12:46:41.348919339 Z
  what: quantity-of-deliverables
  when: 2025-05-22 12:46:41.348895083 Z
