---
- added: 8
  cycles: 1
  deleted: 8
  inserted: 8
  seconds: 8.091945002
  version: 0.42.0
  what: judges-summary
  when: 2025-06-10 18:41:45.056672692 Z
- _id: 1
  _time: 2025-06-10 18:41:45.049240177 Z
  _version: 0.10.1/0.42.0/
  what: dimensions-of-terrain
  when: 2025-06-10 18:41:45.049389505 Z
- _id: 2
  _time: 2025-06-10 18:41:45.051512611 Z
  _version: 0.10.1/0.42.0/
  since: 2025-05-13 18:41:45.051645589 Z
  what: quantity-of-deliverables
  when: 2025-06-10 18:41:45.051613249 Z
- _id: 3
  _time: 2025-06-10 18:41:45.054516604 Z
  _version: 0.10.1/0.42.0/
  since: 2025-05-13 18:41:45.054649602 Z
  what: quality-of-service
  when: 2025-06-10 18:41:45.054619106 Z
