---
- added: 8
  cycles: 1
  deleted: 8
  inserted: 8
  seconds: 9.848887007
  version: 0.42.0
  what: judges-summary
  when: 2025-05-17 09:05:06.302874582 Z
- _id: 1
  _time: 2025-05-17 09:05:06.291182360 Z
  _version: 0.10.1/0.42.0/
  since: 2025-04-19 09:05:06.291376333 Z
  what: quality-of-service
  when: 2025-05-17 09:05:06.291338182 Z
- _id: 2
  _time: 2025-05-17 09:05:06.299198586 Z
  _version: 0.10.1/0.42.0/
  since: 2025-04-19 09:05:06.299303924 Z
  what: quantity-of-deliverables
  when: 2025-05-17 09:05:06.299280740 Z
- _id: 3
  _time: 2025-05-17 09:05:06.301942848 Z
  _version: 0.10.1/0.42.0/
  what: dimensions-of-terrain
  when: 2025-05-17 09:05:06.302021074 Z
