---
- added: 8
  cycles: 1
  deleted: 8
  inserted: 8
  seconds: 9.401974421
  version: 0.42.0
  what: judges-summary
  when: 2025-05-31 07:34:17.701795161 Z
- _id: 1
  _time: 2025-05-31 07:34:17.695822966 Z
  _version: 0.10.1/0.42.0/
  since: 2025-05-03 07:34:17.696016589 Z
  what: quantity-of-deliverables
  when: 2025-05-31 07:34:17.695978227 Z
- _id: 2
  _time: 2025-05-31 07:34:17.697835506 Z
  _version: 0.10.1/0.42.0/
  since: 2025-05-03 07:34:17.698104992 Z
  what: quality-of-service
  when: 2025-05-31 07:34:17.698039509 Z
- _id: 3
  _time: 2025-05-31 07:34:17.699920032 Z
  _version: 0.10.1/0.42.0/
  what: dimensions-of-terrain
  when: 2025-05-31 07:34:17.700047762 Z
