---
- added: 8
  cycles: 1
  deleted: 8
  inserted: 8
  seconds: 7.493232671
  version: 0.42.0
  what: judges-summary
  when: 2025-05-30 13:40:32.087673479 Z
- _id: 1
  _time: 2025-05-30 13:40:32.080908164 Z
  _version: 0.10.1/0.42.0/
  since: 2025-05-02 13:40:32.081101765 Z
  what: quality-of-service
  when: 2025-05-30 13:40:32.081062922 Z
- _id: 2
  _time: 2025-05-30 13:40:32.082509358 Z
  _version: 0.10.1/0.42.0/
  what: dimensions-of-terrain
  when: 2025-05-30 13:40:32.082584197 Z
- _id: 3
  _time: 2025-05-30 13:40:32.084736268 Z
  _version: 0.10.1/0.42.0/
  since: 2025-05-02 13:40:32.084833529 Z
  what: quantity-of-deliverables
  when: 2025-05-30 13:40:32.084810276 Z
