---
- added: 8
  cycles: 1
  deleted: 8
  inserted: 8
  seconds: 8.027670087
  version: 0.42.0
  what: judges-summary
  when: 2025-05-23 07:05:43.386509526 Z
- _id: 1
  _time: 2025-05-23 07:05:43.379513564 Z
  _version: 0.10.1/0.42.0/
  since: 2025-04-25 07:05:43.379719408 Z
  what: quality-of-service
  when: 2025-05-23 07:05:43.379682479 Z
- _id: 2
  _time: 2025-05-23 07:05:43.383129730 Z
  _version: 0.10.1/0.42.0/
  what: dimensions-of-terrain
  when: 2025-05-23 07:05:43.383208708 Z
- _id: 3
  _time: 2025-05-23 07:05:43.384504265 Z
  _version: 0.10.1/0.42.0/
  since: 2025-04-25 07:05:43.384639527 Z
  what: quantity-of-deliverables
  when: 2025-05-23 07:05:43.384614180 Z
