---
- added: 8
  cycles: 1
  deleted: 8
  inserted: 8
  seconds: 8.579047455
  version: 0.42.0
  what: judges-summary
  when: 2025-06-15 12:08:14.058592905 Z
- _id: 1
  _time: 2025-06-15 12:08:14.033100865 Z
  _version: 0.10.1/0.42.0/
  what: dimensions-of-terrain
  when: 2025-06-15 12:08:14.033301391 Z
- _id: 2
  _time: 2025-06-15 12:08:14.038617782 Z
  _version: 0.10.1/0.42.0/
  since: 2025-05-18 12:08:14.038815914 Z
  what: quality-of-service
  when: 2025-06-15 12:08:14.038767412 Z
- _id: 3
  _time: 2025-06-15 12:08:14.044442105 Z
  _version: 0.10.1/0.42.0/
  since: 2025-05-18 12:08:14.044588640 Z
  what: quantity-of-deliverables
  when: 2025-06-15 12:08:14.044553855 Z
