---
- added: 8
  cycles: 1
  deleted: 8
  inserted: 8
  seconds: 6.907802638
  version: 0.42.0
  what: judges-summary
  when: 2025-06-12 19:04:36.117978991 Z
- _id: 1
  _time: 2025-06-12 19:04:36.110408019 Z
  _version: 0.10.1/0.42.0/
  since: 2025-05-15 19:04:36.110587957 Z
  what: quality-of-service
  when: 2025-06-12 19:04:36.110551398 Z
- _id: 2
  _time: 2025-06-12 19:04:36.112194911 Z
  _version: 0.10.1/0.42.0/
  since: 2025-05-15 19:04:36.112289027 Z
  what: quantity-of-deliverables
  when: 2025-06-12 19:04:36.112267357 Z
- _id: 3
  _time: 2025-06-12 19:04:36.114187982 Z
  _version: 0.10.1/0.42.0/
  what: dimensions-of-terrain
  when: 2025-06-12 19:04:36.114261780 Z
