---
- added: 8
  cycles: 1
  deleted: 8
  inserted: 8
  seconds: 7.279432532
  version: 0.42.0
  what: judges-summary
  when: 2025-06-13 21:35:48.407082106 Z
- _id: 1
  _time: 2025-06-13 21:35:48.401457667 Z
  _version: 0.10.1/0.42.0/
  since: 2025-05-16 21:35:48.401639769 Z
  what: quantity-of-deliverables
  when: 2025-06-13 21:35:48.401603220 Z
- _id: 2
  _time: 2025-06-13 21:35:48.403921388 Z
  _version: 0.10.1/0.42.0/
  since: 2025-05-16 21:35:48.404054618 Z
  what: quality-of-service
  when: 2025-06-13 21:35:48.404022267 Z
- _id: 3
  _time: 2025-06-13 21:35:48.406227780 Z
  _version: 0.10.1/0.42.0/
  what: dimensions-of-terrain
  when: 2025-06-13 21:35:48.406307670 Z
