---
- added: 8
  cycles: 1
  deleted: 8
  inserted: 8
  seconds: 7.957489104
  version: 0.42.0
  what: judges-summary
  when: 2025-06-01 11:04:37.303978404 Z
- _id: 1
  _time: 2025-06-01 11:04:37.293851867 Z
  _version: 0.10.1/0.42.0/
  since: 2025-05-04 11:04:37.294041843 Z
  what: quality-of-service
  when: 2025-06-01 11:04:37.294003301 Z
- _id: 2
  _time: 2025-06-01 11:04:37.298299425 Z
  _version: 0.10.1/0.42.0/
  what: dimensions-of-terrain
  when: 2025-06-01 11:04:37.298378923 Z
- _id: 3
  _time: 2025-06-01 11:04:37.302203291 Z
  _version: 0.10.1/0.42.0/
  since: 2025-05-04 11:04:37.302389890 Z
  what: quantity-of-deliverables
  when: 2025-06-01 11:04:37.302347941 Z
