---
- added: 8
  cycles: 1
  deleted: 8
  inserted: 8
  seconds: 9.939373127
  version: 0.42.0
  what: judges-summary
  when: 2025-06-13 05:05:45.540468581 Z
- _id: 1
  _time: 2025-06-13 05:05:45.527560587 Z
  _version: 0.10.1/0.42.0/
  since: 2025-05-16 05:05:45.527739073 Z
  what: quantity-of-deliverables
  when: 2025-06-13 05:05:45.527702054 Z
- _id: 2
  _time: 2025-06-13 05:05:45.531188917 Z
  _version: 0.10.1/0.42.0/
  what: dimensions-of-terrain
  when: 2025-06-13 05:05:45.531292883 Z
- _id: 3
  _time: 2025-06-13 05:05:45.534929184 Z
  _version: 0.10.1/0.42.0/
  since: 2025-05-16 05:05:45.535068637 Z
  what: quality-of-service
  when: 2025-06-13 05:05:45.535035645 Z
