---
- added: 8
  cycles: 1
  deleted: 8
  inserted: 8
  seconds: 10.616543933
  version: 0.42.0
  what: judges-summary
  when: 2025-06-09 14:05:42.422874050 Z
- _id: 1
  _time: 2025-06-09 14:05:42.413962256 Z
  _version: 0.10.1/0.42.0/
  since: 2025-05-12 14:05:42.414143605 Z
  what: quality-of-service
  when: 2025-06-09 14:05:42.414105634 Z
- _id: 2
  _time: 2025-06-09 14:05:42.419520516 Z
  _version: 0.10.1/0.42.0/
  what: dimensions-of-terrain
  when: 2025-06-09 14:05:42.419601607 Z
- _id: 3
  _time: 2025-06-09 14:05:42.420879747 Z
  _version: 0.10.1/0.42.0/
  since: 2025-05-12 14:05:42.421025039 Z
  what: quantity-of-deliverables
  when: 2025-06-09 14:05:42.420991907 Z
