---
- added: 8
  cycles: 1
  deleted: 8
  inserted: 8
  seconds: 8.072511877
  version: 0.42.0
  what: judges-summary
  when: 2025-05-22 17:36:20.221890397 Z
- _id: 1
  _time: 2025-05-22 17:36:20.210901202 Z
  _version: 0.10.1/0.42.0/
  what: dimensions-of-terrain
  when: 2025-05-22 17:36:20.211071058 Z
- _id: 2
  _time: 2025-05-22 17:36:20.216169823 Z
  _version: 0.10.1/0.42.0/
  since: 2025-04-24 17:36:20.216407917 Z
  what: quality-of-service
  when: 2025-05-22 17:36:20.216366520 Z
- _id: 3
  _time: 2025-05-22 17:36:20.220939554 Z
  _version: 0.10.1/0.42.0/
  since: 2025-04-24 17:36:20.221036585 Z
  what: quantity-of-deliverables
  when: 2025-05-22 17:36:20.221014144 Z
