---
- added: 8
  cycles: 1
  deleted: 8
  inserted: 8
  seconds: 7.157630612
  version: 0.42.0
  what: judges-summary
  when: 2025-06-01 23:34:42.824624373 Z
- _id: 1
  _time: 2025-06-01 23:34:42.810207759 Z
  _version: 0.10.1/0.42.0/
  what: dimensions-of-terrain
  when: 2025-06-01 23:34:42.810354074 Z
- _id: 2
  _time: 2025-06-01 23:34:42.818794103 Z
  _version: 0.10.1/0.42.0/
  since: 2025-05-04 23:34:42.819029295 Z
  what: quality-of-service
  when: 2025-06-01 23:34:42.818967790 Z
- _id: 3
  _time: 2025-06-01 23:34:42.822371137 Z
  _version: 0.10.1/0.42.0/
  since: 2025-05-04 23:34:42.822503836 Z
  what: quantity-of-deliverables
  when: 2025-06-01 23:34:42.822480122 Z
