---
- added: 8
  cycles: 1
  deleted: 8
  inserted: 8
  seconds: 7.352210812
  version: 0.42.0
  what: judges-summary
  when: 2025-05-25 07:05:16.356960862 Z
- _id: 1
  _time: 2025-05-25 07:05:16.343895966 Z
  _version: 0.10.1/0.42.0/
  what: dimensions-of-terrain
  when: 2025-05-25 07:05:16.344041479 Z
- _id: 2
  _time: 2025-05-25 07:05:16.351906259 Z
  _version: 0.10.1/0.42.0/
  since: 2025-04-27 07:05:16.352045591 Z
  what: quantity-of-deliverables
  when: 2025-05-25 07:05:16.352012729 Z
- _id: 3
  _time: 2025-05-25 07:05:16.355708265 Z
  _version: 0.10.1/0.42.0/
  since: 2025-04-27 07:05:16.355843308 Z
  what: quality-of-service
  when: 2025-05-25 07:05:16.355810887 Z
