---
- added: 8
  cycles: 1
  deleted: 8
  inserted: 8
  seconds: 8.03441943
  version: 0.42.0
  what: judges-summary
  when: 2025-06-14 13:38:15.112484439 Z
- _id: 1
  _time: 2025-06-14 13:38:15.101669919 Z
  _version: 0.10.1/0.42.0/
  since: 2025-05-17 13:38:15.101856099 Z
  what: quantity-of-deliverables
  when: 2025-06-14 13:38:15.101819270 Z
- _id: 2
  _time: 2025-06-14 13:38:15.107494491 Z
  _version: 0.10.1/0.42.0/
  what: dimensions-of-terrain
  when: 2025-06-14 13:38:15.107599117 Z
- _id: 3
  _time: 2025-06-14 13:38:15.111235665 Z
  _version: 0.10.1/0.42.0/
  since: 2025-05-17 13:38:15.111368364 Z
  what: quality-of-service
  when: 2025-06-14 13:38:15.111335973 Z
