---
- added: 8
  cycles: 1
  deleted: 8
  inserted: 8
  seconds: 8.096625865
  version: 0.42.0
  what: judges-summary
  when: 2025-05-21 15:37:45.837225383 Z
- _id: 1
  _time: 2025-05-21 15:37:45.829936215 Z
  _version: 0.10.1/0.42.0/
  what: dimensions-of-terrain
  when: 2025-05-21 15:37:45.830084272 Z
- _id: 2
  _time: 2025-05-21 15:37:45.833083428 Z
  _version: 0.10.1/0.42.0/
  since: 2025-04-23 15:37:45.833219993 Z
  what: quantity-of-deliverables
  when: 2025-05-21 15:37:45.833186641 Z
- _id: 3
  _time: 2025-05-21 15:37:45.834831401 Z
  _version: 0.10.1/0.42.0/
  since: 2025-04-23 15:37:45.835042826 Z
  what: quality-of-service
  when: 2025-05-21 15:37:45.834984477 Z
