---
- added: 8
  cycles: 1
  deleted: 8
  inserted: 8
  seconds: 13.670031085
  version: 0.42.0
  what: judges-summary
  when: 2025-05-17 15:34:48.141055410 Z
- _id: 1
  _time: 2025-05-17 15:34:48.129979016 Z
  _version: 0.10.1/0.42.0/
  what: dimensions-of-terrain
  when: 2025-05-17 15:34:48.130127353 Z
- _id: 2
  _time: 2025-05-17 15:34:48.135047973 Z
  _version: 0.10.1/0.42.0/
  since: 2025-04-19 15:34:48.135187733 Z
  what: quality-of-service
  when: 2025-05-17 15:34:48.135153990 Z
- _id: 3
  _time: 2025-05-17 15:34:48.137394105 Z
  _version: 0.10.1/0.42.0/
  since: 2025-04-19 15:34:48.137493720 Z
  what: quantity-of-deliverables
  when: 2025-05-17 15:34:48.137470437 Z
