---
- added: 8
  cycles: 1
  deleted: 8
  inserted: 8
  seconds: 9.453234648
  version: 0.42.0
  what: judges-summary
  when: 2025-06-07 08:06:21.173273436 Z
- _id: 1
  _time: 2025-06-07 08:06:21.161284591 Z
  _version: 0.10.1/0.42.0/
  what: dimensions-of-terrain
  when: 2025-06-07 08:06:21.161431655 Z
- _id: 2
  _time: 2025-06-07 08:06:21.166338753 Z
  _version: 0.10.1/0.42.0/
  since: 2025-05-10 08:06:21.166508350 Z
  what: quantity-of-deliverables
  when: 2025-06-07 08:06:21.166450752 Z
- _id: 3
  _time: 2025-06-07 08:06:21.171815414 Z
  _version: 0.10.1/0.42.0/
  since: 2025-05-10 08:06:21.171958562 Z
  what: quality-of-service
  when: 2025-06-07 08:06:21.171925831 Z
