---
- added: 8
  cycles: 1
  deleted: 8
  inserted: 8
  seconds: 7.634678722
  version: 0.42.0
  what: judges-summary
  when: 2025-06-14 22:04:44.560587957 Z
- _id: 1
  _time: 2025-06-14 22:04:44.550602993 Z
  _version: 0.10.1/0.42.0/
  what: dimensions-of-terrain
  when: 2025-06-14 22:04:44.550813407 Z
- _id: 2
  _time: 2025-06-14 22:04:44.556913118 Z
  _version: 0.10.1/0.42.0/
  since: 2025-05-17 22:04:44.557049233 Z
  what: quantity-of-deliverables
  when: 2025-06-14 22:04:44.557014779 Z
- _id: 3
  _time: 2025-06-14 22:04:44.558282686 Z
  _version: 0.10.1/0.42.0/
  since: 2025-05-17 22:04:44.558416798 Z
  what: quality-of-service
  when: 2025-06-14 22:04:44.558384397 Z
