---
- added: 8
  cycles: 1
  deleted: 8
  inserted: 8
  seconds: 8.543288549
  version: 0.42.0
  what: judges-summary
  when: 2025-06-04 14:05:05.007783780 Z
- _id: 1
  _time: 2025-06-04 14:05:04.994247193 Z
  _version: 0.10.1/0.42.0/
  what: dimensions-of-terrain
  when: 2025-06-04 14:05:04.994434642 Z
- _id: 2
  _time: 2025-06-04 14:05:04.996613443 Z
  _version: 0.10.1/0.42.0/
  since: 2025-05-07 14:05:04.996747483 Z
  what: quantity-of-deliverables
  when: 2025-06-04 14:05:04.996714802 Z
- _id: 3
  _time: 2025-06-04 14:05:05.006432289 Z
  _version: 0.10.1/0.42.0/
  since: 2025-05-07 14:05:05.006568282 Z
  what: quality-of-service
  when: 2025-06-04 14:05:05.006536453 Z
