---
- added: 8
  cycles: 1
  deleted: 8
  inserted: 8
  seconds: 7.652841208
  version: 0.42.0
  what: judges-summary
  when: 2025-05-30 03:23:31.399101904 Z
- _id: 1
  _time: 2025-05-30 03:23:31.388935757 Z
  _version: 0.10.1/0.42.0/
  since: 2025-05-02 03:23:31.389121234 Z
  what: quantity-of-deliverables
  when: 2025-05-30 03:23:31.389083313 Z
- _id: 2
  _time: 2025-05-30 03:23:31.392714558 Z
  _version: 0.10.1/0.42.0/
  what: dimensions-of-terrain
  when: 2025-05-30 03:23:31.392821679 Z
- _id: 3
  _time: 2025-05-30 03:23:31.395192103 Z
  _version: 0.10.1/0.42.0/
  since: 2025-05-02 03:23:31.395326063 Z
  what: quality-of-service
  when: 2025-05-30 03:23:31.395293612 Z
