---
- added: 8
  cycles: 1
  deleted: 8
  inserted: 8
  seconds: 8.134224851
  version: 0.42.0
  what: judges-summary
  when: 2025-06-12 04:10:22.159791627 Z
- _id: 1
  _time: 2025-06-12 04:10:22.146843309 Z
  _version: 0.10.1/0.42.0/
  what: dimensions-of-terrain
  when: 2025-06-12 04:10:22.147001394 Z
- _id: 2
  _time: 2025-06-12 04:10:22.155134491 Z
  _version: 0.10.1/0.42.0/
  since: 2025-05-15 04:10:22.155287657 Z
  what: quantity-of-deliverables
  when: 2025-06-12 04:10:22.155253944 Z
- _id: 3
  _time: 2025-06-12 04:10:22.158497711 Z
  _version: 0.10.1/0.42.0/
  since: 2025-05-15 04:10:22.158638133 Z
  what: quality-of-service
  when: 2025-06-12 04:10:22.158604180 Z
