---
- added: 8
  cycles: 1
  deleted: 8
  inserted: 8
  seconds: 7.457497805
  version: 0.42.0
  what: judges-summary
  when: 2025-06-03 13:42:46.197409460 Z
- _id: 1
  _time: 2025-06-03 13:42:46.182636682 Z
  _version: 0.10.1/0.42.0/
  what: dimensions-of-terrain
  when: 2025-06-03 13:42:46.182822050 Z
- _id: 2
  _time: 2025-06-03 13:42:46.194597863 Z
  _version: 0.10.1/0.42.0/
  since: 2025-05-06 13:42:46.194749628 Z
  what: quality-of-service
  when: 2025-06-03 13:42:46.194714131 Z
- _id: 3
  _time: 2025-06-03 13:42:46.196428779 Z
  _version: 0.10.1/0.42.0/
  since: 2025-05-06 13:42:46.196528246 Z
  what: quantity-of-deliverables
  when: 2025-06-03 13:42:46.196504021 Z
