---
- added: 8
  cycles: 1
  deleted: 8
  inserted: 8
  seconds: 7.654895477
  version: 0.42.0
  what: judges-summary
  when: 2025-05-25 03:49:24.501883662 Z
- _id: 1
  _time: 2025-05-25 03:49:24.496036938 Z
  _version: 0.10.1/0.42.0/
  since: 2025-04-27 03:49:24.496252430 Z
  what: quality-of-service
  when: 2025-05-25 03:49:24.496213087 Z
- _id: 2
  _time: 2025-05-25 03:49:24.497718952 Z
  _version: 0.10.1/0.42.0/
  what: dimensions-of-terrain
  when: 2025-05-25 03:49:24.497794964 Z
- _id: 3
  _time: 2025-05-25 03:49:24.500987834 Z
  _version: 0.10.1/0.42.0/
  since: 2025-04-27 03:49:24.501085737 Z
  what: quantity-of-deliverables
  when: 2025-05-25 03:49:24.501063004 Z
