---
- added: 8
  cycles: 1
  deleted: 8
  error: 'key not found: "data"'
  inserted: 8
  seconds: 11.171815726
  version: 0.42.0
  what: judges-summary
  when: 2025-05-12 14:06:09.965215957 Z
- _id: 1
  _time: 2025-05-12 14:06:09.954985932 Z
  _version: 0.10.1/0.42.0/
  what: dimensions-of-terrain
  when: 2025-05-12 14:06:09.955077525 Z
- _id: 2
  _time: 2025-05-12 14:06:09.957286429 Z
  _version: 0.10.1/0.42.0/
  since: 2025-04-14 14:06:09.957408108 Z
  what: quantity-of-deliverables
  when: 2025-05-12 14:06:09.957380937 Z
- _id: 3
  _time: 2025-05-12 14:06:09.960987273 Z
  _version: 0.10.1/0.42.0/
  since: 2025-04-14 14:06:09.961151433 Z
  what: quality-of-service
  when: 2025-05-12 14:06:09.961112980 Z
