---
- added: 8
  cycles: 1
  deleted: 8
  inserted: 8
  seconds: 7.592377177
  version: 0.42.0
  what: judges-summary
  when: 2025-05-29 09:36:56.109372188 Z
- _id: 1
  _time: 2025-05-29 09:36:56.102995116 Z
  _version: 0.10.1/0.42.0/
  what: dimensions-of-terrain
  when: 2025-05-29 09:36:56.103140768 Z
- _id: 2
  _time: 2025-05-29 09:36:56.105338802 Z
  _version: 0.10.1/0.42.0/
  since: 2025-05-01 09:36:56.105476620 Z
  what: quality-of-service
  when: 2025-05-29 09:36:56.105442877 Z
- _id: 3
  _time: 2025-05-29 09:36:56.107069444 Z
  _version: 0.10.1/0.42.0/
  since: 2025-05-01 09:36:56.107164932 Z
  what: quantity-of-deliverables
  when: 2025-05-29 09:36:56.107142831 Z
