---
- added: 8
  cycles: 1
  deleted: 8
  inserted: 8
  seconds: 7.645173511
  version: 0.42.0
  what: judges-summary
  when: 2025-06-08 07:34:05.087441547 Z
- _id: 1
  _time: 2025-06-08 07:34:05.074102303 Z
  _version: 0.10.1/0.42.0/
  what: dimensions-of-terrain
  when: 2025-06-08 07:34:05.074252725 Z
- _id: 2
  _time: 2025-06-08 07:34:05.081045440 Z
  _version: 0.10.1/0.42.0/
  since: 2025-05-11 07:34:05.081185683 Z
  what: quantity-of-deliverables
  when: 2025-06-08 07:34:05.081151328 Z
- _id: 3
  _time: 2025-06-08 07:34:05.083515575 Z
  _version: 0.10.1/0.42.0/
  since: 2025-05-11 07:34:05.083648404 Z
  what: quality-of-service
  when: 2025-06-08 07:34:05.083616584 Z
