---
- added: 8
  cycles: 1
  deleted: 8
  inserted: 8
  seconds: 17.13692209
  version: 0.42.0
  what: judges-summary
  when: 2025-05-26 05:38:09.928998100 Z
- _id: 1
  _time: 2025-05-26 05:38:09.923561437 Z
  _version: 0.10.1/0.42.0/
  since: 2025-04-28 05:38:09.923741657 Z
  what: quality-of-service
  when: 2025-05-26 05:38:09.923704647 Z
- _id: 2
  _time: 2025-05-26 05:38:09.925294770 Z
  _version: 0.10.1/0.42.0/
  since: 2025-04-28 05:38:09.925390831 Z
  what: quantity-of-deliverables
  when: 2025-05-26 05:38:09.925369000 Z
- _id: 3
  _time: 2025-05-26 05:38:09.926502553 Z
  _version: 0.10.1/0.42.0/
  what: dimensions-of-terrain
  when: 2025-05-26 05:38:09.926575170 Z
