---
- added: 8
  cycles: 1
  deleted: 8
  inserted: 8
  seconds: 9.499015308
  version: 0.42.0
  what: judges-summary
  when: 2025-05-27 04:09:25.711744106 Z
- _id: 1
  _time: 2025-05-27 04:09:25.706444625 Z
  _version: 0.10.1/0.42.0/
  since: 2025-04-29 04:09:25.706629530 Z
  what: quantity-of-deliverables
  when: 2025-05-27 04:09:25.706592191 Z
- _id: 2
  _time: 2025-05-27 04:09:25.707748108 Z
  _version: 0.10.1/0.42.0/
  what: dimensions-of-terrain
  when: 2025-05-27 04:09:25.707883932 Z
- _id: 3
  _time: 2025-05-27 04:09:25.709129376 Z
  _version: 0.10.1/0.42.0/
  since: 2025-04-29 04:09:25.709265650 Z
  what: quality-of-service
  when: 2025-05-27 04:09:25.709232268 Z
