---
- added: 8
  cycles: 1
  deleted: 8
  inserted: 8
  seconds: 6.852152986
  version: 0.42.0
  what: judges-summary
  when: 2025-05-13 04:39:25.144281823 Z
- _id: 1
  _time: 2025-05-13 04:39:25.134046735 Z
  _version: 0.10.1/0.42.0/
  since: 2025-04-15 04:39:25.134244296 Z
  what: quality-of-service
  when: 2025-05-13 04:39:25.134207156 Z
- _id: 2
  _time: 2025-05-13 04:39:25.141986779 Z
  _version: 0.10.1/0.42.0/
  since: 2025-04-15 04:39:25.142125619 Z
  what: quantity-of-deliverables
  when: 2025-05-13 04:39:25.142100693 Z
- _id: 3
  _time: 2025-05-13 04:39:25.143336660 Z
  _version: 0.10.1/0.42.0/
  what: dimensions-of-terrain
  when: 2025-05-13 04:39:25.143414606 Z
