---
- added: 8
  cycles: 1
  deleted: 8
  inserted: 8
  seconds: 6.971091726
  version: 0.42.0
  what: judges-summary
  when: 2025-05-23 22:36:57.588182767 Z
- _id: 1
  _time: 2025-05-23 22:36:57.582502534 Z
  _version: 0.10.1/0.42.0/
  since: 2025-04-25 22:36:57.582721154 Z
  what: quantity-of-deliverables
  when: 2025-05-23 22:36:57.582682211 Z
- _id: 2
  _time: 2025-05-23 22:36:57.583916050 Z
  _version: 0.10.1/0.42.0/
  what: dimensions-of-terrain
  when: 2025-05-23 22:36:57.584018322 Z
- _id: 3
  _time: 2025-05-23 22:36:57.586093502 Z
  _version: 0.10.1/0.42.0/
  since: 2025-04-25 22:36:57.586228916 Z
  what: quality-of-service
  when: 2025-05-23 22:36:57.586196024 Z
