---
- added: 8
  cycles: 1
  deleted: 8
  inserted: 8
  seconds: 9.779262971
  version: 0.42.0
  what: judges-summary
  when: 2025-06-07 03:24:37.303916846 Z
- _id: 1
  _time: 2025-06-07 03:24:37.290845701 Z
  _version: 0.10.1/0.42.0/
  since: 2025-05-10 03:24:37.291053409 Z
  what: quantity-of-deliverables
  when: 2025-06-07 03:24:37.291012472 Z
- _id: 2
  _time: 2025-06-07 03:24:37.293399008 Z
  _version: 0.10.1/0.42.0/
  since: 2025-05-10 03:24:37.293530012 Z
  what: quality-of-service
  when: 2025-06-07 03:24:37.293498784 Z
- _id: 3
  _time: 2025-06-07 03:24:37.299112433 Z
  _version: 0.10.1/0.42.0/
  what: dimensions-of-terrain
  when: 2025-06-07 03:24:37.299190058 Z
