---
- added: 8
  cycles: 1
  deleted: 8
  inserted: 8
  seconds: 9.604639949
  version: 0.42.0
  what: judges-summary
  when: 2025-05-26 19:33:50.014552774 Z
- _id: 1
  _time: 2025-05-26 19:33:50.004937639 Z
  _version: 0.10.1/0.42.0/
  since: 2025-04-28 19:33:50.005118786 Z
  what: quality-of-service
  when: 2025-05-26 19:33:50.005081286 Z
- _id: 2
  _time: 2025-05-26 19:33:50.011316070 Z
  _version: 0.10.1/0.42.0/
  what: dimensions-of-terrain
  when: 2025-05-26 19:33:50.011396399 Z
- _id: 3
  _time: 2025-05-26 19:33:50.012685945 Z
  _version: 0.10.1/0.42.0/
  since: 2025-04-28 19:33:50.012785049 Z
  what: quantity-of-deliverables
  when: 2025-05-26 19:33:50.012761595 Z
