---
- added: 8
  cycles: 1
  deleted: 8
  inserted: 8
  seconds: 7.891572945
  version: 0.42.0
  what: judges-summary
  when: 2025-05-29 04:08:28.820014035 Z
- _id: 1
  _time: 2025-05-29 04:08:28.810445025 Z
  _version: 0.10.1/0.42.0/
  since: 2025-05-01 04:08:28.810631615 Z
  what: quality-of-service
  when: 2025-05-29 04:08:28.810593734 Z
- _id: 2
  _time: 2025-05-29 04:08:28.816150956 Z
  _version: 0.10.1/0.42.0/
  what: dimensions-of-terrain
  when: 2025-05-29 04:08:28.816230846 Z
- _id: 3
  _time: 2025-05-29 04:08:28.819082479 Z
  _version: 0.10.1/0.42.0/
  since: 2025-05-01 04:08:28.819180643 Z
  what: quantity-of-deliverables
  when: 2025-05-29 04:08:28.819158101 Z
