---
- added: 8
  cycles: 1
  deleted: 8
  inserted: 8
  seconds: 13.769608091
  version: 0.42.0
  what: judges-summary
  when: 2025-05-20 21:05:07.220131417 Z
- _id: 1
  _time: 2025-05-20 21:05:07.213294808 Z
  _version: 0.10.1/0.42.0/
  what: dimensions-of-terrain
  when: 2025-05-20 21:05:07.213443686 Z
- _id: 2
  _time: 2025-05-20 21:05:07.217556892 Z
  _version: 0.10.1/0.42.0/
  since: 2025-04-22 21:05:07.217693768 Z
  what: quality-of-service
  when: 2025-05-20 21:05:07.217659804 Z
- _id: 3
  _time: 2025-05-20 21:05:07.219215277 Z
  _version: 0.10.1/0.42.0/
  since: 2025-04-22 21:05:07.219313020 Z
  what: quantity-of-deliverables
  when: 2025-05-20 21:05:07.219289686 Z
