---
- added: 8
  cycles: 1
  deleted: 8
  inserted: 8
  seconds: 10.274289606
  version: 0.42.0
  what: judges-summary
  when: 2025-06-11 03:27:00.722345531 Z
- _id: 1
  _time: 2025-06-11 03:27:00.707994022 Z
  _version: 0.10.1/0.42.0/
  since: 2025-05-14 03:27:00.708234941 Z
  what: quantity-of-deliverables
  when: 2025-06-11 03:27:00.708194827 Z
- _id: 2
  _time: 2025-06-11 03:27:00.713026151 Z
  _version: 0.10.1/0.42.0/
  what: dimensions-of-terrain
  when: 2025-06-11 03:27:00.713188193 Z
- _id: 3
  _time: 2025-06-11 03:27:00.718591704 Z
  _version: 0.10.1/0.42.0/
  since: 2025-05-14 03:27:00.718741844 Z
  what: quality-of-service
  when: 2025-06-11 03:27:00.718707250 Z
