---
- added: 8
  cycles: 1
  deleted: 8
  inserted: 8
  seconds: 10.34648311
  version: 0.42.0
  what: judges-summary
  when: 2025-06-11 19:34:02.410543554 Z
- _id: 1
  _time: 2025-06-11 19:34:02.401371493 Z
  _version: 0.10.1/0.42.0/
  since: 2025-05-14 19:34:02.401582488 Z
  what: quantity-of-deliverables
  when: 2025-06-11 19:34:02.401537263 Z
- _id: 2
  _time: 2025-06-11 19:34:02.403031219 Z
  _version: 0.10.1/0.42.0/
  what: dimensions-of-terrain
  when: 2025-06-11 19:34:02.403132138 Z
- _id: 3
  _time: 2025-06-11 19:34:02.409252307 Z
  _version: 0.10.1/0.42.0/
  since: 2025-05-14 19:34:02.409387550 Z
  what: quality-of-service
  when: 2025-06-11 19:34:02.409354549 Z
