---
- added: 8
  cycles: 1
  deleted: 8
  inserted: 8
  seconds: 7.612780881
  version: 0.42.0
  what: judges-summary
  when: 2025-05-13 21:05:08.826478203 Z
- _id: 1
  _time: 2025-05-13 21:05:08.817713552 Z
  _version: 0.10.1/0.42.0/
  since: 2025-04-15 21:05:08.817900382 Z
  what: quality-of-service
  when: 2025-05-13 21:05:08.817863423 Z
- _id: 2
  _time: 2025-05-13 21:05:08.820626209 Z
  _version: 0.10.1/0.42.0/
  since: 2025-04-15 21:05:08.820870767 Z
  what: quantity-of-deliverables
  when: 2025-05-13 21:05:08.820816214 Z
- _id: 3
  _time: 2025-05-13 21:05:08.822257440 Z
  _version: 0.10.1/0.42.0/
  what: dimensions-of-terrain
  when: 2025-05-13 21:05:08.822387082 Z
