---
- added: 8
  cycles: 1
  deleted: 8
  inserted: 8
  seconds: 8.297107492
  version: 0.42.0
  what: judges-summary
  when: 2025-05-22 16:40:08.063820022 Z
- _id: 1
  _time: 2025-05-22 16:40:08.051980281 Z
  _version: 0.10.1/0.42.0/
  what: dimensions-of-terrain
  when: 2025-05-22 16:40:08.052175155 Z
- _id: 2
  _time: 2025-05-22 16:40:08.059082440 Z
  _version: 0.10.1/0.42.0/
  since: 2025-04-24 16:40:08.059337516 Z
  what: quality-of-service
  when: 2025-05-22 16:40:08.059271904 Z
- _id: 3
  _time: 2025-05-22 16:40:08.062117175 Z
  _version: 0.10.1/0.42.0/
  since: 2025-04-24 16:40:08.062218625 Z
  what: quantity-of-deliverables
  when: 2025-05-22 16:40:08.062195451 Z
