---
- added: 8
  cycles: 1
  deleted: 8
  inserted: 8
  seconds: 7.44409505
  version: 0.42.0
  what: judges-summary
  when: 2025-06-08 10:05:25.343275756 Z
- _id: 1
  _time: 2025-06-08 10:05:25.335240434 Z
  _version: 0.10.1/0.42.0/
  since: 2025-05-11 10:05:25.335423476 Z
  what: quantity-of-deliverables
  when: 2025-06-08 10:05:25.335386998 Z
- _id: 2
  _time: 2025-06-08 10:05:25.336573788 Z
  _version: 0.10.1/0.42.0/
  what: dimensions-of-terrain
  when: 2025-06-08 10:05:25.336678263 Z
- _id: 3
  _time: 2025-06-08 10:05:25.341970235 Z
  _version: 0.10.1/0.42.0/
  since: 2025-05-11 10:05:25.342113814 Z
  what: quality-of-service
  when: 2025-06-08 10:05:25.342081814 Z
