---
- added: 8
  cycles: 1
  deleted: 8
  inserted: 8
  seconds: 7.173072931
  version: 0.42.0
  what: judges-summary
  when: 2025-06-14 11:04:31.653698098 Z
- _id: 1
  _time: 2025-06-14 11:04:31.648977960 Z
  _version: 0.10.1/0.42.0/
  since: 2025-05-17 11:04:31.649165648 Z
  what: quality-of-service
  when: 2025-06-14 11:04:31.649129120 Z
- _id: 2
  _time: 2025-06-14 11:04:31.650732154 Z
  _version: 0.10.1/0.42.0/
  since: 2025-05-17 11:04:31.650857457 Z
  what: quantity-of-deliverables
  when: 2025-06-14 11:04:31.650834785 Z
- _id: 3
  _time: 2025-06-14 11:04:31.651946097 Z
  _version: 0.10.1/0.42.0/
  what: dimensions-of-terrain
  when: 2025-06-14 11:04:31.652019723 Z
