---
- added: 8
  cycles: 1
  deleted: 8
  inserted: 8
  seconds: 7.559679257
  version: 0.42.0
  what: judges-summary
  when: 2025-05-31 12:45:59.914215657 Z
- _id: 1
  _time: 2025-05-31 12:45:59.905724683 Z
  _version: 0.10.1/0.42.0/
  since: 2025-05-03 12:45:59.905905391 Z
  what: quantity-of-deliverables
  when: 2025-05-31 12:45:59.905868101 Z
- _id: 2
  _time: 2025-05-31 12:45:59.909989016 Z
  _version: 0.10.1/0.42.0/
  since: 2025-05-03 12:45:59.910124619 Z
  what: quality-of-service
  when: 2025-05-31 12:45:59.910092910 Z
- _id: 3
  _time: 2025-05-31 12:45:59.911610709 Z
  _version: 0.10.1/0.42.0/
  what: dimensions-of-terrain
  when: 2025-05-31 12:45:59.911688254 Z
