---
- added: 8
  cycles: 1
  deleted: 8
  inserted: 8
  seconds: 10.044468449
  version: 0.42.0
  what: judges-summary
  when: 2025-05-22 10:39:14.221057598 Z
- _id: 1
  _time: 2025-05-22 10:39:14.207595568 Z
  _version: 0.10.1/0.42.0/
  what: dimensions-of-terrain
  when: 2025-05-22 10:39:14.207742002 Z
- _id: 2
  _time: 2025-05-22 10:39:14.209997486 Z
  _version: 0.10.1/0.42.0/
  since: 2025-04-24 10:39:14.210133341 Z
  what: quantity-of-deliverables
  when: 2025-05-22 10:39:14.210100860 Z
- _id: 3
  _time: 2025-05-22 10:39:14.215588626 Z
  _version: 0.10.1/0.42.0/
  since: 2025-04-24 10:39:14.215725011 Z
  what: quality-of-service
  when: 2025-05-22 10:39:14.215692731 Z
