---
- added: 8
  cycles: 1
  deleted: 8
  inserted: 8
  seconds: 10.500516842
  version: 0.42.0
  what: judges-summary
  when: 2025-06-02 13:14:23.566994170 Z
- _id: 1
  _time: 2025-06-02 13:14:23.562001949 Z
  _version: 0.10.1/0.42.0/
  since: 2025-05-05 13:14:23.562191963 Z
  what: quantity-of-deliverables
  when: 2025-06-02 13:14:23.562152910 Z
- _id: 2
  _time: 2025-06-02 13:14:23.563500078 Z
  _version: 0.10.1/0.42.0/
  since: 2025-05-05 13:14:23.563638356 Z
  what: quality-of-service
  when: 2025-06-02 13:14:23.563605214 Z
- _id: 3
  _time: 2025-06-02 13:14:23.566062375 Z
  _version: 0.10.1/0.42.0/
  what: dimensions-of-terrain
  when: 2025-06-02 13:14:23.566140360 Z
