---
- added: 8
  cycles: 1
  deleted: 8
  inserted: 8
  seconds: 7.111242646
  version: 0.42.0
  what: judges-summary
  when: 2025-05-13 11:34:41.446394318 Z
- _id: 1
  _time: 2025-05-13 11:34:41.440291462 Z
  _version: 0.10.1/0.42.0/
  since: 2025-04-15 11:34:41.440471118 Z
  what: quantity-of-deliverables
  when: 2025-05-13 11:34:41.440434780 Z
- _id: 2
  _time: 2025-05-13 11:34:41.441589414 Z
  _version: 0.10.1/0.42.0/
  what: dimensions-of-terrain
  when: 2025-05-13 11:34:41.441737351 Z
- _id: 3
  _time: 2025-05-13 11:34:41.443127478 Z
  _version: 0.10.1/0.42.0/
  since: 2025-04-15 11:34:41.443257701 Z
  what: quality-of-service
  when: 2025-05-13 11:34:41.443225511 Z
