---
- added: 8
  cycles: 1
  deleted: 8
  inserted: 8
  seconds: 14.420500813
  version: 0.42.0
  what: judges-summary
  when: 2025-05-15 15:36:59.593889166 Z
- _id: 1
  _time: 2025-05-15 15:36:59.583383045 Z
  _version: 0.10.1/0.42.0/
  what: dimensions-of-terrain
  when: 2025-05-15 15:36:59.583531813 Z
- _id: 2
  _time: 2025-05-15 15:36:59.589406134 Z
  _version: 0.10.1/0.42.0/
  since: 2025-04-17 15:36:59.589559812 Z
  what: quality-of-service
  when: 2025-05-15 15:36:59.589522652 Z
- _id: 3
  _time: 2025-05-15 15:36:59.591148171 Z
  _version: 0.10.1/0.42.0/
  since: 2025-04-17 15:36:59.591251274 Z
  what: quantity-of-deliverables
  when: 2025-05-15 15:36:59.591227710 Z
