---
- added: 8
  cycles: 1
  deleted: 8
  inserted: 8
  seconds: 7.996393826
  version: 0.42.0
  what: judges-summary
  when: 2025-06-10 06:42:23.331777672 Z
- _id: 1
  _time: 2025-06-10 06:42:23.319150299 Z
  _version: 0.10.1/0.42.0/
  what: dimensions-of-terrain
  when: 2025-06-10 06:42:23.319298656 Z
- _id: 2
  _time: 2025-06-10 06:42:23.328345083 Z
  _version: 0.10.1/0.42.0/
  since: 2025-05-13 06:42:23.328488671 Z
  what: quality-of-service
  when: 2025-06-10 06:42:23.328455048 Z
- _id: 3
  _time: 2025-06-10 06:42:23.330032217 Z
  _version: 0.10.1/0.42.0/
  since: 2025-05-13 06:42:23.330166287 Z
  what: quantity-of-deliverables
  when: 2025-06-10 06:42:23.330142473 Z
