---
- added: 8
  cycles: 1
  deleted: 8
  inserted: 8
  seconds: 8.668393533
  version: 0.42.0
  what: judges-summary
  when: 2025-05-26 10:40:23.683510461 Z
- _id: 1
  _time: 2025-05-26 10:40:23.674189643 Z
  _version: 0.10.1/0.42.0/
  since: 2025-04-28 10:40:23.674372233 Z
  what: quality-of-service
  when: 2025-05-26 10:40:23.674334593 Z
- _id: 2
  _time: 2025-05-26 10:40:23.678557868 Z
  _version: 0.10.1/0.42.0/
  since: 2025-04-28 10:40:23.678657404 Z
  what: quantity-of-deliverables
  when: 2025-05-26 10:40:23.678633760 Z
- _id: 3
  _time: 2025-05-26 10:40:23.680698372 Z
  _version: 0.10.1/0.42.0/
  what: dimensions-of-terrain
  when: 2025-05-26 10:40:23.680776527 Z
