---
- added: 8
  cycles: 1
  deleted: 8
  inserted: 8
  seconds: 13.602675478
  version: 0.42.0
  what: judges-summary
  when: 2025-05-29 12:08:36.540941596 Z
- _id: 1
  _time: 2025-05-29 12:08:36.532677349 Z
  _version: 0.10.1/0.42.0/
  since: 2025-05-01 12:08:36.532866883 Z
  what: quantity-of-deliverables
  when: 2025-05-29 12:08:36.532828842 Z
- _id: 2
  _time: 2025-05-29 12:08:36.534880592 Z
  _version: 0.10.1/0.42.0/
  what: dimensions-of-terrain
  when: 2025-05-29 12:08:36.534985578 Z
- _id: 3
  _time: 2025-05-29 12:08:36.536533076 Z
  _version: 0.10.1/0.42.0/
  since: 2025-05-01 12:08:36.536672256 Z
  what: quality-of-service
  when: 2025-05-29 12:08:36.536639365 Z
