---
- added: 8
  cycles: 1
  deleted: 8
  inserted: 8
  seconds: 17.752941382
  version: 0.42.0
  what: judges-summary
  when: 2025-06-04 20:34:21.548319884 Z
- _id: 1
  _time: 2025-06-04 20:34:21.539287223 Z
  _version: 0.10.1/0.42.0/
  what: dimensions-of-terrain
  when: 2025-06-04 20:34:21.539435340 Z
- _id: 2
  _time: 2025-06-04 20:34:21.543756481 Z
  _version: 0.10.1/0.42.0/
  since: 2025-05-07 20:34:21.543948049 Z
  what: quality-of-service
  when: 2025-06-04 20:34:21.543904127 Z
- _id: 3
  _time: 2025-06-04 20:34:21.545524538 Z
  _version: 0.10.1/0.42.0/
  since: 2025-05-07 20:34:21.545621780 Z
  what: quantity-of-deliverables
  when: 2025-06-04 20:34:21.545598546 Z
