---
- added: 8
  cycles: 1
  deleted: 8
  inserted: 8
  seconds: 7.03007862
  version: 0.42.0
  what: judges-summary
  when: 2025-06-10 07:35:47.448327249 Z
- _id: 1
  _time: 2025-06-10 07:35:47.437838239 Z
  _version: 0.10.1/0.42.0/
  what: dimensions-of-terrain
  when: 2025-06-10 07:35:47.437980084 Z
- _id: 2
  _time: 2025-06-10 07:35:47.444515664 Z
  _version: 0.10.1/0.42.0/
  since: 2025-05-13 07:35:47.444650235 Z
  what: quantity-of-deliverables
  when: 2025-06-10 07:35:47.444617003 Z
- _id: 3
  _time: 2025-06-10 07:35:47.447012655 Z
  _version: 0.10.1/0.42.0/
  since: 2025-05-13 07:35:47.447155331 Z
  what: quality-of-service
  when: 2025-06-10 07:35:47.447124163 Z
