---
- added: 8
  cycles: 1
  deleted: 8
  inserted: 8
  seconds: 7.525208488
  version: 0.42.0
  what: judges-summary
  when: 2025-05-19 12:08:35.999140867 Z
- _id: 1
  _time: 2025-05-19 12:08:35.984225995 Z
  _version: 0.10.1/0.42.0/
  latest: 49445328106
  repository: 531151981
  what: events-were-scanned
  where: github
- _id: 2
  _time: 2025-05-19 12:08:35.989528120 Z
  _version: 0.10.1/0.42.0/
  what: dimensions-of-terrain
  when: 2025-05-19 12:08:35.989605364 Z
- _id: 3
  _time: 2025-05-19 12:08:35.995435311 Z
  _version: 0.10.1/0.42.0/
  since: 2025-04-21 12:08:35.995535849 Z
  what: quality-of-service
  when: 2025-05-19 12:08:35.995512174 Z
- _id: 4
  _time: 2025-05-19 12:08:35.998201774 Z
  _version: 0.10.1/0.42.0/
  since: 2025-04-21 12:08:35.998300288 Z
  what: quantity-of-deliverables
  when: 2025-05-19 12:08:35.998277215 Z
