---
- added: 8
  cycles: 1
  deleted: 8
  inserted: 8
  seconds: 7.461207686
  version: 0.42.0
  what: judges-summary
  when: 2025-05-21 07:05:43.768570887 Z
- _id: 1
  _time: 2025-05-21 07:05:43.756115912 Z
  _version: 0.10.1/0.42.0/
  what: dimensions-of-terrain
  when: 2025-05-21 07:05:43.756263700 Z
- _id: 2
  _time: 2025-05-21 07:05:43.762581512 Z
  _version: 0.10.1/0.42.0/
  since: 2025-04-23 07:05:43.762718761 Z
  what: quality-of-service
  when: 2025-05-21 07:05:43.762686560 Z
- _id: 3
  _time: 2025-05-21 07:05:43.766945450 Z
  _version: 0.10.1/0.42.0/
  since: 2025-04-23 07:05:43.767042793 Z
  what: quantity-of-deliverables
  when: 2025-05-21 07:05:43.767020201 Z
