---
- added: 8
  cycles: 1
  deleted: 8
  inserted: 8
  seconds: 8.014847067
  version: 0.42.0
  what: judges-summary
  when: 2025-05-19 19:04:49.890268161 Z
- _id: 1
  _time: 2025-05-19 19:04:49.875638778 Z
  _version: 0.10.1/0.42.0/
  what: dimensions-of-terrain
  when: 2025-05-19 19:04:49.875791465 Z
- _id: 2
  _time: 2025-05-19 19:04:49.886452944 Z
  _version: 0.10.1/0.42.0/
  since: 2025-04-21 19:04:49.886597916 Z
  what: quantity-of-deliverables
  when: 2025-05-19 19:04:49.886562540 Z
- _id: 3
  _time: 2025-05-19 19:04:49.888946635 Z
  _version: 0.10.1/0.42.0/
  since: 2025-04-21 19:04:49.889089133 Z
  what: quality-of-service
  when: 2025-05-19 19:04:49.889055229 Z
