---
- added: 8
  cycles: 1
  deleted: 8
  inserted: 8
  seconds: 7.661817229
  version: 0.42.0
  what: judges-summary
  when: 2025-05-14 02:34:18.379584634 Z
- _id: 1
  _time: 2025-05-14 02:34:18.369466417 Z
  _version: 0.10.1/0.42.0/
  since: 2025-04-16 02:34:18.369649541 Z
  what: quantity-of-deliverables
  when: 2025-05-14 02:34:18.369612311 Z
- _id: 2
  _time: 2025-05-14 02:34:18.371026491 Z
  _version: 0.10.1/0.42.0/
  since: 2025-04-16 02:34:18.371160431 Z
  what: quality-of-service
  when: 2025-05-14 02:34:18.371127760 Z
- _id: 3
  _time: 2025-05-14 02:34:18.376015731 Z
  _version: 0.10.1/0.42.0/
  what: dimensions-of-terrain
  when: 2025-05-14 02:34:18.376091503 Z
