---
- added: 8
  cycles: 1
  deleted: 8
  inserted: 8
  seconds: 17.340050085
  version: 0.42.0
  what: judges-summary
  when: 2025-06-01 22:37:18.926865658 Z
- _id: 1
  _time: 2025-06-01 22:37:18.914563087 Z
  _version: 0.10.1/0.42.0/
  since: 2025-05-04 22:37:18.914784392 Z
  what: quality-of-service
  when: 2025-06-01 22:37:18.914745840 Z
- _id: 2
  _time: 2025-06-01 22:37:18.919265107 Z
  _version: 0.10.1/0.42.0/
  what: dimensions-of-terrain
  when: 2025-06-01 22:37:18.919424185 Z
- _id: 3
  _time: 2025-06-01 22:37:18.925025661 Z
  _version: 0.10.1/0.42.0/
  since: 2025-05-04 22:37:18.925124876 Z
  what: quantity-of-deliverables
  when: 2025-06-01 22:37:18.925101212 Z
