---
- added: 8
  cycles: 1
  deleted: 8
  inserted: 8
  seconds: 7.817520644
  version: 0.42.0
  what: judges-summary
  when: 2025-05-12 19:34:04.887686968 Z
- _id: 1
  _time: 2025-05-12 19:34:04.881013591 Z
  _version: 0.10.1/0.42.0/
  since: 2025-04-14 19:34:04.881202305 Z
  what: quantity-of-deliverables
  when: 2025-05-12 19:34:04.881165356 Z
- _id: 2
  _time: 2025-05-12 19:34:04.883451453 Z
  _version: 0.10.1/0.42.0/
  since: 2025-04-14 19:34:04.883586004 Z
  what: quality-of-service
  when: 2025-05-12 19:34:04.883553915 Z
- _id: 3
  _time: 2025-05-12 19:34:04.885044981 Z
  _version: 0.10.1/0.42.0/
  what: dimensions-of-terrain
  when: 2025-05-12 19:34:04.885122306 Z
