---
- added: 8
  cycles: 1
  deleted: 8
  inserted: 8
  seconds: 15.371738583
  version: 0.42.0
  what: judges-summary
  when: 2025-06-12 14:05:50.606071940 Z
- _id: 1
  _time: 2025-06-12 14:05:50.594462886 Z
  _version: 0.10.1/0.42.0/
  since: 2025-05-15 14:05:50.594643263 Z
  what: quantity-of-deliverables
  when: 2025-06-12 14:05:50.594606755 Z
- _id: 2
  _time: 2025-06-12 14:05:50.600218749 Z
  _version: 0.10.1/0.42.0/
  what: dimensions-of-terrain
  when: 2025-06-12 14:05:50.600324136 Z
- _id: 3
  _time: 2025-06-12 14:05:50.601787853 Z
  _version: 0.10.1/0.42.0/
  since: 2025-05-15 14:05:50.601928086 Z
  what: quality-of-service
  when: 2025-06-12 14:05:50.601893491 Z
