---
- added: 8
  cycles: 1
  deleted: 8
  inserted: 8
  seconds: 17.351465761
  version: 0.42.0
  what: judges-summary
  when: 2025-05-17 03:21:34.217925486 Z
- _id: 1
  _time: 2025-05-17 03:21:34.209059578 Z
  _version: 0.10.1/0.42.0/
  since: 2025-04-19 03:21:34.209240754 Z
  what: quality-of-service
  when: 2025-05-17 03:21:34.209203695 Z
- _id: 2
  _time: 2025-05-17 03:21:34.211481236 Z
  _version: 0.10.1/0.42.0/
  what: dimensions-of-terrain
  when: 2025-05-17 03:21:34.211558820 Z
- _id: 3
  _time: 2025-05-17 03:21:34.217005045 Z
  _version: 0.10.1/0.42.0/
  since: 2025-04-19 03:21:34.217106574 Z
  what: quantity-of-deliverables
  when: 2025-05-17 03:21:34.217082890 Z
