---
- added: 8
  cycles: 1
  deleted: 8
  inserted: 8
  seconds: 9.67355477
  version: 0.42.0
  what: judges-summary
  when: 2025-06-08 23:34:41.252215736 Z
- _id: 1
  _time: 2025-06-08 23:34:41.240402199 Z
  _version: 0.10.1/0.42.0/
  what: dimensions-of-terrain
  when: 2025-06-08 23:34:41.240543743 Z
- _id: 2
  _time: 2025-06-08 23:34:41.245368749 Z
  _version: 0.10.1/0.42.0/
  since: 2025-05-11 23:34:41.245502619 Z
  what: quality-of-service
  when: 2025-06-08 23:34:41.245470960 Z
- _id: 3
  _time: 2025-06-08 23:34:41.251295230 Z
  _version: 0.10.1/0.42.0/
  since: 2025-05-11 23:34:41.251399544 Z
  what: quantity-of-deliverables
  when: 2025-06-08 23:34:41.251375269 Z
