---
- added: 8
  cycles: 1
  deleted: 8
  inserted: 8
  seconds: 7.704229994
  version: 0.42.0
  what: judges-summary
  when: 2025-06-13 19:04:52.032001321 Z
- _id: 1
  _time: 2025-06-13 19:04:52.022609776 Z
  _version: 0.10.1/0.42.0/
  since: 2025-05-16 19:04:52.022795776 Z
  what: quantity-of-deliverables
  when: 2025-06-13 19:04:52.022757193 Z
- _id: 2
  _time: 2025-06-13 19:04:52.026867886 Z
  _version: 0.10.1/0.42.0/
  since: 2025-05-16 19:04:52.027045440 Z
  what: quality-of-service
  when: 2025-06-13 19:04:52.027011667 Z
- _id: 3
  _time: 2025-06-13 19:04:52.030238826 Z
  _version: 0.10.1/0.42.0/
  what: dimensions-of-terrain
  when: 2025-06-13 19:04:52.030315190 Z
