---
- added: 8
  cycles: 1
  deleted: 8
  inserted: 8
  seconds: 9.865562932
  version: 0.42.0
  what: judges-summary
  when: 2025-05-30 14:05:38.503624540 Z
- _id: 1
  _time: 2025-05-30 14:05:38.491211079 Z
  _version: 0.10.1/0.42.0/
  since: 2025-05-02 14:05:38.491393658 Z
  what: quality-of-service
  when: 2025-05-30 14:05:38.491356449 Z
- _id: 2
  _time: 2025-05-30 14:05:38.498252114 Z
  _version: 0.10.1/0.42.0/
  since: 2025-05-02 14:05:38.498453658 Z
  what: quantity-of-deliverables
  when: 2025-05-30 14:05:38.498402874 Z
- _id: 3
  _time: 2025-05-30 14:05:38.502683925 Z
  _version: 0.10.1/0.42.0/
  what: dimensions-of-terrain
  when: 2025-05-30 14:05:38.502762230 Z
