---
- added: 8
  cycles: 1
  deleted: 8
  inserted: 8
  seconds: 7.149212364
  version: 0.42.0
  what: judges-summary
  when: 2025-05-29 20:37:18.314885920 Z
- _id: 1
  _time: 2025-05-29 20:37:18.306635307 Z
  _version: 0.10.1/0.42.0/
  since: 2025-05-01 20:37:18.306821294 Z
  what: quantity-of-deliverables
  when: 2025-05-29 20:37:18.306782913 Z
- _id: 2
  _time: 2025-05-29 20:37:18.308142255 Z
  _version: 0.10.1/0.42.0/
  since: 2025-05-01 20:37:18.308274491 Z
  what: quality-of-service
  when: 2025-05-29 20:37:18.308241910 Z
- _id: 3
  _time: 2025-05-29 20:37:18.313093747 Z
  _version: 0.10.1/0.42.0/
  what: dimensions-of-terrain
  when: 2025-05-29 20:37:18.313171953 Z
