---
- added: 8
  cycles: 1
  deleted: 8
  inserted: 8
  seconds: 8.219004332
  version: 0.42.0
  what: judges-summary
  when: 2025-06-13 07:05:48.383617979 Z
- _id: 1
  _time: 2025-06-13 07:05:48.374203560 Z
  _version: 0.10.1/0.42.0/
  what: dimensions-of-terrain
  when: 2025-06-13 07:05:48.374360585 Z
- _id: 2
  _time: 2025-06-13 07:05:48.379718603 Z
  _version: 0.10.1/0.42.0/
  since: 2025-05-16 07:05:48.379860920 Z
  what: quality-of-service
  when: 2025-06-13 07:05:48.379827617 Z
- _id: 3
  _time: 2025-06-13 07:05:48.381615266 Z
  _version: 0.10.1/0.42.0/
  since: 2025-05-16 07:05:48.381720504 Z
  what: quantity-of-deliverables
  when: 2025-06-13 07:05:48.381695347 Z
