---
- added: 8
  cycles: 1
  deleted: 8
  inserted: 8
  seconds: 10.330940123
  version: 0.42.0
  what: judges-summary
  when: 2025-05-16 08:40:12.748910498 Z
- _id: 1
  _time: 2025-05-16 08:40:12.739592693 Z
  _version: 0.10.1/0.42.0/
  since: 2025-04-18 08:40:12.739778130 Z
  what: quality-of-service
  when: 2025-05-16 08:40:12.739739828 Z
- _id: 2
  _time: 2025-05-16 08:40:12.745753400 Z
  _version: 0.10.1/0.42.0/
  since: 2025-04-18 08:40:12.745893843 Z
  what: quantity-of-deliverables
  when: 2025-05-16 08:40:12.745864188 Z
- _id: 3
  _time: 2025-05-16 08:40:12.746983192 Z
  _version: 0.10.1/0.42.0/
  what: dimensions-of-terrain
  when: 2025-05-16 08:40:12.747058262 Z
