---
- added: 8
  cycles: 1
  deleted: 8
  inserted: 8
  seconds: 9.635001382
  version: 0.42.0
  what: judges-summary
  when: 2025-06-15 08:38:19.039487916 Z
- _id: 1
  _time: 2025-06-15 08:38:19.026143378 Z
  _version: 0.10.1/0.42.0/
  since: 2025-05-18 08:38:19.026329023 Z
  what: quantity-of-deliverables
  when: 2025-06-15 08:38:19.026291403 Z
- _id: 2
  _time: 2025-06-15 08:38:19.031908551 Z
  _version: 0.10.1/0.42.0/
  since: 2025-05-18 08:38:19.032049473 Z
  what: quality-of-service
  when: 2025-06-15 08:38:19.032016552 Z
- _id: 3
  _time: 2025-06-15 08:38:19.034220499 Z
  _version: 0.10.1/0.42.0/
  what: dimensions-of-terrain
  when: 2025-06-15 08:38:19.034298554 Z
