---
- added: 8
  cycles: 1
  deleted: 8
  inserted: 8
  seconds: 0.793576295
  version: 0.42.0
  what: judges-summary
  when: 2025-05-12 07:35:18.629567404 Z
- _id: 1
  _time: 2025-05-12 07:35:18.620538931 Z
  _version: 0.10.1/0.42.0/
  what: dimensions-of-terrain
  when: 2025-05-12 07:35:18.620686417 Z
- _id: 2
  _time: 2025-05-12 07:35:18.625696067 Z
  _version: 0.10.1/0.42.0/
  since: 2025-04-14 07:35:18.625846079 Z
  what: quantity-of-deliverables
  when: 2025-05-12 07:35:18.625809741 Z
- _id: 3
  _time: 2025-05-12 07:35:18.628235505 Z
  _version: 0.10.1/0.42.0/
  since: 2025-04-14 07:35:18.628415883 Z
  what: quality-of-service
  when: 2025-05-12 07:35:18.628381459 Z
