---
- added: 8
  cycles: 1
  deleted: 8
  inserted: 8
  seconds: 9.949302961
  version: 0.42.0
  what: judges-summary
  when: 2025-06-07 13:38:03.349452852 Z
- _id: 1
  _time: 2025-06-07 13:38:03.343493569 Z
  _version: 0.10.1/0.42.0/
  since: 2025-05-10 13:38:03.343674176 Z
  what: quality-of-service
  when: 2025-06-07 13:38:03.343636366 Z
- _id: 2
  _time: 2025-06-07 13:38:03.345381473 Z
  _version: 0.10.1/0.42.0/
  since: 2025-05-10 13:38:03.345481971 Z
  what: quantity-of-deliverables
  when: 2025-06-07 13:38:03.345458717 Z
- _id: 3
  _time: 2025-06-07 13:38:03.346711276 Z
  _version: 0.10.1/0.42.0/
  what: dimensions-of-terrain
  when: 2025-06-07 13:38:03.346785114 Z
