---
- added: 8
  cycles: 1
  deleted: 8
  inserted: 8
  seconds: 7.456512046
  version: 0.42.0
  what: judges-summary
  when: 2025-05-24 10:37:18.732065298 Z
- _id: 1
  _time: 2025-05-24 10:37:18.724036663 Z
  _version: 0.10.1/0.42.0/
  since: 2025-04-26 10:37:18.724227930 Z
  what: quantity-of-deliverables
  when: 2025-05-24 10:37:18.724190600 Z
- _id: 2
  _time: 2025-05-24 10:37:18.726114448 Z
  _version: 0.10.1/0.42.0/
  since: 2025-04-26 10:37:18.726396545 Z
  what: quality-of-service
  when: 2025-05-24 10:37:18.726322476 Z
- _id: 3
  _time: 2025-05-24 10:37:18.731160137 Z
  _version: 0.10.1/0.42.0/
  what: dimensions-of-terrain
  when: 2025-05-24 10:37:18.731244545 Z
