---
- added: 8
  cycles: 1
  deleted: 8
  inserted: 8
  seconds: 14.169723388
  version: 0.42.0
  what: judges-summary
  when: 2025-05-27 20:06:10.626565897 Z
- _id: 1
  _time: 2025-05-27 20:06:10.614389480 Z
  _version: 0.10.1/0.42.0/
  since: 2025-04-29 20:06:10.614572814 Z
  what: quality-of-service
  when: 2025-05-27 20:06:10.614535384 Z
- _id: 2
  _time: 2025-05-27 20:06:10.621960293 Z
  _version: 0.10.1/0.42.0/
  what: dimensions-of-terrain
  when: 2025-05-27 20:06:10.622039291 Z
- _id: 3
  _time: 2025-05-27 20:06:10.624411118 Z
  _version: 0.10.1/0.42.0/
  since: 2025-04-29 20:06:10.624506847 Z
  what: quantity-of-deliverables
  when: 2025-05-27 20:06:10.624484586 Z
