---
- added: 8
  cycles: 1
  deleted: 8
  inserted: 8
  seconds: 7.959256439
  version: 0.42.0
  what: judges-summary
  when: 2025-05-19 20:36:42.515606698 Z
- _id: 1
  _time: 2025-05-19 20:36:42.505637039 Z
  _version: 0.10.1/0.42.0/
  since: 2025-04-21 20:36:42.505821444 Z
  what: quantity-of-deliverables
  when: 2025-05-19 20:36:42.505783203 Z
- _id: 2
  _time: 2025-05-19 20:36:42.507129406 Z
  _version: 0.10.1/0.42.0/
  since: 2025-04-21 20:36:42.507260612 Z
  what: quality-of-service
  when: 2025-05-19 20:36:42.507229033 Z
- _id: 3
  _time: 2025-05-19 20:36:42.510110739 Z
  _version: 0.10.1/0.42.0/
  what: dimensions-of-terrain
  when: 2025-05-19 20:36:42.510186751 Z
