---
- added: 8
  cycles: 1
  deleted: 8
  inserted: 8
  seconds: 7.259852087
  version: 0.42.0
  what: judges-summary
  when: 2025-06-12 20:37:24.566322019 Z
- _id: 1
  _time: 2025-06-12 20:37:24.554162294 Z
  _version: 0.10.1/0.42.0/
  since: 2025-05-15 20:37:24.554348195 Z
  what: quality-of-service
  when: 2025-06-12 20:37:24.554310093 Z
- _id: 2
  _time: 2025-06-12 20:37:24.559315378 Z
  _version: 0.10.1/0.42.0/
  since: 2025-05-15 20:37:24.559417280 Z
  what: quantity-of-deliverables
  when: 2025-06-12 20:37:24.559394377 Z
- _id: 3
  _time: 2025-06-12 20:37:24.561425952 Z
  _version: 0.10.1/0.42.0/
  what: dimensions-of-terrain
  when: 2025-06-12 20:37:24.561502937 Z
