---
- added: 8
  cycles: 1
  deleted: 8
  inserted: 8
  seconds: 16.851860976
  version: 0.42.0
  what: judges-summary
  when: 2025-05-18 15:04:53.301895266 Z
- _id: 1
  _time: 2025-05-18 15:04:53.287284994 Z
  _version: 0.10.1/0.42.0/
  what: dimensions-of-terrain
  when: 2025-05-18 15:04:53.287440213 Z
- _id: 2
  _time: 2025-05-18 15:04:53.289740192 Z
  _version: 0.10.1/0.42.0/
  since: 2025-04-20 15:04:53.289877047 Z
  what: quantity-of-deliverables
  when: 2025-05-18 15:04:53.289842863 Z
- _id: 3
  _time: 2025-05-18 15:04:53.293854866 Z
  _version: 0.10.1/0.42.0/
  since: 2025-04-20 15:04:53.294086367 Z
  what: quality-of-service
  when: 2025-05-18 15:04:53.294026325 Z
