---
- added: 8
  cycles: 1
  deleted: 8
  inserted: 8
  seconds: 0.738291776
  version: 0.42.0
  what: judges-summary
  when: 2025-06-12 07:05:42.124210469 Z
- _id: 1
  _time: 2025-06-12 07:05:42.118610572 Z
  _version: 0.10.1/0.42.0/
  since: 2025-05-15 07:05:42.118830506 Z
  what: quality-of-service
  when: 2025-06-12 07:05:42.118791022 Z
- _id: 2
  _time: 2025-06-12 07:05:42.120345672 Z
  _version: 0.10.1/0.42.0/
  what: dimensions-of-terrain
  when: 2025-06-12 07:05:42.120423428 Z
- _id: 3
  _time: 2025-06-12 07:05:42.121597231 Z
  _version: 0.10.1/0.42.0/
  since: 2025-05-15 07:05:42.121698812 Z
  what: quantity-of-deliverables
  when: 2025-06-12 07:05:42.121674767 Z
