---
- added: 8
  cycles: 1
  deleted: 8
  inserted: 8
  seconds: 10.20607665
  version: 0.42.0
  what: judges-summary
  when: 2025-05-21 18:41:18.594478223 Z
- _id: 1
  _time: 2025-05-21 18:41:18.579170823 Z
  _version: 0.10.1/0.42.0/
  what: dimensions-of-terrain
  when: 2025-05-21 18:41:18.579329278 Z
- _id: 2
  _time: 2025-05-21 18:41:18.583826304 Z
  _version: 0.10.1/0.42.0/
  since: 2025-04-23 18:41:18.583962337 Z
  what: quality-of-service
  when: 2025-05-21 18:41:18.583929727 Z
- _id: 3
  _time: 2025-05-21 18:41:18.586312203 Z
  _version: 0.10.1/0.42.0/
  since: 2025-04-23 18:41:18.586453365 Z
  what: quantity-of-deliverables
  when: 2025-05-21 18:41:18.586427497 Z
