---
- added: 8
  cycles: 1
  deleted: 8
  inserted: 8
  seconds: 7.106524819
  version: 0.42.0
  what: judges-summary
  when: 2025-05-30 04:07:33.261817794 Z
- _id: 1
  _time: 2025-05-30 04:07:33.255441331 Z
  _version: 0.10.1/0.42.0/
  since: 2025-05-02 04:07:33.255664586 Z
  what: quality-of-service
  when: 2025-05-30 04:07:33.255623680 Z
- _id: 2
  _time: 2025-05-30 04:07:33.257494092 Z
  _version: 0.10.1/0.42.0/
  what: dimensions-of-terrain
  when: 2025-05-30 04:07:33.257676401 Z
- _id: 3
  _time: 2025-05-30 04:07:33.260902604 Z
  _version: 0.10.1/0.42.0/
  since: 2025-05-02 04:07:33.261002240 Z
  what: quantity-of-deliverables
  when: 2025-05-30 04:07:33.260978245 Z
