---
- added: 8
  cycles: 1
  deleted: 8
  inserted: 8
  seconds: 9.185041927
  version: 0.42.0
  what: judges-summary
  when: 2025-06-08 09:05:22.821524593 Z
- _id: 1
  _time: 2025-06-08 09:05:22.807629736 Z
  _version: 0.10.1/0.42.0/
  what: dimensions-of-terrain
  when: 2025-06-08 09:05:22.807778203 Z
- _id: 2
  _time: 2025-06-08 09:05:22.815377223 Z
  _version: 0.10.1/0.42.0/
  since: 2025-05-11 09:05:22.815514450 Z
  what: quality-of-service
  when: 2025-06-08 09:05:22.815479555 Z
- _id: 3
  _time: 2025-06-08 09:05:22.819171329 Z
  _version: 0.10.1/0.42.0/
  since: 2025-05-11 09:05:22.819270053 Z
  what: quantity-of-deliverables
  when: 2025-06-08 09:05:22.819247802 Z
