---
- added: 8
  cycles: 1
  deleted: 8
  inserted: 8
  seconds: 17.707336229
  version: 0.42.0
  what: judges-summary
  when: 2025-05-26 13:40:50.785628816 Z
- _id: 1
  _time: 2025-05-26 13:40:50.775362822 Z
  _version: 0.10.1/0.42.0/
  what: dimensions-of-terrain
  when: 2025-05-26 13:40:50.775509655 Z
- _id: 2
  _time: 2025-05-26 13:40:50.779140286 Z
  _version: 0.10.1/0.42.0/
  since: 2025-04-28 13:40:50.779274365 Z
  what: quality-of-service
  when: 2025-05-26 13:40:50.779242385 Z
- _id: 3
  _time: 2025-05-26 13:40:50.783368380 Z
  _version: 0.10.1/0.42.0/
  since: 2025-04-28 13:40:50.783467594 Z
  what: quantity-of-deliverables
  when: 2025-05-26 13:40:50.783443980 Z
