---
- added: 8
  cycles: 1
  deleted: 8
  inserted: 8
  seconds: 9.570645899
  version: 0.42.0
  what: judges-summary
  when: 2025-06-07 20:36:00.939539866 Z
- _id: 1
  _time: 2025-06-07 20:36:00.930277011 Z
  _version: 0.10.1/0.42.0/
  since: 2025-05-10 20:36:00.930455623 Z
  what: quality-of-service
  when: 2025-06-07 20:36:00.930419796 Z
- _id: 2
  _time: 2025-06-07 20:36:00.933742855 Z
  _version: 0.10.1/0.42.0/
  since: 2025-05-10 20:36:00.933841398 Z
  what: quantity-of-deliverables
  when: 2025-06-07 20:36:00.933819106 Z
- _id: 3
  _time: 2025-06-07 20:36:00.938582465 Z
  _version: 0.10.1/0.42.0/
  what: dimensions-of-terrain
  when: 2025-06-07 20:36:00.938669667 Z
