---
- added: 8
  cycles: 1
  deleted: 8
  inserted: 8
  seconds: 6.780461763
  version: 0.42.0
  what: judges-summary
  when: 2025-06-15 18:39:43.298840812 Z
- _id: 1
  _time: 2025-06-15 18:39:43.287829151 Z
  _version: 0.10.1/0.42.0/
  what: dimensions-of-terrain
  when: 2025-06-15 18:39:43.287973821 Z
- _id: 2
  _time: 2025-06-15 18:39:43.292266547 Z
  _version: 0.10.1/0.42.0/
  since: 2025-05-18 18:39:43.292405225 Z
  what: quality-of-service
  when: 2025-06-15 18:39:43.292371793 Z
- _id: 3
  _time: 2025-06-15 18:39:43.297917893 Z
  _version: 0.10.1/0.42.0/
  since: 2025-05-18 18:39:43.298020093 Z
  what: quantity-of-deliverables
  when: 2025-06-15 18:39:43.297995748 Z
