---
- added: 8
  cycles: 1
  deleted: 8
  inserted: 8
  seconds: 10.191220341
  version: 0.42.0
  what: judges-summary
  when: 2025-06-09 21:05:03.279280665 Z
- _id: 1
  _time: 2025-06-09 21:05:03.271869200 Z
  _version: 0.10.1/0.42.0/
  since: 2025-05-12 21:05:03.272051449 Z
  what: quantity-of-deliverables
  when: 2025-06-09 21:05:03.272014350 Z
- _id: 2
  _time: 2025-06-09 21:05:03.273272420 Z
  _version: 0.10.1/0.42.0/
  what: dimensions-of-terrain
  when: 2025-06-09 21:05:03.273372466 Z
- _id: 3
  _time: 2025-06-09 21:05:03.275908922 Z
  _version: 0.10.1/0.42.0/
  since: 2025-05-12 21:05:03.276041559 Z
  what: quality-of-service
  when: 2025-06-09 21:05:03.276009950 Z
