---
- added: 8
  cycles: 1
  deleted: 8
  inserted: 8
  seconds: 9.178580441
  version: 0.42.0
  what: judges-summary
  when: 2025-06-13 06:42:34.930519384 Z
- _id: 1
  _time: 2025-06-13 06:42:34.916924540 Z
  _version: 0.10.1/0.42.0/
  what: dimensions-of-terrain
  when: 2025-06-13 06:42:34.917093144 Z
- _id: 2
  _time: 2025-06-13 06:42:34.926063393 Z
  _version: 0.10.1/0.42.0/
  since: 2025-05-16 06:42:34.926203615 Z
  what: quality-of-service
  when: 2025-06-13 06:42:34.926169852 Z
- _id: 3
  _time: 2025-06-13 06:42:34.927924966 Z
  _version: 0.10.1/0.42.0/
  since: 2025-05-16 06:42:34.928022879 Z
  what: quantity-of-deliverables
  when: 2025-06-13 06:42:34.927999936 Z
