---
- added: 8
  cycles: 1
  deleted: 8
  inserted: 8
  seconds: 6.857678149
  version: 0.42.0
  what: judges-summary
  when: 2025-06-01 08:39:04.615469828 Z
- _id: 1
  _time: 2025-06-01 08:39:04.606019602 Z
  _version: 0.10.1/0.42.0/
  since: 2025-05-04 08:39:04.606224095 Z
  what: quantity-of-deliverables
  when: 2025-06-01 08:39:04.606166658 Z
- _id: 2
  _time: 2025-06-01 08:39:04.608532642 Z
  _version: 0.10.1/0.42.0/
  since: 2025-05-04 08:39:04.608673726 Z
  what: quality-of-service
  when: 2025-06-01 08:39:04.608639743 Z
- _id: 3
  _time: 2025-06-01 08:39:04.610466351 Z
  _version: 0.10.1/0.42.0/
  what: dimensions-of-terrain
  when: 2025-06-01 08:39:04.610553354 Z
