---
- added: 8
  cycles: 1
  deleted: 8
  inserted: 8
  seconds: 13.739286844
  version: 0.42.0
  what: judges-summary
  when: 2025-05-19 16:06:15.452876448 Z
- _id: 1
  _time: 2025-05-19 16:06:15.445709047 Z
  _version: 0.10.1/0.42.0/
  since: 2025-04-21 16:06:15.445922668 Z
  what: quality-of-service
  when: 2025-05-19 16:06:15.445881261 Z
- _id: 2
  _time: 2025-05-19 16:06:15.448722272 Z
  _version: 0.10.1/0.42.0/
  since: 2025-04-21 16:06:15.448844702 Z
  what: quantity-of-deliverables
  when: 2025-05-19 16:06:15.448796782 Z
- _id: 3
  _time: 2025-05-19 16:06:15.451170416 Z
  _version: 0.10.1/0.42.0/
  what: dimensions-of-terrain
  when: 2025-05-19 16:06:15.451247441 Z
