---
- added: 8
  cycles: 1
  deleted: 8
  inserted: 8
  seconds: 7.128710872
  version: 0.42.0
  what: judges-summary
  when: 2025-06-05 07:05:47.670790893 Z
- _id: 1
  _time: 2025-06-05 07:05:47.660365120 Z
  _version: 0.10.1/0.42.0/
  since: 2025-05-08 07:05:47.660587759 Z
  what: quality-of-service
  when: 2025-06-05 07:05:47.660548806 Z
- _id: 2
  _time: 2025-06-05 07:05:47.662164879 Z
  _version: 0.10.1/0.42.0/
  since: 2025-05-08 07:05:47.662260519 Z
  what: quantity-of-deliverables
  when: 2025-06-05 07:05:47.662238137 Z
- _id: 3
  _time: 2025-06-05 07:05:47.666767437 Z
  _version: 0.10.1/0.42.0/
  what: dimensions-of-terrain
  when: 2025-06-05 07:05:47.666843861 Z
