---
- added: 8
  cycles: 1
  deleted: 8
  inserted: 8
  seconds: 9.975132452
  version: 0.42.0
  what: judges-summary
  when: 2025-06-09 19:34:10.795702550 Z
- _id: 1
  _time: 2025-06-09 19:34:10.783195651 Z
  _version: 0.10.1/0.42.0/
  since: 2025-05-12 19:34:10.783379235 Z
  what: quantity-of-deliverables
  when: 2025-06-09 19:34:10.783341825 Z
- _id: 2
  _time: 2025-06-09 19:34:10.785670772 Z
  _version: 0.10.1/0.42.0/
  what: dimensions-of-terrain
  when: 2025-06-09 19:34:10.785773204 Z
- _id: 3
  _time: 2025-06-09 19:34:10.792475410 Z
  _version: 0.10.1/0.42.0/
  since: 2025-05-12 19:34:10.792617486 Z
  what: quality-of-service
  when: 2025-06-09 19:34:10.792584334 Z
