---
- added: 8
  cycles: 1
  deleted: 8
  inserted: 8
  seconds: 18.482303955
  version: 0.42.0
  what: judges-summary
  when: 2025-06-12 22:38:01.246523124 Z
- _id: 1
  _time: 2025-06-12 22:38:01.232976830 Z
  _version: 0.10.1/0.42.0/
  what: dimensions-of-terrain
  when: 2025-06-12 22:38:01.233128363 Z
- _id: 2
  _time: 2025-06-12 22:38:01.237952461 Z
  _version: 0.10.1/0.42.0/
  since: 2025-05-15 22:38:01.238092292 Z
  what: quality-of-service
  when: 2025-06-12 22:38:01.238058529 Z
- _id: 3
  _time: 2025-06-12 22:38:01.243419290 Z
  _version: 0.10.1/0.42.0/
  since: 2025-05-15 22:38:01.243532792 Z
  what: quantity-of-deliverables
  when: 2025-06-12 22:38:01.243509879 Z
