---
- added: 8
  cycles: 1
  deleted: 8
  inserted: 8
  seconds: 17.826604841
  version: 0.42.0
  what: judges-summary
  when: 2025-06-05 23:36:27.088571491 Z
- _id: 1
  _time: 2025-06-05 23:36:27.077049250 Z
  _version: 0.10.1/0.42.0/
  since: 2025-05-08 23:36:27.077238063 Z
  what: quality-of-service
  when: 2025-06-05 23:36:27.077199010 Z
- _id: 2
  _time: 2025-06-05 23:36:27.084664363 Z
  _version: 0.10.1/0.42.0/
  what: dimensions-of-terrain
  when: 2025-06-05 23:36:27.084776753 Z
- _id: 3
  _time: 2025-06-05 23:36:27.086864023 Z
  _version: 0.10.1/0.42.0/
  since: 2025-05-08 23:36:27.086965243 Z
  what: quantity-of-deliverables
  when: 2025-06-05 23:36:27.086941688 Z
