---
- added: 8
  cycles: 1
  deleted: 8
  inserted: 8
  seconds: 9.872707441
  version: 0.42.0
  what: judges-summary
  when: 2025-05-16 00:20:33.195731136 Z
- _id: 1
  _time: 2025-05-16 00:20:33.180613806 Z
  _version: 0.10.1/0.42.0/
  what: dimensions-of-terrain
  when: 2025-05-16 00:20:33.180782560 Z
- _id: 2
  _time: 2025-05-16 00:20:33.185775367 Z
  _version: 0.10.1/0.42.0/
  since: 2025-04-18 00:20:33.185921268 Z
  what: quality-of-service
  when: 2025-05-16 00:20:33.185888106 Z
- _id: 3
  _time: 2025-05-16 00:20:33.194780467 Z
  _version: 0.10.1/0.42.0/
  since: 2025-04-18 00:20:33.194893117 Z
  what: quantity-of-deliverables
  when: 2025-05-16 00:20:33.194862550 Z
