---
- added: 8
  cycles: 1
  deleted: 8
  inserted: 8
  seconds: 9.711248154
  version: 0.42.0
  what: judges-summary
  when: 2025-05-15 06:41:57.980531544 Z
- _id: 1
  _time: 2025-05-15 06:41:57.969043292 Z
  _version: 0.10.1/0.42.0/
  since: 2025-04-17 06:41:57.969228648 Z
  what: quality-of-service
  when: 2025-05-15 06:41:57.969191869 Z
- _id: 2
  _time: 2025-05-15 06:41:57.973512867 Z
  _version: 0.10.1/0.42.0/
  what: dimensions-of-terrain
  when: 2025-05-15 06:41:57.973590531 Z
- _id: 3
  _time: 2025-05-15 06:41:57.975637372 Z
  _version: 0.10.1/0.42.0/
  since: 2025-04-17 06:41:57.975734944 Z
  what: quantity-of-deliverables
  when: 2025-05-15 06:41:57.975711530 Z
