---
- added: 8
  cycles: 1
  deleted: 8
  inserted: 8
  seconds: 7.286746069
  version: 0.42.0
  what: judges-summary
  when: 2025-05-18 21:33:47.877529906 Z
- _id: 1
  _time: 2025-05-18 21:33:47.868033716 Z
  _version: 0.10.1/0.42.0/
  since: 2025-04-20 21:33:47.868216056 Z
  what: quantity-of-deliverables
  when: 2025-05-18 21:33:47.868177374 Z
- _id: 2
  _time: 2025-05-18 21:33:47.869431907 Z
  _version: 0.10.1/0.42.0/
  what: dimensions-of-terrain
  when: 2025-05-18 21:33:47.869541432 Z
- _id: 3
  _time: 2025-05-18 21:33:47.871925529 Z
  _version: 0.10.1/0.42.0/
  since: 2025-04-20 21:33:47.872061062 Z
  what: quality-of-service
  when: 2025-05-18 21:33:47.872028372 Z
