---
- added: 8
  cycles: 1
  deleted: 8
  inserted: 8
  seconds: 17.408424995
  version: 0.42.0
  what: judges-summary
  when: 2025-05-19 21:05:07.923242949 Z
- _id: 1
  _time: 2025-05-19 21:05:07.909282791 Z
  _version: 0.10.1/0.42.0/
  since: 2025-04-21 21:05:07.909522010 Z
  what: quality-of-service
  when: 2025-05-19 21:05:07.909482916 Z
- _id: 2
  _time: 2025-05-19 21:05:07.914898655 Z
  _version: 0.10.1/0.42.0/
  since: 2025-04-21 21:05:07.915024932 Z
  what: quantity-of-deliverables
  when: 2025-05-19 21:05:07.914975810 Z
- _id: 3
  _time: 2025-05-19 21:05:07.922247003 Z
  _version: 0.10.1/0.42.0/
  what: dimensions-of-terrain
  when: 2025-05-19 21:05:07.922370665 Z
