---
- added: 8
  cycles: 1
  deleted: 8
  inserted: 8
  seconds: 10.322218417
  version: 0.42.0
  what: judges-summary
  when: 2025-05-26 02:35:51.510526635 Z
- _id: 1
  _time: 2025-05-26 02:35:51.498253376 Z
  _version: 0.10.1/0.42.0/
  since: 2025-04-28 02:35:51.498434023 Z
  what: quality-of-service
  when: 2025-05-26 02:35:51.498397325 Z
- _id: 2
  _time: 2025-05-26 02:35:51.502526796 Z
  _version: 0.10.1/0.42.0/
  since: 2025-04-28 02:35:51.502730798 Z
  what: quantity-of-deliverables
  when: 2025-05-26 02:35:51.502679151 Z
- _id: 3
  _time: 2025-05-26 02:35:51.507789657 Z
  _version: 0.10.1/0.42.0/
  what: dimensions-of-terrain
  when: 2025-05-26 02:35:51.507865158 Z
