---
- added: 8
  cycles: 1
  deleted: 8
  inserted: 8
  seconds: 13.360642817
  version: 0.42.0
  what: judges-summary
  when: 2025-06-02 19:04:49.787114278 Z
- _id: 1
  _time: 2025-06-02 19:04:49.773433570 Z
  _version: 0.10.1/0.42.0/
  since: 2025-05-05 19:04:49.773616733 Z
  what: quantity-of-deliverables
  when: 2025-06-02 19:04:49.773578271 Z
- _id: 2
  _time: 2025-06-02 19:04:49.778642872 Z
  _version: 0.10.1/0.42.0/
  since: 2025-05-05 19:04:49.778799065 Z
  what: quality-of-service
  when: 2025-06-02 19:04:49.778749542 Z
- _id: 3
  _time: 2025-06-02 19:04:49.782005473 Z
  _version: 0.10.1/0.42.0/
  what: dimensions-of-terrain
  when: 2025-06-02 19:04:49.782133634 Z
