---
- added: 8
  cycles: 1
  deleted: 8
  inserted: 8
  seconds: 10.175858844
  version: 0.42.0
  what: judges-summary
  when: 2025-05-20 15:37:56.842625006 Z
- _id: 1
  _time: 2025-05-20 15:37:56.828930891 Z
  _version: 0.10.1/0.42.0/
  what: dimensions-of-terrain
  when: 2025-05-20 15:37:56.829081592 Z
- _id: 2
  _time: 2025-05-20 15:37:56.836659400 Z
  _version: 0.10.1/0.42.0/
  since: 2025-04-22 15:37:56.836797477 Z
  what: quantity-of-deliverables
  when: 2025-05-20 15:37:56.836764686 Z
- _id: 3
  _time: 2025-05-20 15:37:56.838159507 Z
  _version: 0.10.1/0.42.0/
  since: 2025-04-22 15:37:56.838305239 Z
  what: quality-of-service
  when: 2025-05-20 15:37:56.838271886 Z
