---
- added: 8
  cycles: 1
  deleted: 8
  inserted: 8
  seconds: 7.708108849
  version: 0.42.0
  what: judges-summary
  when: 2025-05-27 23:05:20.676892071 Z
- _id: 1
  _time: 2025-05-27 23:05:20.665929371 Z
  _version: 0.10.1/0.42.0/
  since: 2025-04-29 23:05:20.666113994 Z
  what: quality-of-service
  when: 2025-05-27 23:05:20.666075573 Z
- _id: 2
  _time: 2025-05-27 23:05:20.668953780 Z
  _version: 0.10.1/0.42.0/
  what: dimensions-of-terrain
  when: 2025-05-27 23:05:20.669030894 Z
- _id: 3
  _time: 2025-05-27 23:05:20.670357807 Z
  _version: 0.10.1/0.42.0/
  since: 2025-04-29 23:05:20.670456100 Z
  what: quantity-of-deliverables
  when: 2025-05-27 23:05:20.670432886 Z
