---
- added: 8
  cycles: 1
  deleted: 8
  inserted: 8
  seconds: 9.51510238
  version: 0.42.0
  what: judges-summary
  when: 2025-06-14 23:05:32.349212016 Z
- _id: 1
  _time: 2025-06-14 23:05:32.339440484 Z
  _version: 0.10.1/0.42.0/
  what: dimensions-of-terrain
  when: 2025-06-14 23:05:32.339583671 Z
- _id: 2
  _time: 2025-06-14 23:05:32.345508998 Z
  _version: 0.10.1/0.42.0/
  since: 2025-05-17 23:05:32.345641435 Z
  what: quantity-of-deliverables
  when: 2025-06-14 23:05:32.345608544 Z
- _id: 3
  _time: 2025-06-14 23:05:32.347953648 Z
  _version: 0.10.1/0.42.0/
  since: 2025-05-17 23:05:32.348087378 Z
  what: quality-of-service
  when: 2025-06-14 23:05:32.348053244 Z
