---
- added: 8
  cycles: 1
  deleted: 8
  inserted: 8
  seconds: 7.573807434
  version: 0.42.0
  what: judges-summary
  when: 2025-05-28 03:24:10.909267861 Z
- _id: 1
  _time: 2025-05-28 03:24:10.895195553 Z
  _version: 0.10.1/0.42.0/
  what: dimensions-of-terrain
  when: 2025-05-28 03:24:10.895351643 Z
- _id: 2
  _time: 2025-05-28 03:24:10.897695974 Z
  _version: 0.10.1/0.42.0/
  since: 2025-04-30 03:24:10.897830624 Z
  what: quantity-of-deliverables
  when: 2025-05-28 03:24:10.897798354 Z
- _id: 3
  _time: 2025-05-28 03:24:10.904346109 Z
  _version: 0.10.1/0.42.0/
  since: 2025-04-30 03:24:10.904488323 Z
  what: quality-of-service
  when: 2025-05-28 03:24:10.904455342 Z
