---
- added: 8
  cycles: 1
  deleted: 8
  inserted: 8
  seconds: 7.372746792
  version: 0.42.0
  what: judges-summary
  when: 2025-05-29 22:38:07.321790427 Z
- _id: 1
  _time: 2025-05-29 22:38:07.309095347 Z
  _version: 0.10.1/0.42.0/
  since: 2025-05-01 22:38:07.309276999 Z
  what: quantity-of-deliverables
  when: 2025-05-29 22:38:07.309239929 Z
- _id: 2
  _time: 2025-05-29 22:38:07.313351309 Z
  _version: 0.10.1/0.42.0/
  since: 2025-05-01 22:38:07.313484189 Z
  what: quality-of-service
  when: 2025-05-29 22:38:07.313453341 Z
- _id: 3
  _time: 2025-05-29 22:38:07.318524738 Z
  _version: 0.10.1/0.42.0/
  what: dimensions-of-terrain
  when: 2025-05-29 22:38:07.318624706 Z
