---
- added: 8
  cycles: 1
  deleted: 8
  inserted: 8
  seconds: 17.485919895
  version: 0.42.0
  what: judges-summary
  when: 2025-05-26 17:36:34.493819492 Z
- _id: 1
  _time: 2025-05-26 17:36:34.478499262 Z
  _version: 0.10.1/0.42.0/
  latest: 49635242066
  repository: 570457023
  what: events-were-scanned
  where: github
- _id: 2
  _time: 2025-05-26 17:36:34.486138538 Z
  _version: 0.10.1/0.42.0/
  since: 2025-04-28 17:36:34.486263161 Z
  what: quantity-of-deliverables
  when: 2025-05-26 17:36:34.486235419 Z
- _id: 3
  _time: 2025-05-26 17:36:34.489434366 Z
  _version: 0.10.1/0.42.0/
  since: 2025-04-28 17:36:34.489536126 Z
  what: quality-of-service
  when: 2025-05-26 17:36:34.489512372 Z
- _id: 4
  _time: 2025-05-26 17:36:34.491908596 Z
  _version: 0.10.1/0.42.0/
  what: dimensions-of-terrain
  when: 2025-05-26 17:36:34.491983446 Z
