---
- added: 8
  cycles: 1
  deleted: 8
  inserted: 8
  seconds: 8.188623586
  version: 0.42.0
  what: judges-summary
  when: 2025-05-14 12:08:20.964880917 Z
- _id: 1
  _time: 2025-05-14 12:08:20.953302890 Z
  _version: 0.10.1/0.42.0/
  since: 2025-04-16 12:08:20.953508181 Z
  what: quality-of-service
  when: 2025-05-14 12:08:20.953470571 Z
- _id: 2
  _time: 2025-05-14 12:08:20.958806608 Z
  _version: 0.10.1/0.42.0/
  what: dimensions-of-terrain
  when: 2025-05-14 12:08:20.958907766 Z
- _id: 3
  _time: 2025-05-14 12:08:20.960327392 Z
  _version: 0.10.1/0.42.0/
  since: 2025-04-16 12:08:20.960427568 Z
  what: quantity-of-deliverables
  when: 2025-05-14 12:08:20.960404295 Z
