---
- added: 8
  cycles: 1
  deleted: 8
  inserted: 8
  seconds: 6.778062842
  version: 0.42.0
  what: judges-summary
  when: 2025-06-07 00:49:16.684744357 Z
- _id: 1
  _time: 2025-06-07 00:49:16.671078620 Z
  _version: 0.10.1/0.42.0/
  what: dimensions-of-terrain
  when: 2025-06-07 00:49:16.671229021 Z
- _id: 2
  _time: 2025-06-07 00:49:16.676301833 Z
  _version: 0.10.1/0.42.0/
  since: 2025-05-10 00:49:16.676439771 Z
  what: quality-of-service
  when: 2025-06-07 00:49:16.676406249 Z
- _id: 3
  _time: 2025-06-07 00:49:16.682381831 Z
  _version: 0.10.1/0.42.0/
  since: 2025-05-10 00:49:16.682487298 Z
  what: quantity-of-deliverables
  when: 2025-06-07 00:49:16.682464555 Z
