---
- added: 8
  cycles: 1
  deleted: 8
  inserted: 8
  seconds: 9.642980443
  version: 0.42.0
  what: judges-summary
  when: 2025-06-07 17:04:32.974155628 Z
- _id: 1
  _time: 2025-06-07 17:04:32.960225603 Z
  _version: 0.10.1/0.42.0/
  since: 2025-05-10 17:04:32.960411390 Z
  what: quantity-of-deliverables
  when: 2025-06-07 17:04:32.960374641 Z
- _id: 2
  _time: 2025-06-07 17:04:32.966526419 Z
  _version: 0.10.1/0.42.0/
  since: 2025-05-10 17:04:32.966702778 Z
  what: quality-of-service
  when: 2025-06-07 17:04:32.966667282 Z
- _id: 3
  _time: 2025-06-07 17:04:32.968648560 Z
  _version: 0.10.1/0.42.0/
  what: dimensions-of-terrain
  when: 2025-06-07 17:04:32.968802617 Z
