---
- added: 8
  cycles: 1
  deleted: 8
  inserted: 8
  seconds: 10.104627316
  version: 0.42.0
  what: judges-summary
  when: 2025-05-13 13:42:05.857558129 Z
- _id: 1
  _time: 2025-05-13 13:42:05.850727616 Z
  _version: 0.10.1/0.42.0/
  since: 2025-04-15 13:42:05.850909706 Z
  what: quality-of-service
  when: 2025-05-13 13:42:05.850873228 Z
- _id: 2
  _time: 2025-05-13 13:42:05.852350739 Z
  _version: 0.10.1/0.42.0/
  what: dimensions-of-terrain
  when: 2025-05-13 13:42:05.852425398 Z
- _id: 3
  _time: 2025-05-13 13:42:05.855652439 Z
  _version: 0.10.1/0.42.0/
  since: 2025-04-15 13:42:05.855753889 Z
  what: quantity-of-deliverables
  when: 2025-05-13 13:42:05.855731287 Z
