---
- added: 8
  cycles: 1
  deleted: 8
  inserted: 8
  seconds: 8.020394139
  version: 0.42.0
  what: judges-summary
  when: 2025-05-13 08:07:02.939127231 Z
- _id: 1
  _time: 2025-05-13 08:07:02.933403183 Z
  _version: 0.10.1/0.42.0/
  what: dimensions-of-terrain
  when: 2025-05-13 08:07:02.933594581 Z
- _id: 2
  _time: 2025-05-13 08:07:02.936351093 Z
  _version: 0.10.1/0.42.0/
  since: 2025-04-15 08:07:02.936526009 Z
  what: quantity-of-deliverables
  when: 2025-05-13 08:07:02.936484823 Z
- _id: 3
  _time: 2025-05-13 08:07:02.937813135 Z
  _version: 0.10.1/0.42.0/
  since: 2025-04-15 08:07:02.937946404 Z
  what: quality-of-service
  when: 2025-05-13 08:07:02.937914044 Z
