---
- added: 8
  cycles: 1
  deleted: 8
  inserted: 8
  seconds: 6.711906672
  version: 0.42.0
  what: judges-summary
  when: 2025-06-13 23:35:52.963151986 Z
- _id: 1
  _time: 2025-06-13 23:35:52.954307206 Z
  _version: 0.10.1/0.42.0/
  since: 2025-05-16 23:35:52.954490128 Z
  what: quality-of-service
  when: 2025-06-13 23:35:52.954452828 Z
- _id: 2
  _time: 2025-06-13 23:35:52.961183776 Z
  _version: 0.10.1/0.42.0/
  since: 2025-05-16 23:35:52.961289283 Z
  what: quantity-of-deliverables
  when: 2025-06-13 23:35:52.961265138 Z
- _id: 3
  _time: 2025-06-13 23:35:52.962298119 Z
  _version: 0.10.1/0.42.0/
  what: dimensions-of-terrain
  when: 2025-06-13 23:35:52.962376155 Z
