---
- added: 8
  cycles: 1
  deleted: 8
  inserted: 8
  seconds: 17.115432112
  version: 0.42.0
  what: judges-summary
  when: 2025-05-21 21:35:12.740832099 Z
- _id: 1
  _time: 2025-05-21 21:35:12.731895251 Z
  _version: 0.10.1/0.42.0/
  since: 2025-04-23 21:35:12.732076128 Z
  what: quality-of-service
  when: 2025-05-21 21:35:12.732038317 Z
- _id: 2
  _time: 2025-05-21 21:35:12.733629131 Z
  _version: 0.10.1/0.42.0/
  what: dimensions-of-terrain
  when: 2025-05-21 21:35:12.733705503 Z
- _id: 3
  _time: 2025-05-21 21:35:12.739942512 Z
  _version: 0.10.1/0.42.0/
  since: 2025-04-23 21:35:12.740038371 Z
  what: quantity-of-deliverables
  when: 2025-05-21 21:35:12.740016139 Z
