---
- added: 8
  cycles: 1
  deleted: 8
  inserted: 8
  seconds: 0.772673278
  version: 0.42.0
  what: judges-summary
  when: 2025-06-15 10:39:11.819924278 Z
- _id: 1
  _time: 2025-06-15 10:39:11.810171836 Z
  _version: 0.10.1/0.42.0/
  what: dimensions-of-terrain
  when: 2025-06-15 10:39:11.810315033 Z
- _id: 2
  _time: 2025-06-15 10:39:11.815134453 Z
  _version: 0.10.1/0.42.0/
  since: 2025-05-18 10:39:11.815370754 Z
  what: quantity-of-deliverables
  when: 2025-06-15 10:39:11.815309149 Z
- _id: 3
  _time: 2025-06-15 10:39:11.816792997 Z
  _version: 0.10.1/0.42.0/
  since: 2025-05-18 10:39:11.816963725 Z
  what: quality-of-service
  when: 2025-06-15 10:39:11.816902110 Z
