---
- added: 8
  cycles: 1
  deleted: 8
  error: 'key not found: "data"'
  inserted: 8
  seconds: 8.423833063
  version: 0.42.0
  what: judges-summary
  when: 2025-05-28 11:05:12.833865566 Z
- _id: 1
  _time: 2025-05-28 11:05:12.059508531 Z
  _version: 0.10.1/0.42.0/
  details: The issue objectionary/objectionary.github.io#1 has been closed by @volodya-lombrozo.
  event_id: 49663402772
  event_type: IssuesEvent
  issue: 1
  repository: 490157985
  what: issue-was-closed
  when: 2025-05-13 12:22:44.000000000 Z
  where: github
  who: 51804353
- _id: 2
  _time: 2025-05-28 11:05:12.821556591 Z
  _version: 0.10.1/0.42.0/
  since: 2025-04-30 11:05:12.821678100 Z
  what: quality-of-service
  when: 2025-05-28 11:05:12.821652933 Z
- _id: 3
  _time: 2025-05-28 11:05:12.823495282 Z
  _version: 0.10.1/0.42.0/
  what: dimensions-of-terrain
  when: 2025-05-28 11:05:12.823571124 Z
- _id: 4
  _time: 2025-05-28 11:05:12.829357834 Z
  _version: 0.10.1/0.42.0/
  since: 2025-04-30 11:05:12.829455687 Z
  what: quantity-of-deliverables
  when: 2025-05-28 11:05:12.829432514 Z
- _id: 5
  _time: 2025-05-28 11:05:12.831876723 Z
  _version: 0.10.1/0.42.0/
  name: volodya-lombrozo
  what: who-has-name
  when: 2025-05-28 11:05:12.832063214 Z
  where: github
  who: 51804353
