---
- added: 8
  cycles: 1
  deleted: 8
  inserted: 8
  seconds: 10.075449772
  version: 0.42.0
  what: judges-summary
  when: 2025-06-15 14:36:20.016271868 Z
- _id: 1
  _time: 2025-06-15 14:36:20.007414970 Z
  _version: 0.10.1/0.42.0/
  since: 2025-05-18 14:36:20.007604806 Z
  what: quality-of-service
  when: 2025-06-15 14:36:20.007565442 Z
- _id: 2
  _time: 2025-06-15 14:36:20.008934310 Z
  _version: 0.10.1/0.42.0/
  what: dimensions-of-terrain
  when: 2025-06-15 14:36:20.009011886 Z
- _id: 3
  _time: 2025-06-15 14:36:20.012876859 Z
  _version: 0.10.1/0.42.0/
  since: 2025-05-18 14:36:20.012978309 Z
  what: quantity-of-deliverables
  when: 2025-06-15 14:36:20.012954435 Z
