---
- added: 8
  cycles: 1
  deleted: 8
  inserted: 8
  seconds: 7.40529224
  version: 0.42.0
  what: judges-summary
  when: 2025-05-24 05:05:25.749703778 Z
- _id: 1
  _time: 2025-05-24 05:05:25.740416695 Z
  _version: 0.10.1/0.42.0/
  since: 2025-04-26 05:05:25.740599558 Z
  what: quantity-of-deliverables
  when: 2025-05-24 05:05:25.740562418 Z
- _id: 2
  _time: 2025-05-24 05:05:25.746957342 Z
  _version: 0.10.1/0.42.0/
  what: dimensions-of-terrain
  when: 2025-05-24 05:05:25.747062980 Z
- _id: 3
  _time: 2025-05-24 05:05:25.748420901 Z
  _version: 0.10.1/0.42.0/
  since: 2025-04-26 05:05:25.748566504 Z
  what: quality-of-service
  when: 2025-05-24 05:05:25.748531949 Z
