---
- added: 8
  cycles: 1
  deleted: 8
  inserted: 8
  seconds: 6.829822632
  version: 0.42.0
  what: judges-summary
  when: 2025-05-26 23:05:14.019901027 Z
- _id: 1
  _time: 2025-05-26 23:05:14.008547005 Z
  _version: 0.10.1/0.42.0/
  what: dimensions-of-terrain
  when: 2025-05-26 23:05:14.008691616 Z
- _id: 2
  _time: 2025-05-26 23:05:14.016432577 Z
  _version: 0.10.1/0.42.0/
  since: 2025-04-28 23:05:14.016568902 Z
  what: quality-of-service
  when: 2025-05-26 23:05:14.016536522 Z
- _id: 3
  _time: 2025-05-26 23:05:14.019042739 Z
  _version: 0.10.1/0.42.0/
  since: 2025-04-28 23:05:14.019140923 Z
  what: quantity-of-deliverables
  when: 2025-05-26 23:05:14.019117529 Z
