---
- added: 8
  cycles: 1
  deleted: 8
  inserted: 8
  seconds: 7.50263992
  version: 0.42.0
  what: judges-summary
  when: 2025-06-11 07:35:49.868714391 Z
- _id: 1
  _time: 2025-06-11 07:35:49.861627639 Z
  _version: 0.10.1/0.42.0/
  since: 2025-05-14 07:35:49.861809186 Z
  what: quality-of-service
  when: 2025-06-11 07:35:49.861772007 Z
- _id: 2
  _time: 2025-06-11 07:35:49.863487869 Z
  _version: 0.10.1/0.42.0/
  what: dimensions-of-terrain
  when: 2025-06-11 07:35:49.863563839 Z
- _id: 3
  _time: 2025-06-11 07:35:49.864892433 Z
  _version: 0.10.1/0.42.0/
  since: 2025-05-14 07:35:49.864988722 Z
  what: quantity-of-deliverables
  when: 2025-06-11 07:35:49.864965639 Z
