---
- added: 8
  cycles: 1
  deleted: 8
  inserted: 8
  seconds: 10.720006011
  version: 0.42.0
  what: judges-summary
  when: 2025-05-28 10:06:30.409759020 Z
- _id: 1
  _time: 2025-05-28 10:06:30.398916461 Z
  _version: 0.10.1/0.42.0/
  since: 2025-04-30 10:06:30.399107779 Z
  what: quality-of-service
  when: 2025-05-28 10:06:30.399070699 Z
- _id: 2
  _time: 2025-05-28 10:06:30.401681312 Z
  _version: 0.10.1/0.42.0/
  what: dimensions-of-terrain
  when: 2025-05-28 10:06:30.401757586 Z
- _id: 3
  _time: 2025-05-28 10:06:30.403010664 Z
  _version: 0.10.1/0.42.0/
  since: 2025-04-30 10:06:30.403107626 Z
  what: quantity-of-deliverables
  when: 2025-05-28 10:06:30.403085054 Z
