---
- added: 8
  cycles: 1
  deleted: 8
  inserted: 8
  seconds: 8.42833896
  version: 0.42.0
  what: judges-summary
  when: 2025-06-10 20:37:23.875401648 Z
- _id: 1
  _time: 2025-06-10 20:37:23.864535932 Z
  _version: 0.10.1/0.42.0/
  what: dimensions-of-terrain
  when: 2025-06-10 20:37:23.864688326 Z
- _id: 2
  _time: 2025-06-10 20:37:23.866840907 Z
  _version: 0.10.1/0.42.0/
  since: 2025-05-13 20:37:23.866975348 Z
  what: quantity-of-deliverables
  when: 2025-06-10 20:37:23.866942657 Z
- _id: 3
  _time: 2025-06-10 20:37:23.869053829 Z
  _version: 0.10.1/0.42.0/
  since: 2025-05-13 20:37:23.869186717 Z
  what: quality-of-service
  when: 2025-06-10 20:37:23.869154657 Z
