---
- added: 8
  cycles: 1
  deleted: 8
  inserted: 8
  seconds: 7.820616913
  version: 0.42.0
  what: judges-summary
  when: 2025-06-01 16:39:32.937374758 Z
- _id: 1
  _time: 2025-06-01 16:39:32.923871743 Z
  _version: 0.10.1/0.42.0/
  what: dimensions-of-terrain
  when: 2025-06-01 16:39:32.924020611 Z
- _id: 2
  _time: 2025-06-01 16:39:32.932622290 Z
  _version: 0.10.1/0.42.0/
  since: 2025-05-04 16:39:32.932784654 Z
  what: quality-of-service
  when: 2025-06-01 16:39:32.932750701 Z
- _id: 3
  _time: 2025-06-01 16:39:32.935682233 Z
  _version: 0.10.1/0.42.0/
  since: 2025-05-04 16:39:32.935784475 Z
  what: quantity-of-deliverables
  when: 2025-06-01 16:39:32.935760790 Z
