---
- added: 8
  cycles: 1
  deleted: 8
  inserted: 8
  seconds: 9.974832891
  version: 0.42.0
  what: judges-summary
  when: 2025-05-30 18:41:10.579711150 Z
- _id: 1
  _time: 2025-05-30 18:41:10.569060257 Z
  _version: 0.10.1/0.42.0/
  what: dimensions-of-terrain
  when: 2025-05-30 18:41:10.569240493 Z
- _id: 2
  _time: 2025-05-30 18:41:10.573084755 Z
  _version: 0.10.1/0.42.0/
  since: 2025-05-02 18:41:10.573256636 Z
  what: quantity-of-deliverables
  when: 2025-05-30 18:41:10.573221811 Z
- _id: 3
  _time: 2025-05-30 18:41:10.578441251 Z
  _version: 0.10.1/0.42.0/
  since: 2025-05-02 18:41:10.578577885 Z
  what: quality-of-service
  when: 2025-05-30 18:41:10.578544634 Z
