---
- added: 8
  cycles: 1
  deleted: 8
  inserted: 8
  seconds: 17.882278326
  version: 0.42.0
  what: judges-summary
  when: 2025-06-06 18:06:56.338728735 Z
- _id: 1
  _time: 2025-06-06 18:06:56.329961078 Z
  _version: 0.10.1/0.42.0/
  what: dimensions-of-terrain
  when: 2025-06-06 18:06:56.330108334 Z
- _id: 2
  _time: 2025-06-06 18:06:56.335936896 Z
  _version: 0.10.1/0.42.0/
  since: 2025-05-09 18:06:56.336071387 Z
  what: quality-of-service
  when: 2025-06-06 18:06:56.336038776 Z
- _id: 3
  _time: 2025-06-06 18:06:56.337779480 Z
  _version: 0.10.1/0.42.0/
  since: 2025-05-09 18:06:56.337878665 Z
  what: quantity-of-deliverables
  when: 2025-06-06 18:06:56.337855452 Z
