---
- added: 8
  cycles: 1
  deleted: 8
  inserted: 8
  seconds: 9.423285614
  version: 0.42.0
  what: judges-summary
  when: 2025-06-07 04:38:57.790230555 Z
- _id: 1
  _time: 2025-06-07 04:38:57.777768699 Z
  _version: 0.10.1/0.42.0/
  since: 2025-05-10 04:38:57.777973523 Z
  what: quality-of-service
  when: 2025-06-07 04:38:57.777913550 Z
- _id: 2
  _time: 2025-06-07 04:38:57.784989215 Z
  _version: 0.10.1/0.42.0/
  since: 2025-05-10 04:38:57.785162239 Z
  what: quantity-of-deliverables
  when: 2025-06-07 04:38:57.785134818 Z
- _id: 3
  _time: 2025-06-07 04:38:57.788379573 Z
  _version: 0.10.1/0.42.0/
  what: dimensions-of-terrain
  when: 2025-06-07 04:38:57.788455165 Z
