---
- added: 8
  cycles: 1
  deleted: 8
  inserted: 8
  seconds: 13.590707167
  version: 0.42.0
  what: judges-summary
  when: 2025-05-19 12:46:48.637631225 Z
- _id: 1
  _time: 2025-05-19 12:46:48.625024245 Z
  _version: 0.10.1/0.42.0/
  since: 2025-04-21 12:46:48.625205325 Z
  what: quantity-of-deliverables
  when: 2025-05-19 12:46:48.625168687 Z
- _id: 2
  _time: 2025-05-19 12:46:48.628840624 Z
  _version: 0.10.1/0.42.0/
  what: dimensions-of-terrain
  when: 2025-05-19 12:46:48.628942675 Z
- _id: 3
  _time: 2025-05-19 12:46:48.634666353 Z
  _version: 0.10.1/0.42.0/
  since: 2025-04-21 12:46:48.634837555 Z
  what: quality-of-service
  when: 2025-05-19 12:46:48.634800626 Z
