---
- added: 8
  cycles: 1
  deleted: 8
  inserted: 8
  seconds: 17.746043513
  version: 0.42.0
  what: judges-summary
  when: 2025-06-11 00:49:31.822780254 Z
- _id: 1
  _time: 2025-06-11 00:49:31.808230446 Z
  _version: 0.10.1/0.42.0/
  what: dimensions-of-terrain
  when: 2025-06-11 00:49:31.808379885 Z
- _id: 2
  _time: 2025-06-11 00:49:31.814380504 Z
  _version: 0.10.1/0.42.0/
  since: 2025-05-14 00:49:31.814519584 Z
  what: quality-of-service
  when: 2025-06-11 00:49:31.814486612 Z
- _id: 3
  _time: 2025-06-11 00:49:31.816824050 Z
  _version: 0.10.1/0.42.0/
  since: 2025-05-14 00:49:31.816960195 Z
  what: quantity-of-deliverables
  when: 2025-06-11 00:49:31.816931621 Z
