---
- added: 8
  cycles: 1
  deleted: 8
  inserted: 8
  seconds: 9.417805216
  version: 0.42.0
  what: judges-summary
  when: 2025-05-24 08:37:43.313075877 Z
- _id: 1
  _time: 2025-05-24 08:37:43.304144890 Z
  _version: 0.10.1/0.42.0/
  since: 2025-04-26 08:37:43.304323273 Z
  what: quality-of-service
  when: 2025-05-24 08:37:43.304287146 Z
- _id: 2
  _time: 2025-05-24 08:37:43.307759577 Z
  _version: 0.10.1/0.42.0/
  since: 2025-04-26 08:37:43.307974037 Z
  what: quantity-of-deliverables
  when: 2025-05-24 08:37:43.307922771 Z
- _id: 3
  _time: 2025-05-24 08:37:43.311286301 Z
  _version: 0.10.1/0.42.0/
  what: dimensions-of-terrain
  when: 2025-05-24 08:37:43.311364397 Z
