---
- added: 8
  cycles: 1
  deleted: 8
  inserted: 8
  seconds: 6.788256257
  version: 0.42.0
  what: judges-summary
  when: 2025-05-30 19:33:48.207061671 Z
- _id: 1
  _time: 2025-05-30 19:33:48.197927265 Z
  _version: 0.10.1/0.42.0/
  since: 2025-05-02 19:33:48.198118957 Z
  what: quality-of-service
  when: 2025-05-30 19:33:48.198080435 Z
- _id: 2
  _time: 2025-05-30 19:33:48.203715225 Z
  _version: 0.10.1/0.42.0/
  since: 2025-05-02 19:33:48.203826224 Z
  what: quantity-of-deliverables
  when: 2025-05-30 19:33:48.203802509 Z
- _id: 3
  _time: 2025-05-30 19:33:48.206080670 Z
  _version: 0.10.1/0.42.0/
  what: dimensions-of-terrain
  when: 2025-05-30 19:33:48.206159619 Z
