---
- added: 8
  cycles: 1
  deleted: 8
  inserted: 8
  seconds: 7.53592635
  version: 0.42.0
  what: judges-summary
  when: 2025-05-22 05:05:49.592813530 Z
- _id: 1
  _time: 2025-05-22 05:05:49.584675944 Z
  _version: 0.10.1/0.42.0/
  since: 2025-04-24 05:05:49.584858254 Z
  what: quantity-of-deliverables
  when: 2025-05-22 05:05:49.584822067 Z
- _id: 2
  _time: 2025-05-22 05:05:49.589361533 Z
  _version: 0.10.1/0.42.0/
  since: 2025-04-24 05:05:49.589496795 Z
  what: quality-of-service
  when: 2025-05-22 05:05:49.589464936 Z
- _id: 3
  _time: 2025-05-22 05:05:49.591070761 Z
  _version: 0.10.1/0.42.0/
  what: dimensions-of-terrain
  when: 2025-05-22 05:05:49.591146342 Z
