---
- added: 8
  cycles: 1
  deleted: 8
  inserted: 8
  seconds: 7.02917284
  version: 0.42.0
  what: judges-summary
  when: 2025-06-14 19:33:43.239995255 Z
- _id: 1
  _time: 2025-06-14 19:33:43.228284363 Z
  _version: 0.10.1/0.42.0/
  what: dimensions-of-terrain
  when: 2025-06-14 19:33:43.228433623 Z
- _id: 2
  _time: 2025-06-14 19:33:43.234681216 Z
  _version: 0.10.1/0.42.0/
  since: 2025-05-17 19:33:43.234948947 Z
  what: quality-of-service
  when: 2025-06-14 19:33:43.234890057 Z
- _id: 3
  _time: 2025-06-14 19:33:43.236624804 Z
  _version: 0.10.1/0.42.0/
  since: 2025-05-17 19:33:43.236723519 Z
  what: quantity-of-deliverables
  when: 2025-06-14 19:33:43.236701358 Z
