---
- added: 8
  cycles: 1
  deleted: 8
  inserted: 8
  seconds: 17.104890983
  version: 0.42.0
  what: judges-summary
  when: 2025-05-24 20:05:34.248876104 Z
- _id: 1
  _time: 2025-05-24 20:05:34.236489007 Z
  _version: 0.10.1/0.42.0/
  since: 2025-04-26 20:05:34.236671407 Z
  what: quantity-of-deliverables
  when: 2025-05-24 20:05:34.236634498 Z
- _id: 2
  _time: 2025-05-24 20:05:34.242372742 Z
  _version: 0.10.1/0.42.0/
  since: 2025-04-26 20:05:34.242507724 Z
  what: quality-of-service
  when: 2025-05-24 20:05:34.242475243 Z
- _id: 3
  _time: 2025-05-24 20:05:34.246108936 Z
  _version: 0.10.1/0.42.0/
  what: dimensions-of-terrain
  when: 2025-05-24 20:05:34.246184857 Z
