---
- added: 8
  cycles: 1
  deleted: 8
  inserted: 8
  seconds: 8.06626451
  version: 0.42.0
  what: judges-summary
  when: 2025-05-19 16:40:13.272334410 Z
- _id: 1
  _time: 2025-05-19 16:40:13.261643238 Z
  _version: 0.10.1/0.42.0/
  since: 2025-04-21 16:40:13.261826260 Z
  what: quality-of-service
  when: 2025-05-19 16:40:13.261788870 Z
- _id: 2
  _time: 2025-05-19 16:40:13.266011166 Z
  _version: 0.10.1/0.42.0/
  since: 2025-04-21 16:40:13.266108929 Z
  what: quantity-of-deliverables
  when: 2025-05-19 16:40:13.266086587 Z
- _id: 3
  _time: 2025-05-19 16:40:13.271398049 Z
  _version: 0.10.1/0.42.0/
  what: dimensions-of-terrain
  when: 2025-05-19 16:40:13.271476075 Z
