---
- added: 8
  cycles: 1
  deleted: 8
  inserted: 8
  seconds: 6.885439602
  version: 0.42.0
  what: judges-summary
  when: 2025-05-22 03:45:58.578133935 Z
- _id: 1
  _time: 2025-05-22 03:45:58.567992020 Z
  _version: 0.10.1/0.42.0/
  what: dimensions-of-terrain
  when: 2025-05-22 03:45:58.568138586 Z
- _id: 2
  _time: 2025-05-22 03:45:58.575494093 Z
  _version: 0.10.1/0.42.0/
  since: 2025-04-24 03:45:58.575633276 Z
  what: quality-of-service
  when: 2025-05-22 03:45:58.575600013 Z
- _id: 3
  _time: 2025-05-22 03:45:58.577252047 Z
  _version: 0.10.1/0.42.0/
  since: 2025-04-24 03:45:58.577352706 Z
  what: quantity-of-deliverables
  when: 2025-05-22 03:45:58.577329543 Z
