---
- added: 8
  cycles: 1
  deleted: 8
  inserted: 8
  seconds: 16.902942357
  version: 0.42.0
  what: judges-summary
  when: 2025-05-28 03:46:19.799645267 Z
- _id: 1
  _time: 2025-05-28 03:46:19.792079340 Z
  _version: 0.10.1/0.42.0/
  since: 2025-04-30 03:46:19.792260006 Z
  what: quantity-of-deliverables
  when: 2025-05-28 03:46:19.792222025 Z
- _id: 2
  _time: 2025-05-28 03:46:19.794074718 Z
  _version: 0.10.1/0.42.0/
  since: 2025-04-30 03:46:19.794342114 Z
  what: quality-of-service
  when: 2025-05-28 03:46:19.794278486 Z
- _id: 3
  _time: 2025-05-28 03:46:19.798066595 Z
  _version: 0.10.1/0.42.0/
  what: dimensions-of-terrain
  when: 2025-05-28 03:46:19.798145352 Z
