---
- added: 8
  cycles: 1
  deleted: 8
  inserted: 8
  seconds: 7.537400676
  version: 0.42.0
  what: judges-summary
  when: 2025-05-31 08:06:14.041486679 Z
- _id: 1
  _time: 2025-05-31 08:06:14.027190761 Z
  _version: 0.10.1/0.42.0/
  what: dimensions-of-terrain
  when: 2025-05-31 08:06:14.027337253 Z
- _id: 2
  _time: 2025-05-31 08:06:14.033621729 Z
  _version: 0.10.1/0.42.0/
  since: 2025-05-03 08:06:14.033761289 Z
  what: quantity-of-deliverables
  when: 2025-05-31 08:06:14.033727286 Z
- _id: 3
  _time: 2025-05-31 08:06:14.036116606 Z
  _version: 0.10.1/0.42.0/
  since: 2025-05-03 08:06:14.036253331 Z
  what: quality-of-service
  when: 2025-05-31 08:06:14.036220350 Z
