---
- added: 8
  cycles: 1
  deleted: 8
  inserted: 8
  seconds: 9.575202874
  version: 0.42.0
  what: judges-summary
  when: 2025-05-21 05:37:50.070923178 Z
- _id: 1
  _time: 2025-05-21 05:37:50.060764114 Z
  _version: 0.10.1/0.42.0/
  what: dimensions-of-terrain
  when: 2025-05-21 05:37:50.060912180 Z
- _id: 2
  _time: 2025-05-21 05:37:50.063898262 Z
  _version: 0.10.1/0.42.0/
  since: 2025-04-23 05:37:50.064167805 Z
  what: quantity-of-deliverables
  when: 2025-05-21 05:37:50.064079570 Z
- _id: 3
  _time: 2025-05-21 05:37:50.067538283 Z
  _version: 0.10.1/0.42.0/
  since: 2025-04-23 05:37:50.067687381 Z
  what: quality-of-service
  when: 2025-05-21 05:37:50.067654269 Z
