---
- added: 8
  cycles: 1
  deleted: 8
  inserted: 8
  seconds: 17.551717391
  version: 0.42.0
  what: judges-summary
  when: 2025-05-16 21:05:11.014970942 Z
- _id: 1
  _time: 2025-05-16 21:05:11.005846634 Z
  _version: 0.10.1/0.42.0/
  since: 2025-04-18 21:05:11.006071705 Z
  what: quality-of-service
  when: 2025-05-16 21:05:11.006025990 Z
- _id: 2
  _time: 2025-05-16 21:05:11.011710969 Z
  _version: 0.10.1/0.42.0/
  what: dimensions-of-terrain
  when: 2025-05-16 21:05:11.011788224 Z
- _id: 3
  _time: 2025-05-16 21:05:11.013932710 Z
  _version: 0.10.1/0.42.0/
  since: 2025-04-18 21:05:11.014065749 Z
  what: quantity-of-deliverables
  when: 2025-05-16 21:05:11.014041754 Z
