---
- added: 8
  cycles: 1
  deleted: 8
  inserted: 8
  seconds: 8.29199469
  version: 0.42.0
  what: judges-summary
  when: 2025-05-21 03:45:50.250368802 Z
- _id: 1
  _time: 2025-05-21 03:45:50.238353609 Z
  _version: 0.10.1/0.42.0/
  what: dimensions-of-terrain
  when: 2025-05-21 03:45:50.238503210 Z
- _id: 2
  _time: 2025-05-21 03:45:50.242906286 Z
  _version: 0.10.1/0.42.0/
  since: 2025-04-23 03:45:50.243051118 Z
  what: quantity-of-deliverables
  when: 2025-05-21 03:45:50.243017786 Z
- _id: 3
  _time: 2025-05-21 03:45:50.247172929 Z
  _version: 0.10.1/0.42.0/
  since: 2025-04-23 03:45:50.247307843 Z
  what: quality-of-service
  when: 2025-05-21 03:45:50.247275642 Z
