---
- added: 8
  cycles: 1
  deleted: 8
  inserted: 8
  seconds: 17.448503683
  version: 0.42.0
  what: judges-summary
  when: 2025-05-29 22:05:34.747982505 Z
- _id: 1
  _time: 2025-05-29 22:05:34.734571814 Z
  _version: 0.10.1/0.42.0/
  what: dimensions-of-terrain
  when: 2025-05-29 22:05:34.734723498 Z
- _id: 2
  _time: 2025-05-29 22:05:34.742298181 Z
  _version: 0.10.1/0.42.0/
  since: 2025-05-01 22:05:34.742456016 Z
  what: quality-of-service
  when: 2025-05-29 22:05:34.742417294 Z
- _id: 3
  _time: 2025-05-29 22:05:34.745012194 Z
  _version: 0.10.1/0.42.0/
  since: 2025-05-01 22:05:34.745108123 Z
  what: quantity-of-deliverables
  when: 2025-05-29 22:05:34.745085962 Z
