---
- added: 8
  cycles: 1
  deleted: 8
  inserted: 8
  seconds: 7.835323334
  version: 0.42.0
  what: judges-summary
  when: 2025-05-31 18:06:12.757722260 Z
- _id: 1
  _time: 2025-05-31 18:06:12.746018991 Z
  _version: 0.10.1/0.42.0/
  what: dimensions-of-terrain
  when: 2025-05-31 18:06:12.746202613 Z
- _id: 2
  _time: 2025-05-31 18:06:12.750975540 Z
  _version: 0.10.1/0.42.0/
  since: 2025-05-03 18:06:12.751152599 Z
  what: quantity-of-deliverables
  when: 2025-05-31 18:06:12.751116151 Z
- _id: 3
  _time: 2025-05-31 18:06:12.752464178 Z
  _version: 0.10.1/0.42.0/
  since: 2025-05-03 18:06:12.752606483 Z
  what: quality-of-service
  when: 2025-05-31 18:06:12.752572730 Z
