---
- added: 8
  cycles: 1
  deleted: 8
  inserted: 8
  seconds: 7.475630988
  version: 0.42.0
  what: judges-summary
  when: 2025-05-24 18:39:01.723951911 Z
- _id: 1
  _time: 2025-05-24 18:39:01.705662811 Z
  _version: 0.10.1/0.42.0/
  what: dimensions-of-terrain
  when: 2025-05-24 18:39:01.705937395 Z
- _id: 2
  _time: 2025-05-24 18:39:01.718757098 Z
  _version: 0.10.1/0.42.0/
  since: 2025-04-26 18:39:01.718993060 Z
  what: quality-of-service
  when: 2025-05-24 18:39:01.718937867 Z
- _id: 3
  _time: 2025-05-24 18:39:01.721409232 Z
  _version: 0.10.1/0.42.0/
  since: 2025-04-26 18:39:01.721589440 Z
  what: quantity-of-deliverables
  when: 2025-05-24 18:39:01.721543864 Z
