---
- added: 8
  cycles: 1
  deleted: 8
  inserted: 8
  seconds: 14.217812305
  version: 0.42.0
  what: judges-summary
  when: 2025-06-09 13:14:32.548589423 Z
- _id: 1
  _time: 2025-06-09 13:14:32.534870062 Z
  _version: 0.10.1/0.42.0/
  what: dimensions-of-terrain
  when: 2025-06-09 13:14:32.535066840 Z
- _id: 2
  _time: 2025-06-09 13:14:32.541862527 Z
  _version: 0.10.1/0.42.0/
  since: 2025-05-12 13:14:32.542041232 Z
  what: quality-of-service
  when: 2025-06-09 13:14:32.541977112 Z
- _id: 3
  _time: 2025-06-09 13:14:32.547644659 Z
  _version: 0.10.1/0.42.0/
  since: 2025-05-12 13:14:32.547750597 Z
  what: quantity-of-deliverables
  when: 2025-06-09 13:14:32.547726713 Z
