---
- added: 8
  cycles: 1
  deleted: 8
  inserted: 8
  seconds: 10.030749141
  version: 0.42.0
  what: judges-summary
  when: 2025-06-03 18:42:03.056606242 Z
- _id: 1
  _time: 2025-06-03 18:42:03.045486322 Z
  _version: 0.10.1/0.42.0/
  what: dimensions-of-terrain
  when: 2025-06-03 18:42:03.045632795 Z
- _id: 2
  _time: 2025-06-03 18:42:03.049452483 Z
  _version: 0.10.1/0.42.0/
  since: 2025-05-06 18:42:03.049591362 Z
  what: quantity-of-deliverables
  when: 2025-06-03 18:42:03.049556567 Z
- _id: 3
  _time: 2025-06-03 18:42:03.052243706 Z
  _version: 0.10.1/0.42.0/
  since: 2025-05-06 18:42:03.052486268 Z
  what: quality-of-service
  when: 2025-06-03 18:42:03.052426888 Z
