---
- added: 8
  cycles: 1
  deleted: 8
  inserted: 8
  seconds: 0.784843904
  version: 0.42.0
  what: judges-summary
  when: 2025-06-06 04:09:51.028087257 Z
- _id: 1
  _time: 2025-06-06 04:09:51.015088791 Z
  _version: 0.10.1/0.42.0/
  since: 2025-05-09 04:09:51.015290007 Z
  what: quality-of-service
  when: 2025-06-06 04:09:51.015249912 Z
- _id: 2
  _time: 2025-06-06 04:09:51.020177498 Z
  _version: 0.10.1/0.42.0/
  since: 2025-05-09 04:09:51.020287624 Z
  what: quantity-of-deliverables
  when: 2025-06-06 04:09:51.020264130 Z
- _id: 3
  _time: 2025-06-06 04:09:51.023990722 Z
  _version: 0.10.1/0.42.0/
  what: dimensions-of-terrain
  when: 2025-06-06 04:09:51.024078666 Z
