---
- added: 8
  cycles: 1
  deleted: 8
  inserted: 8
  seconds: 8.34160799
  version: 0.42.0
  what: judges-summary
  when: 2025-05-16 14:38:11.348827538 Z
- _id: 1
  _time: 2025-05-16 14:38:11.338788163 Z
  _version: 0.10.1/0.42.0/
  since: 2025-04-18 14:38:11.338972209 Z
  what: quality-of-service
  when: 2025-05-16 14:38:11.338933446 Z
- _id: 2
  _time: 2025-05-16 14:38:11.342090487 Z
  _version: 0.10.1/0.42.0/
  what: dimensions-of-terrain
  when: 2025-05-16 14:38:11.342168524 Z
- _id: 3
  _time: 2025-05-16 14:38:11.346843410 Z
  _version: 0.10.1/0.42.0/
  since: 2025-04-18 14:38:11.346944690 Z
  what: quantity-of-deliverables
  when: 2025-05-16 14:38:11.346921607 Z
