---
- added: 8
  cycles: 1
  deleted: 8
  inserted: 8
  seconds: 13.8671693
  version: 0.42.0
  what: judges-summary
  when: 2025-05-14 22:34:29.944559153 Z
- _id: 1
  _time: 2025-05-14 22:34:29.931001035 Z
  _version: 0.10.1/0.42.0/
  since: 2025-04-16 22:34:29.931214595 Z
  what: quantity-of-deliverables
  when: 2025-05-14 22:34:29.931176323 Z
- _id: 2
  _time: 2025-05-14 22:34:29.935130812 Z
  _version: 0.10.1/0.42.0/
  what: dimensions-of-terrain
  when: 2025-05-14 22:34:29.935241088 Z
- _id: 3
  _time: 2025-05-14 22:34:29.943249651 Z
  _version: 0.10.1/0.42.0/
  since: 2025-04-16 22:34:29.943386016 Z
  what: quality-of-service
  when: 2025-05-14 22:34:29.943352734 Z
