---
- added: 8
  cycles: 1
  deleted: 8
  inserted: 8
  seconds: 9.496318286
  version: 0.42.0
  what: judges-summary
  when: 2025-06-08 11:04:30.787071740 Z
- _id: 1
  _time: 2025-06-08 11:04:30.776776045 Z
  _version: 0.10.1/0.42.0/
  since: 2025-05-11 11:04:30.776960659 Z
  what: quantity-of-deliverables
  when: 2025-06-08 11:04:30.776923550 Z
- _id: 2
  _time: 2025-06-08 11:04:30.779296698 Z
  _version: 0.10.1/0.42.0/
  since: 2025-05-11 11:04:30.779432099 Z
  what: quality-of-service
  when: 2025-06-08 11:04:30.779399769 Z
- _id: 3
  _time: 2025-06-08 11:04:30.783545991 Z
  _version: 0.10.1/0.42.0/
  what: dimensions-of-terrain
  when: 2025-06-08 11:04:30.783671414 Z
