---
- added: 8
  cycles: 1
  deleted: 8
  inserted: 8
  seconds: 8.050339717
  version: 0.42.0
  what: judges-summary
  when: 2025-06-01 09:05:31.860897987 Z
- _id: 1
  _time: 2025-06-01 09:05:31.847229652 Z
  _version: 0.10.1/0.42.0/
  what: dimensions-of-terrain
  when: 2025-06-01 09:05:31.847410542 Z
- _id: 2
  _time: 2025-06-01 09:05:31.855771434 Z
  _version: 0.10.1/0.42.0/
  since: 2025-05-04 09:05:31.855910566 Z
  what: quality-of-service
  when: 2025-06-01 09:05:31.855876952 Z
- _id: 3
  _time: 2025-06-01 09:05:31.857558990 Z
  _version: 0.10.1/0.42.0/
  since: 2025-05-04 09:05:31.857659028 Z
  what: quantity-of-deliverables
  when: 2025-06-01 09:05:31.857635884 Z
