---
- added: 8
  cycles: 1
  deleted: 8
  inserted: 8
  seconds: 10.007223525
  version: 0.42.0
  what: judges-summary
  when: 2025-05-19 06:42:29.484427303 Z
- _id: 1
  _time: 2025-05-19 06:42:29.475267557 Z
  _version: 0.10.1/0.42.0/
  since: 2025-04-21 06:42:29.475454016 Z
  what: quantity-of-deliverables
  when: 2025-05-19 06:42:29.475416226 Z
- _id: 2
  _time: 2025-05-19 06:42:29.479955761 Z
  _version: 0.10.1/0.42.0/
  since: 2025-04-21 06:42:29.480087187 Z
  what: quality-of-service
  when: 2025-05-19 06:42:29.480056019 Z
- _id: 3
  _time: 2025-05-19 06:42:29.483565968 Z
  _version: 0.10.1/0.42.0/
  what: dimensions-of-terrain
  when: 2025-05-19 06:42:29.483642141 Z
