---
- added: 8
  cycles: 1
  deleted: 8
  inserted: 8
  seconds: 7.758968493
  version: 0.42.0
  what: judges-summary
  when: 2025-05-29 19:04:46.175595296 Z
- _id: 1
  _time: 2025-05-29 19:04:46.166461120 Z
  _version: 0.10.1/0.42.0/
  since: 2025-05-01 19:04:46.166655116 Z
  what: quantity-of-deliverables
  when: 2025-05-29 19:04:46.166613998 Z
- _id: 2
  _time: 2025-05-29 19:04:46.167882542 Z
  _version: 0.10.1/0.42.0/
  what: dimensions-of-terrain
  when: 2025-05-29 19:04:46.167986057 Z
- _id: 3
  _time: 2025-05-29 19:04:46.173057096 Z
  _version: 0.10.1/0.42.0/
  since: 2025-05-01 19:04:46.173201258 Z
  what: quality-of-service
  when: 2025-05-29 19:04:46.173166312 Z
