---
- added: 8
  cycles: 1
  deleted: 8
  inserted: 8
  seconds: 17.650784555
  version: 0.42.0
  what: judges-summary
  when: 2025-05-21 04:07:26.986504539 Z
- _id: 1
  _time: 2025-05-21 04:07:26.973231672 Z
  _version: 0.10.1/0.42.0/
  what: dimensions-of-terrain
  when: 2025-05-21 04:07:26.973384258 Z
- _id: 2
  _time: 2025-05-21 04:07:26.981280043 Z
  _version: 0.10.1/0.42.0/
  since: 2025-04-23 04:07:26.981422390 Z
  what: quality-of-service
  when: 2025-05-21 04:07:26.981388426 Z
- _id: 3
  _time: 2025-05-21 04:07:26.984616148 Z
  _version: 0.10.1/0.42.0/
  since: 2025-04-23 04:07:26.984719402 Z
  what: quantity-of-deliverables
  when: 2025-05-21 04:07:26.984695076 Z
