---
- added: 8
  cycles: 1
  deleted: 8
  inserted: 8
  seconds: 13.531618144
  version: 0.42.0
  what: judges-summary
  when: 2025-05-30 07:34:55.702489848 Z
- _id: 1
  _time: 2025-05-30 07:34:55.690206700 Z
  _version: 0.10.1/0.42.0/
  since: 2025-05-02 07:34:55.690393109 Z
  what: quality-of-service
  when: 2025-05-30 07:34:55.690353796 Z
- _id: 2
  _time: 2025-05-30 07:34:55.694719209 Z
  _version: 0.10.1/0.42.0/
  since: 2025-05-02 07:34:55.694816692 Z
  what: quantity-of-deliverables
  when: 2025-05-30 07:34:55.694794390 Z
- _id: 3
  _time: 2025-05-30 07:34:55.699442924 Z
  _version: 0.10.1/0.42.0/
  what: dimensions-of-terrain
  when: 2025-05-30 07:34:55.699574991 Z
