---
- added: 8
  cycles: 1
  deleted: 8
  inserted: 8
  seconds: 7.527052741
  version: 0.42.0
  what: judges-summary
  when: 2025-05-17 12:45:52.931774815 Z
- _id: 1
  _time: 2025-05-17 12:45:52.924093037 Z
  _version: 0.10.1/0.42.0/
  since: 2025-04-19 12:45:52.924272313 Z
  what: quantity-of-deliverables
  when: 2025-05-17 12:45:52.924235995 Z
- _id: 2
  _time: 2025-05-17 12:45:52.926337367 Z
  _version: 0.10.1/0.42.0/
  since: 2025-04-19 12:45:52.926471428 Z
  what: quality-of-service
  when: 2025-05-17 12:45:52.926438536 Z
- _id: 3
  _time: 2025-05-17 12:45:52.928804073 Z
  _version: 0.10.1/0.42.0/
  what: dimensions-of-terrain
  when: 2025-05-17 12:45:52.928901336 Z
