---
- added: 8
  cycles: 1
  deleted: 8
  inserted: 8
  seconds: 13.468560778
  version: 0.42.0
  what: judges-summary
  when: 2025-06-06 14:37:42.965971562 Z
- _id: 1
  _time: 2025-06-06 14:37:42.959844809 Z
  _version: 0.10.1/0.42.0/
  since: 2025-05-09 14:37:42.960029714 Z
  what: quality-of-service
  when: 2025-06-06 14:37:42.959991793 Z
- _id: 2
  _time: 2025-06-06 14:37:42.961771202 Z
  _version: 0.10.1/0.42.0/
  since: 2025-05-09 14:37:42.961871519 Z
  what: quantity-of-deliverables
  when: 2025-06-06 14:37:42.961848556 Z
- _id: 3
  _time: 2025-06-06 14:37:42.964181176 Z
  _version: 0.10.1/0.42.0/
  what: dimensions-of-terrain
  when: 2025-06-06 14:37:42.964255725 Z
