---
- added: 8
  cycles: 1
  deleted: 8
  inserted: 8
  seconds: 8.386720668
  version: 0.42.0
  what: judges-summary
  when: 2025-06-11 05:06:27.451470471 Z
- _id: 1
  _time: 2025-06-11 05:06:27.441113562 Z
  _version: 0.10.1/0.42.0/
  what: dimensions-of-terrain
  when: 2025-06-11 05:06:27.441302734 Z
- _id: 2
  _time: 2025-06-11 05:06:27.445565354 Z
  _version: 0.10.1/0.42.0/
  since: 2025-05-14 05:06:27.445702208 Z
  what: quantity-of-deliverables
  when: 2025-06-11 05:06:27.445668876 Z
- _id: 3
  _time: 2025-06-11 05:06:27.447032818 Z
  _version: 0.10.1/0.42.0/
  since: 2025-05-14 05:06:27.447163451 Z
  what: quality-of-service
  when: 2025-06-11 05:06:27.447131482 Z
