---
- added: 8
  cycles: 1
  deleted: 8
  inserted: 8
  seconds: 0.787911394
  version: 0.42.0
  what: judges-summary
  when: 2025-05-24 16:38:19.231505615 Z
- _id: 1
  _time: 2025-05-24 16:38:19.222130032 Z
  _version: 0.10.1/0.42.0/
  what: dimensions-of-terrain
  when: 2025-05-24 16:38:19.222281105 Z
- _id: 2
  _time: 2025-05-24 16:38:19.224700555 Z
  _version: 0.10.1/0.42.0/
  since: 2025-04-26 16:38:19.224841197 Z
  what: quality-of-service
  when: 2025-05-24 16:38:19.224806863 Z
- _id: 3
  _time: 2025-05-24 16:38:19.227571763 Z
  _version: 0.10.1/0.42.0/
  since: 2025-04-26 16:38:19.227672702 Z
  what: quantity-of-deliverables
  when: 2025-05-24 16:38:19.227649388 Z
