---
- added: 8
  cycles: 1
  deleted: 8
  inserted: 8
  seconds: 7.543499858
  version: 0.42.0
  what: judges-summary
  when: 2025-06-07 11:04:31.221348379 Z
- _id: 1
  _time: 2025-06-07 11:04:31.209143262 Z
  _version: 0.10.1/0.42.0/
  since: 2025-05-10 11:04:31.209328331 Z
  what: quality-of-service
  when: 2025-06-07 11:04:31.209289127 Z
- _id: 2
  _time: 2025-06-07 11:04:31.211728568 Z
  _version: 0.10.1/0.42.0/
  since: 2025-05-10 11:04:31.211828327 Z
  what: quantity-of-deliverables
  when: 2025-06-07 11:04:31.211805143 Z
- _id: 3
  _time: 2025-06-07 11:04:31.218793751 Z
  _version: 0.10.1/0.42.0/
  what: dimensions-of-terrain
  when: 2025-06-07 11:04:31.218874203 Z
