---
- added: 8
  cycles: 1
  deleted: 8
  inserted: 8
  seconds: 7.029992078
  version: 0.42.0
  what: judges-summary
  when: 2025-05-23 20:05:57.154738117 Z
- _id: 1
  _time: 2025-05-23 20:05:57.144813236 Z
  _version: 0.10.1/0.42.0/
  since: 2025-04-25 20:05:57.145030841 Z
  what: quality-of-service
  when: 2025-05-23 20:05:57.144992730 Z
- _id: 2
  _time: 2025-05-23 20:05:57.147339880 Z
  _version: 0.10.1/0.42.0/
  since: 2025-04-25 20:05:57.147440648 Z
  what: quantity-of-deliverables
  when: 2025-05-23 20:05:57.147417965 Z
- _id: 3
  _time: 2025-05-23 20:05:57.148780984 Z
  _version: 0.10.1/0.42.0/
  what: dimensions-of-terrain
  when: 2025-05-23 20:05:57.148966800 Z
