---
- added: 8
  cycles: 1
  deleted: 8
  inserted: 8
  seconds: 9.961941207
  version: 0.42.0
  what: judges-summary
  when: 2025-06-01 21:34:21.739284299 Z
- _id: 1
  _time: 2025-06-01 21:34:21.731109537 Z
  _version: 0.10.1/0.42.0/
  since: 2025-05-04 21:34:21.731316963 Z
  what: quality-of-service
  when: 2025-06-01 21:34:21.731280425 Z
- _id: 2
  _time: 2025-06-01 21:34:21.732746918 Z
  _version: 0.10.1/0.42.0/
  what: dimensions-of-terrain
  when: 2025-06-01 21:34:21.732822990 Z
- _id: 3
  _time: 2025-06-01 21:34:21.736699729 Z
  _version: 0.10.1/0.42.0/
  since: 2025-05-04 21:34:21.736809743 Z
  what: quantity-of-deliverables
  when: 2025-06-01 21:34:21.736785167 Z
