---
- added: 8
  cycles: 1
  deleted: 8
  inserted: 8
  seconds: 9.736809627
  version: 0.42.0
  what: judges-summary
  when: 2025-05-17 13:09:54.333785491 Z
- _id: 1
  _time: 2025-05-17 13:09:54.320290001 Z
  _version: 0.10.1/0.42.0/
  since: 2025-04-19 13:09:54.320471840 Z
  what: quantity-of-deliverables
  when: 2025-05-17 13:09:54.320434781 Z
- _id: 2
  _time: 2025-05-17 13:09:54.321963615 Z
  _version: 0.10.1/0.42.0/
  what: dimensions-of-terrain
  when: 2025-05-17 13:09:54.322070364 Z
- _id: 3
  _time: 2025-05-17 13:09:54.332496597 Z
  _version: 0.10.1/0.42.0/
  since: 2025-04-19 13:09:54.332631950 Z
  what: quality-of-service
  when: 2025-05-17 13:09:54.332599369 Z
