---
- added: 8
  cycles: 1
  deleted: 8
  inserted: 8
  seconds: 7.903639856
  version: 0.42.0
  what: judges-summary
  when: 2025-05-18 20:05:51.269720842 Z
- _id: 1
  _time: 2025-05-18 20:05:51.259296709 Z
  _version: 0.10.1/0.42.0/
  since: 2025-04-20 20:05:51.259483588 Z
  what: quantity-of-deliverables
  when: 2025-05-18 20:05:51.259447130 Z
- _id: 2
  _time: 2025-05-18 20:05:51.264016045 Z
  _version: 0.10.1/0.42.0/
  what: dimensions-of-terrain
  when: 2025-05-18 20:05:51.264123576 Z
- _id: 3
  _time: 2025-05-18 20:05:51.266760436 Z
  _version: 0.10.1/0.42.0/
  since: 2025-04-20 20:05:51.266895818 Z
  what: quality-of-service
  when: 2025-05-18 20:05:51.266862777 Z
