---
- added: 8
  cycles: 1
  deleted: 8
  inserted: 8
  seconds: 7.953003138
  version: 0.42.0
  what: judges-summary
  when: 2025-06-06 18:41:27.554739361 Z
- _id: 1
  _time: 2025-06-06 18:41:27.541246289 Z
  _version: 0.10.1/0.42.0/
  what: dimensions-of-terrain
  when: 2025-06-06 18:41:27.541442905 Z
- _id: 2
  _time: 2025-06-06 18:41:27.544822702 Z
  _version: 0.10.1/0.42.0/
  since: 2025-05-09 18:41:27.544961260 Z
  what: quality-of-service
  when: 2025-06-06 18:41:27.544926816 Z
- _id: 3
  _time: 2025-06-06 18:41:27.549355852 Z
  _version: 0.10.1/0.42.0/
  since: 2025-05-09 18:41:27.549469073 Z
  what: quantity-of-deliverables
  when: 2025-06-06 18:41:27.549443105 Z
