---
- added: 8
  cycles: 1
  deleted: 8
  inserted: 8
  seconds: 7.921366343
  version: 0.42.0
  what: judges-summary
  when: 2025-06-06 09:36:55.222306295 Z
- _id: 1
  _time: 2025-06-06 09:36:55.213777018 Z
  _version: 0.10.1/0.42.0/
  since: 2025-05-09 09:36:55.213995298 Z
  what: quantity-of-deliverables
  when: 2025-06-06 09:36:55.213957077 Z
- _id: 2
  _time: 2025-06-06 09:36:55.215158002 Z
  _version: 0.10.1/0.42.0/
  what: dimensions-of-terrain
  when: 2025-06-06 09:36:55.215260955 Z
- _id: 3
  _time: 2025-06-06 09:36:55.218383256 Z
  _version: 0.10.1/0.42.0/
  since: 2025-05-09 09:36:55.218519071 Z
  what: quality-of-service
  when: 2025-06-06 09:36:55.218486450 Z
