---
- added: 8
  cycles: 1
  deleted: 8
  inserted: 8
  seconds: 6.926567811
  version: 0.42.0
  what: judges-summary
  when: 2025-06-14 21:05:01.625457669 Z
- _id: 1
  _time: 2025-06-14 21:05:01.613953770 Z
  _version: 0.10.1/0.42.0/
  since: 2025-05-17 21:05:01.614136180 Z
  what: quality-of-service
  when: 2025-06-14 21:05:01.614099942 Z
- _id: 2
  _time: 2025-06-14 21:05:01.618679559 Z
  _version: 0.10.1/0.42.0/
  what: dimensions-of-terrain
  when: 2025-06-14 21:05:01.618758616 Z
- _id: 3
  _time: 2025-06-14 21:05:01.620693110 Z
  _version: 0.10.1/0.42.0/
  since: 2025-05-17 21:05:01.620789750 Z
  what: quantity-of-deliverables
  when: 2025-06-14 21:05:01.620768180 Z
