---
- added: 8
  cycles: 1
  deleted: 8
  inserted: 8
  seconds: 10.959365113
  version: 0.42.0
  what: judges-summary
  when: 2025-06-13 13:14:05.900470503 Z
- _id: 1
  _time: 2025-06-13 13:14:05.887399498 Z
  _version: 0.10.1/0.42.0/
  what: dimensions-of-terrain
  when: 2025-06-13 13:14:05.887550859 Z
- _id: 2
  _time: 2025-06-13 13:14:05.892830773 Z
  _version: 0.10.1/0.42.0/
  since: 2025-05-16 13:14:05.892971584 Z
  what: quality-of-service
  when: 2025-06-13 13:14:05.892937111 Z
- _id: 3
  _time: 2025-06-13 13:14:05.895297641 Z
  _version: 0.10.1/0.42.0/
  since: 2025-05-16 13:14:05.895393620 Z
  what: quantity-of-deliverables
  when: 2025-06-13 13:14:05.895371508 Z
