---
- added: 8
  cycles: 1
  deleted: 8
  inserted: 8
  seconds: 8.022252958
  version: 0.42.0
  what: judges-summary
  when: 2025-06-14 12:07:22.704740175 Z
- _id: 1
  _time: 2025-06-14 12:07:22.699962619 Z
  _version: 0.10.1/0.42.0/
  since: 2025-05-17 12:07:22.700144530 Z
  what: quality-of-service
  when: 2025-06-14 12:07:22.700107821 Z
- _id: 2
  _time: 2025-06-14 12:07:22.702661925 Z
  _version: 0.10.1/0.42.0/
  since: 2025-05-17 12:07:22.702762463 Z
  what: quantity-of-deliverables
  when: 2025-06-14 12:07:22.702739310 Z
- _id: 3
  _time: 2025-06-14 12:07:22.703813766 Z
  _version: 0.10.1/0.42.0/
  what: dimensions-of-terrain
  when: 2025-06-14 12:07:22.703916178 Z
