---
- added: 8
  cycles: 1
  deleted: 8
  inserted: 8
  seconds: 7.783177841
  version: 0.42.0
  what: judges-summary
  when: 2025-06-10 19:34:04.258938345 Z
- _id: 1
  _time: 2025-06-10 19:34:04.250079233 Z
  _version: 0.10.1/0.42.0/
  what: dimensions-of-terrain
  when: 2025-06-10 19:34:04.250232650 Z
- _id: 2
  _time: 2025-06-10 19:34:04.254722139 Z
  _version: 0.10.1/0.42.0/
  since: 2025-05-13 19:34:04.254854356 Z
  what: quantity-of-deliverables
  when: 2025-06-10 19:34:04.254821926 Z
- _id: 3
  _time: 2025-06-10 19:34:04.257578743 Z
  _version: 0.10.1/0.42.0/
  since: 2025-05-13 19:34:04.257710590 Z
  what: quality-of-service
  when: 2025-06-10 19:34:04.257678700 Z
