---
- added: 8
  cycles: 1
  deleted: 8
  inserted: 8
  seconds: 7.138520307
  version: 0.42.0
  what: judges-summary
  when: 2025-05-31 03:22:31.289000521 Z
- _id: 1
  _time: 2025-05-31 03:22:31.279237753 Z
  _version: 0.10.1/0.42.0/
  since: 2025-05-03 03:22:31.279416541 Z
  what: quantity-of-deliverables
  when: 2025-05-31 03:22:31.279379461 Z
- _id: 2
  _time: 2025-05-31 03:22:31.280746480 Z
  _version: 0.10.1/0.42.0/
  since: 2025-05-03 03:22:31.280876685 Z
  what: quality-of-service
  when: 2025-05-31 03:22:31.280845426 Z
- _id: 3
  _time: 2025-05-31 03:22:31.287072374 Z
  _version: 0.10.1/0.42.0/
  what: dimensions-of-terrain
  when: 2025-05-31 03:22:31.287153166 Z
