---
- added: 8
  cycles: 1
  deleted: 8
  inserted: 8
  seconds: 7.428699369
  version: 0.42.0
  what: judges-summary
  when: 2025-06-09 10:40:01.144253137 Z
- _id: 1
  _time: 2025-06-09 10:40:01.136895825 Z
  _version: 0.10.1/0.42.0/
  what: dimensions-of-terrain
  when: 2025-06-09 10:40:01.137061716 Z
- _id: 2
  _time: 2025-06-09 10:40:01.139378739 Z
  _version: 0.10.1/0.42.0/
  since: 2025-05-12 10:40:01.139528899 Z
  what: quantity-of-deliverables
  when: 2025-06-09 10:40:01.139492201 Z
- _id: 3
  _time: 2025-06-09 10:40:01.142887873 Z
  _version: 0.10.1/0.42.0/
  since: 2025-05-12 10:40:01.143032113 Z
  what: quality-of-service
  when: 2025-06-09 10:40:01.142996436 Z
