---
- added: 8
  cycles: 1
  deleted: 8
  inserted: 8
  seconds: 7.758211759
  version: 0.42.0
  what: judges-summary
  when: 2025-05-13 08:40:31.961726028 Z
- _id: 1
  _time: 2025-05-13 08:40:31.949063592 Z
  _version: 0.10.1/0.42.0/
  since: 2025-04-15 08:40:31.949239861 Z
  what: quantity-of-deliverables
  when: 2025-05-13 08:40:31.949204585 Z
- _id: 2
  _time: 2025-05-13 08:40:31.957443428 Z
  _version: 0.10.1/0.42.0/
  since: 2025-04-15 08:40:31.957580764 Z
  what: quality-of-service
  when: 2025-05-13 08:40:31.957547392 Z
- _id: 3
  _time: 2025-05-13 08:40:31.959070092 Z
  _version: 0.10.1/0.42.0/
  what: dimensions-of-terrain
  when: 2025-05-13 08:40:31.959146284 Z
