---
- added: 8
  cycles: 1
  deleted: 8
  inserted: 8
  seconds: 9.953016226
  version: 0.42.0
  what: judges-summary
  when: 2025-05-19 00:21:34.899396335 Z
- _id: 1
  _time: 2025-05-19 00:21:34.888680512 Z
  _version: 0.10.1/0.42.0/
  since: 2025-04-21 00:21:34.888863483 Z
  what: quantity-of-deliverables
  when: 2025-05-19 00:21:34.888825833 Z
- _id: 2
  _time: 2025-05-19 00:21:34.893578191 Z
  _version: 0.10.1/0.42.0/
  what: dimensions-of-terrain
  when: 2025-05-19 00:21:34.893683448 Z
- _id: 3
  _time: 2025-05-19 00:21:34.895818761 Z
  _version: 0.10.1/0.42.0/
  since: 2025-04-21 00:21:34.895965926 Z
  what: quality-of-service
  when: 2025-05-19 00:21:34.895933715 Z
