---
- added: 8
  cycles: 1
  deleted: 8
  inserted: 8
  seconds: 18.411207238
  version: 0.42.0
  what: judges-summary
  when: 2025-05-29 11:05:16.630418016 Z
- _id: 1
  _time: 2025-05-29 11:05:16.621007610 Z
  _version: 0.10.1/0.42.0/
  since: 2025-05-01 11:05:16.621193567 Z
  what: quality-of-service
  when: 2025-05-29 11:05:16.621156128 Z
- _id: 2
  _time: 2025-05-29 11:05:16.625873396 Z
  _version: 0.10.1/0.42.0/
  what: dimensions-of-terrain
  when: 2025-05-29 11:05:16.625953496 Z
- _id: 3
  _time: 2025-05-29 11:05:16.629457602 Z
  _version: 0.10.1/0.42.0/
  since: 2025-05-01 11:05:16.629556486 Z
  what: quantity-of-deliverables
  when: 2025-05-29 11:05:16.629533403 Z
