---
- added: 8
  cycles: 1
  deleted: 8
  inserted: 8
  seconds: 8.285138723
  version: 0.42.0
  what: judges-summary
  when: 2025-05-22 21:34:37.320696612 Z
- _id: 1
  _time: 2025-05-22 21:34:37.310453537 Z
  _version: 0.10.1/0.42.0/
  what: dimensions-of-terrain
  when: 2025-05-22 21:34:37.310613385 Z
- _id: 2
  _time: 2025-05-22 21:34:37.313870515 Z
  _version: 0.10.1/0.42.0/
  since: 2025-04-24 21:34:37.314012760 Z
  what: quantity-of-deliverables
  when: 2025-05-22 21:34:37.313978035 Z
- _id: 3
  _time: 2025-05-22 21:34:37.318311292 Z
  _version: 0.10.1/0.42.0/
  since: 2025-04-24 21:34:37.318487449 Z
  what: quality-of-service
  when: 2025-05-22 21:34:37.318444109 Z
