---
- added: 8
  cycles: 1
  deleted: 8
  inserted: 8
  seconds: 7.244562109
  version: 0.42.0
  what: judges-summary
  when: 2025-05-25 10:37:10.468877108 Z
- _id: 1
  _time: 2025-05-25 10:37:10.460026668 Z
  _version: 0.10.1/0.42.0/
  what: dimensions-of-terrain
  when: 2025-05-25 10:37:10.460167330 Z
- _id: 2
  _time: 2025-05-25 10:37:10.463062649 Z
  _version: 0.10.1/0.42.0/
  since: 2025-04-27 10:37:10.463196057 Z
  what: quality-of-service
  when: 2025-05-25 10:37:10.463163276 Z
- _id: 3
  _time: 2025-05-25 10:37:10.466107155 Z
  _version: 0.10.1/0.42.0/
  since: 2025-04-27 10:37:10.466202953 Z
  what: quantity-of-deliverables
  when: 2025-05-25 10:37:10.466180101 Z
