---
- added: 8
  cycles: 1
  deleted: 8
  inserted: 8
  seconds: 8.13063793
  version: 0.42.0
  what: judges-summary
  when: 2025-05-19 18:06:53.659295062 Z
- _id: 1
  _time: 2025-05-19 18:06:53.647720711 Z
  _version: 0.10.1/0.42.0/
  since: 2025-04-21 18:06:53.647901902 Z
  what: quality-of-service
  when: 2025-05-19 18:06:53.647864842 Z
- _id: 2
  _time: 2025-05-19 18:06:53.650325931 Z
  _version: 0.10.1/0.42.0/
  what: dimensions-of-terrain
  when: 2025-05-19 18:06:53.650443923 Z
- _id: 3
  _time: 2025-05-19 18:06:53.651682623 Z
  _version: 0.10.1/0.42.0/
  since: 2025-04-21 18:06:53.651781389 Z
  what: quantity-of-deliverables
  when: 2025-05-19 18:06:53.651758065 Z
