---
- added: 8
  cycles: 1
  deleted: 8
  inserted: 8
  seconds: 8.350488702
  version: 0.42.0
  what: judges-summary
  when: 2025-05-25 00:22:53.651928133 Z
- _id: 1
  _time: 2025-05-25 00:22:53.638736835 Z
  _version: 0.10.1/0.42.0/
  since: 2025-04-27 00:22:53.638962256 Z
  what: quantity-of-deliverables
  when: 2025-05-25 00:22:53.638919286 Z
- _id: 2
  _time: 2025-05-25 00:22:53.641515846 Z
  _version: 0.10.1/0.42.0/
  what: dimensions-of-terrain
  when: 2025-05-25 00:22:53.641620071 Z
- _id: 3
  _time: 2025-05-25 00:22:53.643920008 Z
  _version: 0.10.1/0.42.0/
  since: 2025-04-27 00:22:53.644061081 Z
  what: quality-of-service
  when: 2025-05-25 00:22:53.644027699 Z
