---
- added: 8
  cycles: 1
  deleted: 8
  inserted: 8
  seconds: 0.806784464
  version: 0.42.0
  what: judges-summary
  when: 2025-06-03 14:39:15.743922724 Z
- _id: 1
  _time: 2025-06-03 14:39:15.730086955 Z
  _version: 0.10.1/0.42.0/
  what: dimensions-of-terrain
  when: 2025-06-03 14:39:15.730235552 Z
- _id: 2
  _time: 2025-06-03 14:39:15.734395719 Z
  _version: 0.10.1/0.42.0/
  since: 2025-05-06 14:39:15.734567379 Z
  what: quantity-of-deliverables
  when: 2025-06-03 14:39:15.734531102 Z
- _id: 3
  _time: 2025-06-03 14:39:15.737778026 Z
  _version: 0.10.1/0.42.0/
  since: 2025-05-06 14:39:15.737950067 Z
  what: quality-of-service
  when: 2025-06-03 14:39:15.737880277 Z
