---
- added: 8
  cycles: 1
  deleted: 8
  inserted: 8
  seconds: 7.623136049
  version: 0.42.0
  what: judges-summary
  when: 2025-05-24 19:04:25.624796704 Z
- _id: 1
  _time: 2025-05-24 19:04:25.614349993 Z
  _version: 0.10.1/0.42.0/
  since: 2025-04-26 19:04:25.614534397 Z
  what: quality-of-service
  when: 2025-05-24 19:04:25.614496316 Z
- _id: 2
  _time: 2025-05-24 19:04:25.617765093 Z
  _version: 0.10.1/0.42.0/
  since: 2025-04-26 19:04:25.617862715 Z
  what: quantity-of-deliverables
  when: 2025-05-24 19:04:25.617840484 Z
- _id: 3
  _time: 2025-05-24 19:04:25.619845063 Z
  _version: 0.10.1/0.42.0/
  what: dimensions-of-terrain
  when: 2025-05-24 19:04:25.619920203 Z
