---
- added: 8
  cycles: 1
  deleted: 8
  inserted: 8
  seconds: 14.990322225
  version: 0.42.0
  what: judges-summary
  when: 2025-06-01 16:05:40.072930003 Z
- _id: 1
  _time: 2025-06-01 16:05:40.062334076 Z
  _version: 0.10.1/0.42.0/
  since: 2025-05-04 16:05:40.062542842 Z
  what: quality-of-service
  when: 2025-06-01 16:05:40.062502598 Z
- _id: 2
  _time: 2025-06-01 16:05:40.069697804 Z
  _version: 0.10.1/0.42.0/
  what: dimensions-of-terrain
  when: 2025-06-01 16:05:40.069776008 Z
- _id: 3
  _time: 2025-06-01 16:05:40.071067298 Z
  _version: 0.10.1/0.42.0/
  since: 2025-05-04 16:05:40.071164047 Z
  what: quantity-of-deliverables
  when: 2025-06-01 16:05:40.071141656 Z
