---
- added: 8
  cycles: 1
  deleted: 8
  inserted: 8
  seconds: 6.834934786
  version: 0.42.0
  what: judges-summary
  when: 2025-05-25 14:04:43.817922398 Z
- _id: 1
  _time: 2025-05-25 14:04:43.804285043 Z
  _version: 0.10.1/0.42.0/
  what: dimensions-of-terrain
  when: 2025-05-25 14:04:43.804437979 Z
- _id: 2
  _time: 2025-05-25 14:04:43.806564474 Z
  _version: 0.10.1/0.42.0/
  since: 2025-04-27 14:04:43.806701119 Z
  what: quantity-of-deliverables
  when: 2025-05-25 14:04:43.806667757 Z
- _id: 3
  _time: 2025-05-25 14:04:43.814661679 Z
  _version: 0.10.1/0.42.0/
  since: 2025-04-27 14:04:43.814798986 Z
  what: quality-of-service
  when: 2025-05-25 14:04:43.814766205 Z
