---
- added: 8
  cycles: 1
  deleted: 8
  inserted: 8
  seconds: 16.887760699
  version: 0.42.0
  what: judges-summary
  when: 2025-05-24 04:38:39.676192203 Z
- _id: 1
  _time: 2025-05-24 04:38:39.667290079 Z
  _version: 0.10.1/0.42.0/
  what: dimensions-of-terrain
  when: 2025-05-24 04:38:39.667443246 Z
- _id: 2
  _time: 2025-05-24 04:38:39.670481313 Z
  _version: 0.10.1/0.42.0/
  since: 2025-04-26 04:38:39.670619833 Z
  what: quality-of-service
  when: 2025-05-24 04:38:39.670585709 Z
- _id: 3
  _time: 2025-05-24 04:38:39.673456112 Z
  _version: 0.10.1/0.42.0/
  since: 2025-04-26 04:38:39.673552573 Z
  what: quantity-of-deliverables
  when: 2025-05-24 04:38:39.673530461 Z
