---
- added: 8
  cycles: 1
  deleted: 8
  inserted: 8
  seconds: 10.259521094
  version: 0.42.0
  what: judges-summary
  when: 2025-05-13 09:06:01.835777706 Z
- _id: 1
  _time: 2025-05-13 09:06:01.824868252 Z
  _version: 0.10.1/0.42.0/
  what: dimensions-of-terrain
  when: 2025-05-13 09:06:01.825020845 Z
- _id: 2
  _time: 2025-05-13 09:06:01.830103606 Z
  _version: 0.10.1/0.42.0/
  since: 2025-04-15 09:06:01.830237886 Z
  what: quantity-of-deliverables
  when: 2025-05-13 09:06:01.830204634 Z
- _id: 3
  _time: 2025-05-13 09:06:01.833443373 Z
  _version: 0.10.1/0.42.0/
  since: 2025-04-15 09:06:01.833595786 Z
  what: quality-of-service
  when: 2025-05-13 09:06:01.833562695 Z
