---
- added: 8
  cycles: 1
  deleted: 8
  inserted: 8
  seconds: 9.497146514
  version: 0.42.0
  what: judges-summary
  when: 2025-05-26 01:33:45.924137354 Z
- _id: 1
  _time: 2025-05-26 01:33:45.910340021 Z
  _version: 0.10.1/0.42.0/
  what: dimensions-of-terrain
  when: 2025-05-26 01:33:45.910487857 Z
- _id: 2
  _time: 2025-05-26 01:33:45.921422852 Z
  _version: 0.10.1/0.42.0/
  since: 2025-04-28 01:33:45.921593530 Z
  what: quantity-of-deliverables
  when: 2025-05-26 01:33:45.921557532 Z
- _id: 3
  _time: 2025-05-26 01:33:45.922887147 Z
  _version: 0.10.1/0.42.0/
  since: 2025-04-28 01:33:45.923016979 Z
  what: quality-of-service
  when: 2025-05-26 01:33:45.922985180 Z
