---
- added: 8
  cycles: 1
  deleted: 8
  inserted: 8
  seconds: 6.895990195
  version: 0.42.0
  what: judges-summary
  when: 2025-05-23 09:36:37.572841575 Z
- _id: 1
  _time: 2025-05-23 09:36:37.561609061 Z
  _version: 0.10.1/0.42.0/
  what: dimensions-of-terrain
  when: 2025-05-23 09:36:37.561756839 Z
- _id: 2
  _time: 2025-05-23 09:36:37.568378105 Z
  _version: 0.10.1/0.42.0/
  since: 2025-04-25 09:36:37.568551000 Z
  what: quality-of-service
  when: 2025-05-23 09:36:37.568516355 Z
- _id: 3
  _time: 2025-05-23 09:36:37.571059516 Z
  _version: 0.10.1/0.42.0/
  since: 2025-04-25 09:36:37.571158172 Z
  what: quantity-of-deliverables
  when: 2025-05-23 09:36:37.571134717 Z
