---
- added: 8
  cycles: 1
  deleted: 8
  inserted: 8
  seconds: 8.31359472
  version: 0.42.0
  what: judges-summary
  when: 2025-06-04 06:07:26.504901644 Z
- _id: 1
  _time: 2025-06-04 06:07:26.490860982 Z
  _version: 0.10.1/0.42.0/
  since: 2025-05-07 06:07:26.491050758 Z
  what: quantity-of-deliverables
  when: 2025-06-04 06:07:26.491012326 Z
- _id: 2
  _time: 2025-06-04 06:07:26.495354834 Z
  _version: 0.10.1/0.42.0/
  what: dimensions-of-terrain
  when: 2025-06-04 06:07:26.495462886 Z
- _id: 3
  _time: 2025-06-04 06:07:26.503563046 Z
  _version: 0.10.1/0.42.0/
  since: 2025-05-07 06:07:26.503704461 Z
  what: quality-of-service
  when: 2025-06-04 06:07:26.503670417 Z
