---
- added: 8
  cycles: 1
  deleted: 8
  inserted: 8
  seconds: 7.568771798
  version: 0.42.0
  what: judges-summary
  when: 2025-06-01 18:06:14.482164275 Z
- _id: 1
  _time: 2025-06-01 18:06:14.472373679 Z
  _version: 0.10.1/0.42.0/
  since: 2025-05-04 18:06:14.472558296 Z
  what: quantity-of-deliverables
  when: 2025-06-01 18:06:14.472521116 Z
- _id: 2
  _time: 2025-06-01 18:06:14.474030279 Z
  _version: 0.10.1/0.42.0/
  what: dimensions-of-terrain
  when: 2025-06-01 18:06:14.474244321 Z
- _id: 3
  _time: 2025-06-01 18:06:14.480673797 Z
  _version: 0.10.1/0.42.0/
  since: 2025-05-04 18:06:14.480832474 Z
  what: quality-of-service
  when: 2025-06-01 18:06:14.480798581 Z
