---
- added: 8
  cycles: 1
  deleted: 8
  inserted: 8
  seconds: 7.580474623
  version: 0.42.0
  what: judges-summary
  when: 2025-05-31 02:33:38.880361781 Z
- _id: 1
  _time: 2025-05-31 02:33:38.873259628 Z
  _version: 0.10.1/0.42.0/
  since: 2025-05-03 02:33:38.873442669 Z
  what: quality-of-service
  when: 2025-05-31 02:33:38.873404828 Z
- _id: 2
  _time: 2025-05-31 02:33:38.876172544 Z
  _version: 0.10.1/0.42.0/
  since: 2025-05-03 02:33:38.876271868 Z
  what: quantity-of-deliverables
  when: 2025-05-31 02:33:38.876248806 Z
- _id: 3
  _time: 2025-05-31 02:33:38.877414255 Z
  _version: 0.10.1/0.42.0/
  what: dimensions-of-terrain
  when: 2025-05-31 02:33:38.877488313 Z
