---
- added: 8
  cycles: 1
  deleted: 8
  inserted: 8
  seconds: 9.630303045
  version: 0.42.0
  what: judges-summary
  when: 2025-05-16 06:41:47.634977946 Z
- _id: 1
  _time: 2025-05-16 06:41:47.627166644 Z
  _version: 0.10.1/0.42.0/
  since: 2025-04-18 06:41:47.627353293 Z
  what: quality-of-service
  when: 2025-05-16 06:41:47.627316043 Z
- _id: 2
  _time: 2025-05-16 06:41:47.630628580 Z
  _version: 0.10.1/0.42.0/
  what: dimensions-of-terrain
  when: 2025-05-16 06:41:47.630705784 Z
- _id: 3
  _time: 2025-05-16 06:41:47.632080927 Z
  _version: 0.10.1/0.42.0/
  since: 2025-04-18 06:41:47.632219997 Z
  what: quantity-of-deliverables
  when: 2025-05-16 06:41:47.632195932 Z
