---
- added: 8
  cycles: 1
  deleted: 8
  inserted: 8
  seconds: 13.583936003
  version: 0.42.0
  what: judges-summary
  when: 2025-05-25 11:04:50.929414185 Z
- _id: 1
  _time: 2025-05-25 11:04:50.916986941 Z
  _version: 0.10.1/0.42.0/
  since: 2025-04-27 11:04:50.917181844 Z
  what: quantity-of-deliverables
  when: 2025-05-25 11:04:50.917144324 Z
- _id: 2
  _time: 2025-05-25 11:04:50.924605180 Z
  _version: 0.10.1/0.42.0/
  what: dimensions-of-terrain
  when: 2025-05-25 11:04:50.924710456 Z
- _id: 3
  _time: 2025-05-25 11:04:50.925908078 Z
  _version: 0.10.1/0.42.0/
  since: 2025-04-27 11:04:50.926038952 Z
  what: quality-of-service
  when: 2025-05-25 11:04:50.926007734 Z
