---
- added: 8
  cycles: 1
  deleted: 8
  inserted: 8
  seconds: 14.042804677
  version: 0.42.0
  what: judges-summary
  when: 2025-06-12 08:07:06.515443239 Z
- _id: 1
  _time: 2025-06-12 08:07:06.505311696 Z
  _version: 0.10.1/0.42.0/
  since: 2025-05-15 08:07:06.505491050 Z
  what: quantity-of-deliverables
  when: 2025-06-12 08:07:06.505454171 Z
- _id: 2
  _time: 2025-06-12 08:07:06.511297668 Z
  _version: 0.10.1/0.42.0/
  since: 2025-05-15 08:07:06.511431217 Z
  what: quality-of-service
  when: 2025-06-12 08:07:06.511398856 Z
- _id: 3
  _time: 2025-06-12 08:07:06.513631474 Z
  _version: 0.10.1/0.42.0/
  what: dimensions-of-terrain
  when: 2025-06-12 08:07:06.513706033 Z
