---
- added: 8
  cycles: 1
  deleted: 8
  inserted: 8
  seconds: 14.221220996
  version: 0.42.0
  what: judges-summary
  when: 2025-05-19 08:07:46.962997173 Z
- _id: 1
  _time: 2025-05-19 08:07:46.950115476 Z
  _version: 0.10.1/0.42.0/
  since: 2025-04-21 08:07:46.950302034 Z
  what: quantity-of-deliverables
  when: 2025-05-19 08:07:46.950264945 Z
- _id: 2
  _time: 2025-05-19 08:07:46.958798929 Z
  _version: 0.10.1/0.42.0/
  since: 2025-04-21 08:07:46.958942847 Z
  what: quality-of-service
  when: 2025-05-19 08:07:46.958909375 Z
- _id: 3
  _time: 2025-05-19 08:07:46.961303777 Z
  _version: 0.10.1/0.42.0/
  what: dimensions-of-terrain
  when: 2025-05-19 08:07:46.961381813 Z
