---
- added: 8
  cycles: 1
  deleted: 8
  inserted: 8
  seconds: 7.591973131
  version: 0.42.0
  what: judges-summary
  when: 2025-06-03 17:37:26.038949240 Z
- _id: 1
  _time: 2025-06-03 17:37:26.026223451 Z
  _version: 0.10.1/0.42.0/
  since: 2025-05-06 17:37:26.026465073 Z
  what: quantity-of-deliverables
  when: 2025-06-03 17:37:26.026425940 Z
- _id: 2
  _time: 2025-06-03 17:37:26.029679324 Z
  _version: 0.10.1/0.42.0/
  since: 2025-05-06 17:37:26.029818014 Z
  what: quality-of-service
  when: 2025-06-03 17:37:26.029785584 Z
- _id: 3
  _time: 2025-06-03 17:37:26.037133138 Z
  _version: 0.10.1/0.42.0/
  what: dimensions-of-terrain
  when: 2025-06-03 17:37:26.037212396 Z
