---
- added: 8
  cycles: 1
  deleted: 8
  inserted: 8
  seconds: 13.270320369
  version: 0.42.0
  what: judges-summary
  when: 2025-05-22 08:39:53.644978680 Z
- _id: 1
  _time: 2025-05-22 08:39:53.633325235 Z
  _version: 0.10.1/0.42.0/
  what: dimensions-of-terrain
  when: 2025-05-22 08:39:53.633471299 Z
- _id: 2
  _time: 2025-05-22 08:39:53.639709971 Z
  _version: 0.10.1/0.42.0/
  since: 2025-04-24 08:39:53.639949750 Z
  what: quantity-of-deliverables
  when: 2025-05-22 08:39:53.639890459 Z
- _id: 3
  _time: 2025-05-22 08:39:53.643673793 Z
  _version: 0.10.1/0.42.0/
  since: 2025-04-24 08:39:53.643810600 Z
  what: quality-of-service
  when: 2025-05-22 08:39:53.643778209 Z
