---
- added: 8
  cycles: 1
  deleted: 8
  inserted: 8
  seconds: 9.638327305
  version: 0.42.0
  what: judges-summary
  when: 2025-06-11 09:06:19.868075168 Z
- _id: 1
  _time: 2025-06-11 09:06:19.862867284 Z
  _version: 0.10.1/0.42.0/
  since: 2025-05-14 09:06:19.863077065 Z
  what: quantity-of-deliverables
  when: 2025-06-11 09:06:19.863038553 Z
- _id: 2
  _time: 2025-06-11 09:06:19.864287818 Z
  _version: 0.10.1/0.42.0/
  what: dimensions-of-terrain
  when: 2025-06-11 09:06:19.864392032 Z
- _id: 3
  _time: 2025-06-11 09:06:19.865685209 Z
  _version: 0.10.1/0.42.0/
  since: 2025-05-14 09:06:19.865817386 Z
  what: quality-of-service
  when: 2025-06-11 09:06:19.865784765 Z
