---
- added: 8
  cycles: 1
  deleted: 8
  inserted: 8
  seconds: 13.581731759
  version: 0.42.0
  what: judges-summary
  when: 2025-05-12 22:05:15.608145851 Z
- _id: 1
  _time: 2025-05-12 22:05:15.595579756 Z
  _version: 0.10.1/0.42.0/
  what: dimensions-of-terrain
  when: 2025-05-12 22:05:15.595729132 Z
- _id: 2
  _time: 2025-05-12 22:05:15.600033829 Z
  _version: 0.10.1/0.42.0/
  since: 2025-04-14 22:05:15.600169320 Z
  what: quantity-of-deliverables
  when: 2025-05-12 22:05:15.600138242 Z
- _id: 3
  _time: 2025-05-12 22:05:15.605739813 Z
  _version: 0.10.1/0.42.0/
  since: 2025-04-14 22:05:15.606000716 Z
  what: quality-of-service
  when: 2025-05-12 22:05:15.605939343 Z
