---
- added: 8
  cycles: 1
  deleted: 8
  inserted: 8
  seconds: 10.289481906
  version: 0.42.0
  what: judges-summary
  when: 2025-05-15 07:35:20.284625392 Z
- _id: 1
  _time: 2025-05-15 07:35:20.274828801 Z
  _version: 0.10.1/0.42.0/
  since: 2025-04-17 07:35:20.275023052 Z
  what: quality-of-service
  when: 2025-05-15 07:35:20.274984650 Z
- _id: 2
  _time: 2025-05-15 07:35:20.278228450 Z
  _version: 0.10.1/0.42.0/
  what: dimensions-of-terrain
  when: 2025-05-15 07:35:20.278308198 Z
- _id: 3
  _time: 2025-05-15 07:35:20.282966171 Z
  _version: 0.10.1/0.42.0/
  since: 2025-04-17 07:35:20.283064774 Z
  what: quantity-of-deliverables
  when: 2025-05-15 07:35:20.283041591 Z
