---
- added: 8
  cycles: 1
  deleted: 8
  inserted: 8
  seconds: 7.926621078
  version: 0.42.0
  what: judges-summary
  when: 2025-06-05 06:07:28.286063779 Z
- _id: 1
  _time: 2025-06-05 06:07:28.272761013 Z
  _version: 0.10.1/0.42.0/
  since: 2025-05-08 06:07:28.272959706 Z
  what: quantity-of-deliverables
  when: 2025-06-05 06:07:28.272912508 Z
- _id: 2
  _time: 2025-06-05 06:07:28.276167590 Z
  _version: 0.10.1/0.42.0/
  since: 2025-05-08 06:07:28.276308864 Z
  what: quality-of-service
  when: 2025-06-05 06:07:28.276275652 Z
- _id: 3
  _time: 2025-06-05 06:07:28.284090800 Z
  _version: 0.10.1/0.42.0/
  what: dimensions-of-terrain
  when: 2025-06-05 06:07:28.284171190 Z
