---
- added: 8
  cycles: 1
  deleted: 8
  inserted: 8
  seconds: 7.312867287
  version: 0.42.0
  what: judges-summary
  when: 2025-06-11 10:39:27.738555518 Z
- _id: 1
  _time: 2025-06-11 10:39:27.727210537 Z
  _version: 0.10.1/0.42.0/
  what: dimensions-of-terrain
  when: 2025-06-11 10:39:27.727367028 Z
- _id: 2
  _time: 2025-06-11 10:39:27.733045765 Z
  _version: 0.10.1/0.42.0/
  since: 2025-05-14 10:39:27.733178803 Z
  what: quality-of-service
  when: 2025-06-11 10:39:27.733147003 Z
- _id: 3
  _time: 2025-06-11 10:39:27.737700037 Z
  _version: 0.10.1/0.42.0/
  since: 2025-05-14 10:39:27.737802698 Z
  what: quantity-of-deliverables
  when: 2025-06-11 10:39:27.737778614 Z
