---
- added: 8
  cycles: 1
  deleted: 8
  inserted: 8
  seconds: 7.37860055
  version: 0.42.0
  what: judges-summary
  when: 2025-05-31 19:33:56.349739510 Z
- _id: 1
  _time: 2025-05-31 19:33:56.342507412 Z
  _version: 0.10.1/0.42.0/
  since: 2025-05-03 19:33:56.342719287 Z
  what: quality-of-service
  when: 2025-05-31 19:33:56.342678961 Z
- _id: 2
  _time: 2025-05-31 19:33:56.344262085 Z
  _version: 0.10.1/0.42.0/
  what: dimensions-of-terrain
  when: 2025-05-31 19:33:56.344338167 Z
- _id: 3
  _time: 2025-05-31 19:33:56.347530810 Z
  _version: 0.10.1/0.42.0/
  since: 2025-05-03 19:33:56.347655472 Z
  what: quantity-of-deliverables
  when: 2025-05-31 19:33:56.347606060 Z
