---
- added: 8
  cycles: 1
  deleted: 8
  inserted: 8
  seconds: 7.17324421
  version: 0.42.0
  what: judges-summary
  when: 2025-05-27 14:38:38.309354219 Z
- _id: 1
  _time: 2025-05-27 14:38:38.296283956 Z
  _version: 0.10.1/0.42.0/
  what: dimensions-of-terrain
  when: 2025-05-27 14:38:38.296476174 Z
- _id: 2
  _time: 2025-05-27 14:38:38.304227904 Z
  _version: 0.10.1/0.42.0/
  since: 2025-04-29 14:38:38.304407347 Z
  what: quantity-of-deliverables
  when: 2025-05-27 14:38:38.304338860 Z
- _id: 3
  _time: 2025-05-27 14:38:38.306610185 Z
  _version: 0.10.1/0.42.0/
  since: 2025-04-29 14:38:38.306748592 Z
  what: quality-of-service
  when: 2025-05-27 14:38:38.306715170 Z
