---
- added: 8
  cycles: 1
  deleted: 8
  inserted: 8
  seconds: 9.883172979
  version: 0.42.0
  what: judges-summary
  when: 2025-06-08 18:40:00.510564289 Z
- _id: 1
  _time: 2025-06-08 18:40:00.501467581 Z
  _version: 0.10.1/0.42.0/
  since: 2025-05-11 18:40:00.501648299 Z
  what: quantity-of-deliverables
  when: 2025-06-08 18:40:00.501612111 Z
- _id: 2
  _time: 2025-06-08 18:40:00.502697671 Z
  _version: 0.10.1/0.42.0/
  what: dimensions-of-terrain
  when: 2025-06-08 18:40:00.502800142 Z
- _id: 3
  _time: 2025-06-08 18:40:00.506930463 Z
  _version: 0.10.1/0.42.0/
  since: 2025-05-11 18:40:00.507095642 Z
  what: quality-of-service
  when: 2025-06-08 18:40:00.507030059 Z
