---
- added: 8
  cycles: 1
  deleted: 8
  inserted: 8
  seconds: 7.891934469
  version: 0.42.0
  what: judges-summary
  when: 2025-05-17 07:33:48.900426885 Z
- _id: 1
  _time: 2025-05-17 07:33:48.886884957 Z
  _version: 0.10.1/0.42.0/
  what: dimensions-of-terrain
  when: 2025-05-17 07:33:48.887030579 Z
- _id: 2
  _time: 2025-05-17 07:33:48.890351160 Z
  _version: 0.10.1/0.42.0/
  since: 2025-04-19 07:33:48.890485500 Z
  what: quality-of-service
  when: 2025-05-17 07:33:48.890453120 Z
- _id: 3
  _time: 2025-05-17 07:33:48.898792894 Z
  _version: 0.10.1/0.42.0/
  since: 2025-04-19 07:33:48.898894323 Z
  what: quantity-of-deliverables
  when: 2025-05-17 07:33:48.898869737 Z
