---
- added: 8
  cycles: 1
  deleted: 8
  inserted: 8
  seconds: 9.46264024
  version: 0.42.0
  what: judges-summary
  when: 2025-05-24 05:36:41.840262455 Z
- _id: 1
  _time: 2025-05-24 05:36:41.829420122 Z
  _version: 0.10.1/0.42.0/
  since: 2025-04-26 05:36:41.829642225 Z
  what: quantity-of-deliverables
  when: 2025-05-24 05:36:41.829603273 Z
- _id: 2
  _time: 2025-05-24 05:36:41.831993290 Z
  _version: 0.10.1/0.42.0/
  what: dimensions-of-terrain
  when: 2025-05-24 05:36:41.832100299 Z
- _id: 3
  _time: 2025-05-24 05:36:41.834708930 Z
  _version: 0.10.1/0.42.0/
  since: 2025-04-26 05:36:41.834945520 Z
  what: quality-of-service
  when: 2025-05-24 05:36:41.834880349 Z
