---
- added: 8
  cycles: 1
  deleted: 8
  inserted: 8
  seconds: 7.898272662
  version: 0.42.0
  what: judges-summary
  when: 2025-05-13 07:05:52.713664809 Z
- _id: 1
  _time: 2025-05-13 07:05:52.703261974 Z
  _version: 0.10.1/0.42.0/
  since: 2025-04-15 07:05:52.703444464 Z
  what: quantity-of-deliverables
  when: 2025-05-13 07:05:52.703406694 Z
- _id: 2
  _time: 2025-05-13 07:05:52.710160699 Z
  _version: 0.10.1/0.42.0/
  since: 2025-04-15 07:05:52.710297093 Z
  what: quality-of-service
  when: 2025-05-13 07:05:52.710264692 Z
- _id: 3
  _time: 2025-05-13 07:05:52.711680637 Z
  _version: 0.10.1/0.42.0/
  what: dimensions-of-terrain
  when: 2025-05-13 07:05:52.711754625 Z
