---
- added: 8
  cycles: 1
  deleted: 8
  inserted: 8
  seconds: 7.89752529
  version: 0.42.0
  what: judges-summary
  when: 2025-05-27 10:39:27.327525454 Z
- _id: 1
  _time: 2025-05-27 10:39:27.321352235 Z
  _version: 0.10.1/0.42.0/
  since: 2025-04-29 10:39:27.321538150 Z
  what: quality-of-service
  when: 2025-05-27 10:39:27.321500488 Z
- _id: 2
  _time: 2025-05-27 10:39:27.323262093 Z
  _version: 0.10.1/0.42.0/
  since: 2025-04-29 10:39:27.323359549 Z
  what: quantity-of-deliverables
  when: 2025-05-27 10:39:27.323337157 Z
- _id: 3
  _time: 2025-05-27 10:39:27.326608783 Z
  _version: 0.10.1/0.42.0/
  what: dimensions-of-terrain
  when: 2025-05-27 10:39:27.326687143 Z
