---
- added: 8
  cycles: 1
  deleted: 8
  inserted: 8
  seconds: 17.53785312
  version: 0.42.0
  what: judges-summary
  when: 2025-05-31 12:08:00.590071837 Z
- _id: 1
  _time: 2025-05-31 12:08:00.577481858 Z
  _version: 0.10.1/0.42.0/
  since: 2025-05-03 12:08:00.577665920 Z
  what: quality-of-service
  when: 2025-05-31 12:08:00.577628992 Z
- _id: 2
  _time: 2025-05-31 12:08:00.580056547 Z
  _version: 0.10.1/0.42.0/
  since: 2025-05-03 12:08:00.580155251 Z
  what: quantity-of-deliverables
  when: 2025-05-31 12:08:00.580132418 Z
- _id: 3
  _time: 2025-05-31 12:08:00.588251662 Z
  _version: 0.10.1/0.42.0/
  what: dimensions-of-terrain
  when: 2025-05-31 12:08:00.588329306 Z
