---
- added: 8
  cycles: 1
  deleted: 8
  inserted: 8
  seconds: 9.785172584
  version: 0.42.0
  what: judges-summary
  when: 2025-05-27 21:35:34.714840604 Z
- _id: 1
  _time: 2025-05-27 21:35:34.709524007 Z
  _version: 0.10.1/0.42.0/
  what: dimensions-of-terrain
  when: 2025-05-27 21:35:34.709672784 Z
- _id: 2
  _time: 2025-05-27 21:35:34.711932379 Z
  _version: 0.10.1/0.42.0/
  since: 2025-04-29 21:35:34.712066299 Z
  what: quantity-of-deliverables
  when: 2025-05-27 21:35:34.712033828 Z
- _id: 3
  _time: 2025-05-27 21:35:34.713504822 Z
  _version: 0.10.1/0.42.0/
  since: 2025-04-29 21:35:34.713636137 Z
  what: quality-of-service
  when: 2025-05-27 21:35:34.713604148 Z
