---
- added: 8
  cycles: 1
  deleted: 8
  inserted: 8
  seconds: 10.307811659
  version: 0.42.0
  what: judges-summary
  when: 2025-06-13 21:05:20.388765187 Z
- _id: 1
  _time: 2025-06-13 21:05:20.377283416 Z
  _version: 0.10.1/0.42.0/
  what: dimensions-of-terrain
  when: 2025-06-13 21:05:20.377440200 Z
- _id: 2
  _time: 2025-06-13 21:05:20.383381285 Z
  _version: 0.10.1/0.42.0/
  since: 2025-05-16 21:05:20.383530925 Z
  what: quantity-of-deliverables
  when: 2025-06-13 21:05:20.383497202 Z
- _id: 3
  _time: 2025-06-13 21:05:20.387468603 Z
  _version: 0.10.1/0.42.0/
  since: 2025-05-16 21:05:20.387614095 Z
  what: quality-of-service
  when: 2025-06-13 21:05:20.387580051 Z
