---
- added: 8
  cycles: 1
  deleted: 8
  inserted: 8
  seconds: 9.436811332
  version: 0.42.0
  what: judges-summary
  when: 2025-06-06 06:07:26.210212402 Z
- _id: 1
  _time: 2025-06-06 06:07:26.201840752 Z
  _version: 0.10.1/0.42.0/
  since: 2025-05-09 06:07:26.202059401 Z
  what: quality-of-service
  when: 2025-06-06 06:07:26.202021150 Z
- _id: 2
  _time: 2025-06-06 06:07:26.204165335 Z
  _version: 0.10.1/0.42.0/
  what: dimensions-of-terrain
  when: 2025-06-06 06:07:26.204245696 Z
- _id: 3
  _time: 2025-06-06 06:07:26.209292988 Z
  _version: 0.10.1/0.42.0/
  since: 2025-05-09 06:07:26.209395671 Z
  what: quantity-of-deliverables
  when: 2025-06-06 06:07:26.209372047 Z
