---
- added: 8
  cycles: 1
  deleted: 8
  inserted: 8
  seconds: 17.065010622
  version: 0.42.0
  what: judges-summary
  when: 2025-06-07 03:46:18.649687564 Z
- _id: 1
  _time: 2025-06-07 03:46:18.638632423 Z
  _version: 0.10.1/0.42.0/
  since: 2025-05-10 03:46:18.638815173 Z
  what: quality-of-service
  when: 2025-06-07 03:46:18.638777493 Z
- _id: 2
  _time: 2025-06-07 03:46:18.640401906 Z
  _version: 0.10.1/0.42.0/
  since: 2025-05-10 03:46:18.640497414 Z
  what: quantity-of-deliverables
  when: 2025-06-07 03:46:18.640474501 Z
- _id: 3
  _time: 2025-06-07 03:46:18.645644566 Z
  _version: 0.10.1/0.42.0/
  what: dimensions-of-terrain
  when: 2025-06-07 03:46:18.645722150 Z
