---
- added: 8
  cycles: 1
  deleted: 8
  inserted: 8
  seconds: 7.551917861
  version: 0.42.0
  what: judges-summary
  when: 2025-05-15 13:13:05.758206748 Z
- _id: 1
  _time: 2025-05-15 13:13:05.750494592 Z
  _version: 0.10.1/0.42.0/
  what: dimensions-of-terrain
  when: 2025-05-15 13:13:05.750778373 Z
- _id: 2
  _time: 2025-05-15 13:13:05.753569922 Z
  _version: 0.10.1/0.42.0/
  since: 2025-04-17 13:13:05.753719963 Z
  what: quality-of-service
  when: 2025-05-15 13:13:05.753682533 Z
- _id: 3
  _time: 2025-05-15 13:13:05.756452369 Z
  _version: 0.10.1/0.42.0/
  since: 2025-04-17 13:13:05.756550934 Z
  what: quantity-of-deliverables
  when: 2025-05-15 13:13:05.756528021 Z
