---
- added: 8
  cycles: 1
  deleted: 8
  inserted: 8
  seconds: 17.675148573
  version: 0.42.0
  what: judges-summary
  when: 2025-06-13 00:21:15.357129045 Z
- _id: 1
  _time: 2025-06-13 00:21:15.345396034 Z
  _version: 0.10.1/0.42.0/
  since: 2025-05-16 00:21:15.345582521 Z
  what: quality-of-service
  when: 2025-06-13 00:21:15.345544070 Z
- _id: 2
  _time: 2025-06-13 00:21:15.350756271 Z
  _version: 0.10.1/0.42.0/
  since: 2025-05-16 00:21:15.350859854 Z
  what: quantity-of-deliverables
  when: 2025-06-13 00:21:15.350835970 Z
- _id: 3
  _time: 2025-06-13 00:21:15.353384848 Z
  _version: 0.10.1/0.42.0/
  what: dimensions-of-terrain
  when: 2025-06-13 00:21:15.353461752 Z
