---
- added: 8
  cycles: 1
  deleted: 8
  inserted: 8
  seconds: 14.331205633
  version: 0.42.0
  what: judges-summary
  when: 2025-05-21 17:36:19.739096609 Z
- _id: 1
  _time: 2025-05-21 17:36:19.729674309 Z
  _version: 0.10.1/0.42.0/
  since: 2025-04-23 17:36:19.729872782 Z
  what: quantity-of-deliverables
  when: 2025-05-21 17:36:19.729835271 Z
- _id: 2
  _time: 2025-05-21 17:36:19.734114391 Z
  _version: 0.10.1/0.42.0/
  since: 2025-04-23 17:36:19.734252931 Z
  what: quality-of-service
  when: 2025-05-21 17:36:19.734220249 Z
- _id: 3
  _time: 2025-05-21 17:36:19.737336677 Z
  _version: 0.10.1/0.42.0/
  what: dimensions-of-terrain
  when: 2025-05-21 17:36:19.737414513 Z
