---
- added: 8
  cycles: 1
  deleted: 8
  inserted: 8
  seconds: 7.905350659
  version: 0.42.0
  what: judges-summary
  when: 2025-05-28 17:05:25.180873771 Z
- _id: 1
  _time: 2025-05-28 17:05:25.170165779 Z
  _version: 0.10.1/0.42.0/
  what: dimensions-of-terrain
  when: 2025-05-28 17:05:25.170338340 Z
- _id: 2
  _time: 2025-05-28 17:05:25.173596325 Z
  _version: 0.10.1/0.42.0/
  since: 2025-04-30 17:05:25.173733009 Z
  what: quantity-of-deliverables
  when: 2025-05-28 17:05:25.173698575 Z
- _id: 3
  _time: 2025-05-28 17:05:25.175036692 Z
  _version: 0.10.1/0.42.0/
  since: 2025-04-30 17:05:25.175169068 Z
  what: quality-of-service
  when: 2025-05-28 17:05:25.175137069 Z
