---
- added: 8
  cycles: 1
  deleted: 8
  inserted: 8
  seconds: 8.253551239
  version: 0.42.0
  what: judges-summary
  when: 2025-05-15 20:37:13.590852112 Z
- _id: 1
  _time: 2025-05-15 20:37:13.580512841 Z
  _version: 0.10.1/0.42.0/
  since: 2025-04-17 20:37:13.580703017 Z
  what: quality-of-service
  when: 2025-05-15 20:37:13.580656019 Z
- _id: 2
  _time: 2025-05-15 20:37:13.585981497 Z
  _version: 0.10.1/0.42.0/
  what: dimensions-of-terrain
  when: 2025-05-15 20:37:13.586060575 Z
- _id: 3
  _time: 2025-05-15 20:37:13.587259066 Z
  _version: 0.10.1/0.42.0/
  since: 2025-04-17 20:37:13.587353622 Z
  what: quantity-of-deliverables
  when: 2025-05-15 20:37:13.587331371 Z
