---
- added: 8
  cycles: 1
  deleted: 8
  inserted: 8
  seconds: 18.303729574
  version: 0.42.0
  what: judges-summary
  when: 2025-06-03 15:38:29.387889890 Z
- _id: 1
  _time: 2025-06-03 15:38:29.378057210 Z
  _version: 0.10.1/0.42.0/
  since: 2025-05-06 15:38:29.378241923 Z
  what: quality-of-service
  when: 2025-06-03 15:38:29.378203712 Z
- _id: 2
  _time: 2025-06-03 15:38:29.380929096 Z
  _version: 0.10.1/0.42.0/
  what: dimensions-of-terrain
  when: 2025-06-03 15:38:29.381089344 Z
- _id: 3
  _time: 2025-06-03 15:38:29.384959515 Z
  _version: 0.10.1/0.42.0/
  since: 2025-05-06 15:38:29.385061184 Z
  what: quantity-of-deliverables
  when: 2025-06-03 15:38:29.385038121 Z
