---
- added: 8
  cycles: 1
  deleted: 8
  inserted: 8
  seconds: 8.125986972
  version: 0.42.0
  what: judges-summary
  when: 2025-05-21 18:06:54.752912854 Z
- _id: 1
  _time: 2025-05-21 18:06:54.740441743 Z
  _version: 0.10.1/0.42.0/
  what: dimensions-of-terrain
  when: 2025-05-21 18:06:54.740593508 Z
- _id: 2
  _time: 2025-05-21 18:06:54.749973458 Z
  _version: 0.10.1/0.42.0/
  since: 2025-04-23 18:06:54.750117438 Z
  what: quantity-of-deliverables
  when: 2025-05-21 18:06:54.750084727 Z
- _id: 3
  _time: 2025-05-21 18:06:54.751563527 Z
  _version: 0.10.1/0.42.0/
  since: 2025-04-23 18:06:54.751699663 Z
  what: quality-of-service
  when: 2025-05-21 18:06:54.751667443 Z
