---
- added: 8
  cycles: 1
  deleted: 8
  inserted: 8
  seconds: 9.565464975
  version: 0.42.0
  what: judges-summary
  when: 2025-06-08 06:06:40.702055152 Z
- _id: 1
  _time: 2025-06-08 06:06:40.690264361 Z
  _version: 0.10.1/0.42.0/
  what: dimensions-of-terrain
  when: 2025-06-08 06:06:40.690413720 Z
- _id: 2
  _time: 2025-06-08 06:06:40.692734639 Z
  _version: 0.10.1/0.42.0/
  since: 2025-05-11 06:06:40.692872106 Z
  what: quantity-of-deliverables
  when: 2025-06-08 06:06:40.692838383 Z
- _id: 3
  _time: 2025-06-08 06:06:40.697917866 Z
  _version: 0.10.1/0.42.0/
  since: 2025-05-11 06:06:40.698053810 Z
  what: quality-of-service
  when: 2025-06-08 06:06:40.698021180 Z
