---
- added: 8
  cycles: 1
  deleted: 8
  inserted: 8
  seconds: 7.263058332
  version: 0.42.0
  what: judges-summary
  when: 2025-06-11 20:36:58.782775985 Z
- _id: 1
  _time: 2025-06-11 20:36:58.770606684 Z
  _version: 0.10.1/0.42.0/
  since: 2025-05-14 20:36:58.770789613 Z
  what: quality-of-service
  when: 2025-06-11 20:36:58.770752392 Z
- _id: 2
  _time: 2025-06-11 20:36:58.773228713 Z
  _version: 0.10.1/0.42.0/
  what: dimensions-of-terrain
  when: 2025-06-11 20:36:58.773303747 Z
- _id: 3
  _time: 2025-06-11 20:36:58.781868180 Z
  _version: 0.10.1/0.42.0/
  since: 2025-05-14 20:36:58.781966579 Z
  what: quantity-of-deliverables
  when: 2025-06-11 20:36:58.781943745 Z
