---
- added: 8
  cycles: 1
  deleted: 8
  inserted: 8
  seconds: 9.691078081
  version: 0.42.0
  what: judges-summary
  when: 2025-05-20 19:33:59.895459101 Z
- _id: 1
  _time: 2025-05-20 19:33:59.886848484 Z
  _version: 0.10.1/0.42.0/
  since: 2025-04-22 19:33:59.887032499 Z
  what: quantity-of-deliverables
  when: 2025-05-20 19:33:59.886995059 Z
- _id: 2
  _time: 2025-05-20 19:33:59.890439047 Z
  _version: 0.10.1/0.42.0/
  what: dimensions-of-terrain
  when: 2025-05-20 19:33:59.890629926 Z
- _id: 3
  _time: 2025-05-20 19:33:59.892163773 Z
  _version: 0.10.1/0.42.0/
  since: 2025-04-22 19:33:59.892375942 Z
  what: quality-of-service
  when: 2025-05-20 19:33:59.892311040 Z
