---
- added: 8
  cycles: 1
  deleted: 8
  inserted: 8
  seconds: 11.36351888
  version: 0.42.0
  what: judges-summary
  when: 2025-06-06 17:06:00.094058928 Z
- _id: 1
  _time: 2025-06-06 17:06:00.080146652 Z
  _version: 0.10.1/0.42.0/
  what: dimensions-of-terrain
  when: 2025-06-06 17:06:00.080309557 Z
- _id: 2
  _time: 2025-06-06 17:06:00.089563148 Z
  _version: 0.10.1/0.42.0/
  since: 2025-05-09 17:06:00.089704613 Z
  what: quantity-of-deliverables
  when: 2025-06-06 17:06:00.089671070 Z
- _id: 3
  _time: 2025-06-06 17:06:00.091053363 Z
  _version: 0.10.1/0.42.0/
  since: 2025-05-09 17:06:00.091227841 Z
  what: quality-of-service
  when: 2025-06-06 17:06:00.091195660 Z
