---
- added: 8
  cycles: 1
  deleted: 8
  inserted: 8
  seconds: 17.76444214
  version: 0.42.0
  what: judges-summary
  when: 2025-06-12 18:06:51.650810723 Z
- _id: 1
  _time: 2025-06-12 18:06:51.639857183 Z
  _version: 0.10.1/0.42.0/
  since: 2025-05-15 18:06:51.640035907 Z
  what: quality-of-service
  when: 2025-06-12 18:06:51.639998707 Z
- _id: 2
  _time: 2025-06-12 18:06:51.645472918 Z
  _version: 0.10.1/0.42.0/
  since: 2025-05-15 18:06:51.645569899 Z
  what: quantity-of-deliverables
  when: 2025-06-12 18:06:51.645547397 Z
- _id: 3
  _time: 2025-06-12 18:06:51.648421162 Z
  _version: 0.10.1/0.42.0/
  what: dimensions-of-terrain
  when: 2025-06-12 18:06:51.648495631 Z
