---
- added: 8
  cycles: 1
  deleted: 8
  inserted: 8
  seconds: 7.683914465
  version: 0.42.0
  what: judges-summary
  when: 2025-05-13 00:49:15.416879558 Z
- _id: 1
  _time: 2025-05-13 00:49:15.407079781 Z
  _version: 0.10.1/0.42.0/
  what: dimensions-of-terrain
  when: 2025-05-13 00:49:15.407231795 Z
- _id: 2
  _time: 2025-05-13 00:49:15.411520294 Z
  _version: 0.10.1/0.42.0/
  since: 2025-04-15 00:49:15.411697356 Z
  what: quality-of-service
  when: 2025-05-13 00:49:15.411662210 Z
- _id: 3
  _time: 2025-05-13 00:49:15.413206980 Z
  _version: 0.10.1/0.42.0/
  since: 2025-04-15 00:49:15.413341903 Z
  what: quantity-of-deliverables
  when: 2025-05-13 00:49:15.413279606 Z
