---
- added: 8
  cycles: 1
  deleted: 8
  inserted: 8
  seconds: 7.749892285
  version: 0.42.0
  what: judges-summary
  when: 2025-05-13 00:20:31.087835152 Z
- _id: 1
  _time: 2025-05-13 00:20:31.077255315 Z
  _version: 0.10.1/0.42.0/
  since: 2025-04-15 00:20:31.077443288 Z
  what: quantity-of-deliverables
  when: 2025-05-13 00:20:31.077404415 Z
- _id: 2
  _time: 2025-05-13 00:20:31.082544986 Z
  _version: 0.10.1/0.42.0/
  since: 2025-04-15 00:20:31.082774016 Z
  what: quality-of-service
  when: 2025-05-13 00:20:31.082714494 Z
- _id: 3
  _time: 2025-05-13 00:20:31.085322617 Z
  _version: 0.10.1/0.42.0/
  what: dimensions-of-terrain
  when: 2025-05-13 00:20:31.085401455 Z
