---
- added: 8
  cycles: 1
  deleted: 8
  inserted: 8
  seconds: 7.128085943
  version: 0.42.0
  what: judges-summary
  when: 2025-05-25 09:05:08.394690181 Z
- _id: 1
  _time: 2025-05-25 09:05:08.388049475 Z
  _version: 0.10.1/0.42.0/
  since: 2025-04-27 09:05:08.388257755 Z
  what: quality-of-service
  when: 2025-05-25 09:05:08.388218161 Z
- _id: 2
  _time: 2025-05-25 09:05:08.390662466 Z
  _version: 0.10.1/0.42.0/
  what: dimensions-of-terrain
  when: 2025-05-25 09:05:08.390741164 Z
- _id: 3
  _time: 2025-05-25 09:05:08.392116884 Z
  _version: 0.10.1/0.42.0/
  since: 2025-04-27 09:05:08.392251336 Z
  what: quantity-of-deliverables
  when: 2025-05-25 09:05:08.392228403 Z
