---
- added: 8
  cycles: 1
  deleted: 8
  inserted: 8
  seconds: 14.411777093
  version: 0.42.0
  what: judges-summary
  when: 2025-06-04 19:09:55.508267456 Z
- _id: 1
  _time: 2025-06-04 19:09:55.496744843 Z
  _version: 0.10.1/0.42.0/
  what: dimensions-of-terrain
  when: 2025-06-04 19:09:55.496898463 Z
- _id: 2
  _time: 2025-06-04 19:09:55.499036888 Z
  _version: 0.10.1/0.42.0/
  since: 2025-05-07 19:09:55.499175530 Z
  what: quantity-of-deliverables
  when: 2025-06-04 19:09:55.499140123 Z
- _id: 3
  _time: 2025-06-04 19:09:55.506087802 Z
  _version: 0.10.1/0.42.0/
  since: 2025-05-07 19:09:55.506229921 Z
  what: quality-of-service
  when: 2025-06-04 19:09:55.506195265 Z
