---
- added: 8
  cycles: 1
  deleted: 8
  inserted: 8
  seconds: 10.296540236
  version: 0.42.0
  what: judges-summary
  when: 2025-05-27 11:34:27.189774367 Z
- _id: 1
  _time: 2025-05-27 11:34:27.179145804 Z
  _version: 0.10.1/0.42.0/
  since: 2025-04-29 11:34:27.179334796 Z
  what: quality-of-service
  when: 2025-05-27 11:34:27.179297296 Z
- _id: 2
  _time: 2025-05-27 11:34:27.184849750 Z
  _version: 0.10.1/0.42.0/
  what: dimensions-of-terrain
  when: 2025-05-27 11:34:27.184932314 Z
- _id: 3
  _time: 2025-05-27 11:34:27.188860027 Z
  _version: 0.10.1/0.42.0/
  since: 2025-04-29 11:34:27.188967597 Z
  what: quantity-of-deliverables
  when: 2025-05-27 11:34:27.188943532 Z
