---
- added: 8
  cycles: 1
  deleted: 8
  inserted: 8
  seconds: 9.599722729
  version: 0.42.0
  what: judges-summary
  when: 2025-06-14 16:05:27.853391899 Z
- _id: 1
  _time: 2025-06-14 16:05:27.846778424 Z
  _version: 0.10.1/0.42.0/
  since: 2025-05-17 16:05:27.846958262 Z
  what: quality-of-service
  when: 2025-06-14 16:05:27.846922334 Z
- _id: 2
  _time: 2025-06-14 16:05:27.848767269 Z
  _version: 0.10.1/0.42.0/
  since: 2025-05-17 16:05:27.848863600 Z
  what: quantity-of-deliverables
  when: 2025-06-14 16:05:27.848841278 Z
- _id: 3
  _time: 2025-06-14 16:05:27.852435053 Z
  _version: 0.10.1/0.42.0/
  what: dimensions-of-terrain
  when: 2025-06-14 16:05:27.852512648 Z
