---
- added: 8
  cycles: 1
  deleted: 8
  inserted: 8
  seconds: 7.406688495
  version: 0.42.0
  what: judges-summary
  when: 2025-05-17 17:34:55.263332122 Z
- _id: 1
  _time: 2025-05-17 17:34:55.254023394 Z
  _version: 0.10.1/0.42.0/
  since: 2025-04-19 17:34:55.254202027 Z
  what: quality-of-service
  when: 2025-05-17 17:34:55.254165649 Z
- _id: 2
  _time: 2025-05-17 17:34:55.258946314 Z
  _version: 0.10.1/0.42.0/
  what: dimensions-of-terrain
  when: 2025-05-17 17:34:55.259027104 Z
- _id: 3
  _time: 2025-05-17 17:34:55.262250960 Z
  _version: 0.10.1/0.42.0/
  since: 2025-04-19 17:34:55.262353050 Z
  what: quantity-of-deliverables
  when: 2025-05-17 17:34:55.262329186 Z
