---
- added: 8
  cycles: 1
  deleted: 8
  inserted: 8
  seconds: 6.500106582
  version: 0.42.0
  what: judges-summary
  when: 2025-05-18 19:33:45.135552026 Z
- _id: 1
  _time: 2025-05-18 19:33:45.129526244 Z
  _version: 0.10.1/0.42.0/
  since: 2025-04-20 19:33:45.129708674 Z
  what: quantity-of-deliverables
  when: 2025-05-18 19:33:45.129670974 Z
- _id: 2
  _time: 2025-05-18 19:33:45.131044384 Z
  _version: 0.10.1/0.42.0/
  since: 2025-04-20 19:33:45.131176891 Z
  what: quality-of-service
  when: 2025-05-18 19:33:45.131144751 Z
- _id: 3
  _time: 2025-05-18 19:33:45.133607221 Z
  _version: 0.10.1/0.42.0/
  what: dimensions-of-terrain
  when: 2025-05-18 19:33:45.133683894 Z
