---
- added: 8
  cycles: 1
  deleted: 8
  inserted: 8
  seconds: 7.826359144
  version: 0.42.0
  what: judges-summary
  when: 2025-05-21 06:07:23.333971943 Z
- _id: 1
  _time: 2025-05-21 06:07:23.320217178 Z
  _version: 0.10.1/0.42.0/
  what: dimensions-of-terrain
  when: 2025-05-21 06:07:23.320367378 Z
- _id: 2
  _time: 2025-05-21 06:07:23.325426966 Z
  _version: 0.10.1/0.42.0/
  since: 2025-04-23 06:07:23.325565183 Z
  what: quality-of-service
  when: 2025-05-21 06:07:23.325531781 Z
- _id: 3
  _time: 2025-05-21 06:07:23.328819827 Z
  _version: 0.10.1/0.42.0/
  since: 2025-04-23 06:07:23.328918000 Z
  what: quantity-of-deliverables
  when: 2025-05-21 06:07:23.328895628 Z
