---
- added: 8
  cycles: 1
  deleted: 8
  inserted: 8
  seconds: 7.309818666
  version: 0.42.0
  what: judges-summary
  when: 2025-05-26 09:46:51.645373876 Z
- _id: 1
  _time: 2025-05-26 09:46:51.630915381 Z
  _version: 0.10.1/0.42.0/
  what: dimensions-of-terrain
  when: 2025-05-26 09:46:51.631095188 Z
- _id: 2
  _time: 2025-05-26 09:46:51.633338769 Z
  _version: 0.10.1/0.42.0/
  since: 2025-04-28 09:46:51.633473331 Z
  what: quantity-of-deliverables
  when: 2025-05-26 09:46:51.633440429 Z
- _id: 3
  _time: 2025-05-26 09:46:51.638805828 Z
  _version: 0.10.1/0.42.0/
  since: 2025-04-28 09:46:51.639068679 Z
  what: quality-of-service
  when: 2025-05-26 09:46:51.639007595 Z
