---
- added: 8
  cycles: 1
  deleted: 8
  inserted: 8
  seconds: 7.839375288
  version: 0.42.0
  what: judges-summary
  when: 2025-06-03 23:35:05.702456353 Z
- _id: 1
  _time: 2025-06-03 23:35:05.693565018 Z
  _version: 0.10.1/0.42.0/
  what: dimensions-of-terrain
  when: 2025-06-03 23:35:05.693715288 Z
- _id: 2
  _time: 2025-06-03 23:35:05.696753329 Z
  _version: 0.10.1/0.42.0/
  since: 2025-05-06 23:35:05.696991633 Z
  what: quality-of-service
  when: 2025-06-03 23:35:05.696932423 Z
- _id: 3
  _time: 2025-06-03 23:35:05.699324350 Z
  _version: 0.10.1/0.42.0/
  since: 2025-05-06 23:35:05.699427001 Z
  what: quantity-of-deliverables
  when: 2025-06-03 23:35:05.699404128 Z
