---
- added: 8
  cycles: 1
  deleted: 8
  inserted: 8
  seconds: 9.731918872
  version: 0.42.0
  what: judges-summary
  when: 2025-05-16 00:49:16.943870041 Z
- _id: 1
  _time: 2025-05-16 00:49:16.933719042 Z
  _version: 0.10.1/0.42.0/
  since: 2025-04-18 00:49:16.933932221 Z
  what: quantity-of-deliverables
  when: 2025-05-16 00:49:16.933894621 Z
- _id: 2
  _time: 2025-05-16 00:49:16.938171690 Z
  _version: 0.10.1/0.42.0/
  since: 2025-04-18 00:49:16.938304739 Z
  what: quality-of-service
  when: 2025-05-16 00:49:16.938273070 Z
- _id: 3
  _time: 2025-05-16 00:49:16.942330278 Z
  _version: 0.10.1/0.42.0/
  what: dimensions-of-terrain
  when: 2025-05-16 00:49:16.942406811 Z
