---
- added: 8
  cycles: 1
  deleted: 8
  inserted: 8
  seconds: 7.777789401
  version: 0.42.0
  what: judges-summary
  when: 2025-05-12 06:42:24.369703401 Z
- _id: 1
  _time: 2025-05-12 06:42:24.359368569 Z
  _version: 0.10.1/0.42.0/
  since: 2025-04-14 06:42:24.359553123 Z
  what: quality-of-service
  when: 2025-05-12 06:42:24.359515543 Z
- _id: 2
  _time: 2025-05-12 06:42:24.364345624 Z
  _version: 0.10.1/0.42.0/
  since: 2025-04-14 06:42:24.364447634 Z
  what: quantity-of-deliverables
  when: 2025-05-12 06:42:24.364423750 Z
- _id: 3
  _time: 2025-05-12 06:42:24.368802274 Z
  _version: 0.10.1/0.42.0/
  what: dimensions-of-terrain
  when: 2025-05-12 06:42:24.368880260 Z
