---
- added: 8
  cycles: 1
  deleted: 8
  inserted: 8
  seconds: 8.698619854
  version: 0.42.0
  what: judges-summary
  when: 2025-05-21 15:05:50.982960061 Z
- _id: 1
  _time: 2025-05-21 15:05:50.973161566 Z
  _version: 0.10.1/0.42.0/
  since: 2025-04-23 15:05:50.973350859 Z
  what: quality-of-service
  when: 2025-05-21 15:05:50.973313139 Z
- _id: 2
  _time: 2025-05-21 15:05:50.976644846 Z
  _version: 0.10.1/0.42.0/
  since: 2025-04-23 15:05:50.976780109 Z
  what: quantity-of-deliverables
  when: 2025-05-21 15:05:50.976756404 Z
- _id: 3
  _time: 2025-05-21 15:05:50.981147413 Z
  _version: 0.10.1/0.42.0/
  what: dimensions-of-terrain
  when: 2025-05-21 15:05:50.981234425 Z
