---
- added: 8
  cycles: 1
  deleted: 8
  inserted: 8
  seconds: 7.3131378
  version: 0.42.0
  what: judges-summary
  when: 2025-06-12 07:35:41.259508828 Z
- _id: 1
  _time: 2025-06-12 07:35:41.247063442 Z
  _version: 0.10.1/0.42.0/
  since: 2025-05-15 07:35:41.247271930 Z
  what: quantity-of-deliverables
  when: 2025-06-12 07:35:41.247234330 Z
- _id: 2
  _time: 2025-06-12 07:35:41.251988225 Z
  _version: 0.10.1/0.42.0/
  what: dimensions-of-terrain
  when: 2025-06-12 07:35:41.252093591 Z
- _id: 3
  _time: 2025-06-12 07:35:41.254419034 Z
  _version: 0.10.1/0.42.0/
  since: 2025-05-15 07:35:41.254554146 Z
  what: quality-of-service
  when: 2025-06-12 07:35:41.254521395 Z
