---
- added: 8
  cycles: 1
  deleted: 8
  inserted: 8
  seconds: 8.722670566
  version: 0.42.0
  what: judges-summary
  when: 2025-06-14 00:20:05.052463612 Z
- _id: 1
  _time: 2025-06-14 00:20:05.041396095 Z
  _version: 0.10.1/0.42.0/
  since: 2025-05-17 00:20:05.041599126 Z
  what: quantity-of-deliverables
  when: 2025-06-14 00:20:05.041559812 Z
- _id: 2
  _time: 2025-06-14 00:20:05.045005361 Z
  _version: 0.10.1/0.42.0/
  what: dimensions-of-terrain
  when: 2025-06-14 00:20:05.045222048 Z
- _id: 3
  _time: 2025-06-14 00:20:05.051139619 Z
  _version: 0.10.1/0.42.0/
  since: 2025-05-17 00:20:05.051273801 Z
  what: quality-of-service
  when: 2025-06-14 00:20:05.051241120 Z
