---
- added: 8
  cycles: 1
  deleted: 8
  inserted: 8
  seconds: 8.207754435
  version: 0.42.0
  what: judges-summary
  when: 2025-06-04 18:41:46.948571410 Z
- _id: 1
  _time: 2025-06-04 18:41:46.940331798 Z
  _version: 0.10.1/0.42.0/
  since: 2025-05-07 18:41:46.940511925 Z
  what: quantity-of-deliverables
  when: 2025-06-04 18:41:46.940474996 Z
- _id: 2
  _time: 2025-06-04 18:41:46.944686622 Z
  _version: 0.10.1/0.42.0/
  since: 2025-05-07 18:41:46.944927242 Z
  what: quality-of-service
  when: 2025-06-04 18:41:46.944866679 Z
- _id: 3
  _time: 2025-06-04 18:41:46.947532086 Z
  _version: 0.10.1/0.42.0/
  what: dimensions-of-terrain
  when: 2025-06-04 18:41:46.947650408 Z
