---
- added: 8
  cycles: 1
  deleted: 8
  inserted: 8
  seconds: 7.580910409
  version: 0.42.0
  what: judges-summary
  when: 2025-06-07 02:34:40.876957183 Z
- _id: 1
  _time: 2025-06-07 02:34:40.863042617 Z
  _version: 0.10.1/0.42.0/
  what: dimensions-of-terrain
  when: 2025-06-07 02:34:40.863201664 Z
- _id: 2
  _time: 2025-06-07 02:34:40.874154960 Z
  _version: 0.10.1/0.42.0/
  since: 2025-05-10 02:34:40.874304528 Z
  what: quantity-of-deliverables
  when: 2025-06-07 02:34:40.874270615 Z
- _id: 3
  _time: 2025-06-07 02:34:40.875601406 Z
  _version: 0.10.1/0.42.0/
  since: 2025-05-10 02:34:40.875736978 Z
  what: quality-of-service
  when: 2025-06-07 02:34:40.875704107 Z
