---
- added: 8
  cycles: 1
  deleted: 8
  inserted: 8
  seconds: 10.715323237
  version: 0.42.0
  what: judges-summary
  when: 2025-06-11 18:42:10.258389410 Z
- _id: 1
  _time: 2025-06-11 18:42:10.247536264 Z
  _version: 0.10.1/0.42.0/
  since: 2025-05-14 18:42:10.247718956 Z
  what: quantity-of-deliverables
  when: 2025-06-11 18:42:10.247682347 Z
- _id: 2
  _time: 2025-06-11 18:42:10.249786786 Z
  _version: 0.10.1/0.42.0/
  since: 2025-05-14 18:42:10.249918852 Z
  what: quality-of-service
  when: 2025-06-11 18:42:10.249887363 Z
- _id: 3
  _time: 2025-06-11 18:42:10.252432518 Z
  _version: 0.10.1/0.42.0/
  what: dimensions-of-terrain
  when: 2025-06-11 18:42:10.252570506 Z
