---
- added: 8
  cycles: 1
  deleted: 8
  inserted: 8
  seconds: 7.638874989
  version: 0.42.0
  what: judges-summary
  when: 2025-06-11 03:48:26.979054621 Z
- _id: 1
  _time: 2025-06-11 03:48:26.965292748 Z
  _version: 0.10.1/0.42.0/
  what: dimensions-of-terrain
  when: 2025-06-11 03:48:26.965445975 Z
- _id: 2
  _time: 2025-06-11 03:48:26.967650917 Z
  _version: 0.10.1/0.42.0/
  since: 2025-05-14 03:48:26.967787643 Z
  what: quantity-of-deliverables
  when: 2025-06-11 03:48:26.967754390 Z
- _id: 3
  _time: 2025-06-11 03:48:26.977658517 Z
  _version: 0.10.1/0.42.0/
  since: 2025-05-14 03:48:26.977798178 Z
  what: quality-of-service
  when: 2025-06-11 03:48:26.977764715 Z
