---
- added: 8
  cycles: 1
  deleted: 8
  inserted: 8
  seconds: 6.915045055
  version: 0.42.0
  what: judges-summary
  when: 2025-06-02 23:36:18.677657563 Z
- _id: 1
  _time: 2025-06-02 23:36:18.671529854 Z
  _version: 0.10.1/0.42.0/
  since: 2025-05-05 23:36:18.671858070 Z
  what: quality-of-service
  when: 2025-06-02 23:36:18.671781686 Z
- _id: 2
  _time: 2025-06-02 23:36:18.673363104 Z
  _version: 0.10.1/0.42.0/
  what: dimensions-of-terrain
  when: 2025-06-02 23:36:18.673439207 Z
- _id: 3
  _time: 2025-06-02 23:36:18.674694031 Z
  _version: 0.10.1/0.42.0/
  since: 2025-05-05 23:36:18.674790302 Z
  what: quantity-of-deliverables
  when: 2025-06-02 23:36:18.674766788 Z
