---
- added: 8
  cycles: 1
  deleted: 8
  inserted: 8
  seconds: 13.681848643
  version: 0.42.0
  what: judges-summary
  when: 2025-06-06 19:34:00.517930646 Z
- _id: 1
  _time: 2025-06-06 19:34:00.508260762 Z
  _version: 0.10.1/0.42.0/
  since: 2025-05-09 19:34:00.508441420 Z
  what: quantity-of-deliverables
  when: 2025-06-06 19:34:00.508404822 Z
- _id: 2
  _time: 2025-06-06 19:34:00.512605966 Z
  _version: 0.10.1/0.42.0/
  what: dimensions-of-terrain
  when: 2025-06-06 19:34:00.512710411 Z
- _id: 3
  _time: 2025-06-06 19:34:00.515898260 Z
  _version: 0.10.1/0.42.0/
  since: 2025-05-09 19:34:00.516034365 Z
  what: quality-of-service
  when: 2025-06-06 19:34:00.516000321 Z
