---
- added: 8
  cycles: 1
  deleted: 8
  inserted: 8
  seconds: 8.375303744
  version: 0.42.0
  what: judges-summary
  when: 2025-05-14 01:33:22.617162443 Z
- _id: 1
  _time: 2025-05-14 01:33:22.609246364 Z
  _version: 0.10.1/0.42.0/
  since: 2025-04-16 01:33:22.609429285 Z
  what: quality-of-service
  when: 2025-05-14 01:33:22.609391504 Z
- _id: 2
  _time: 2025-05-14 01:33:22.611934984 Z
  _version: 0.10.1/0.42.0/
  what: dimensions-of-terrain
  when: 2025-05-14 01:33:22.612011867 Z
- _id: 3
  _time: 2025-05-14 01:33:22.613430470 Z
  _version: 0.10.1/0.42.0/
  since: 2025-04-16 01:33:22.613530606 Z
  what: quantity-of-deliverables
  when: 2025-05-14 01:33:22.613507653 Z
