---
- added: 8
  cycles: 1
  deleted: 8
  inserted: 8
  seconds: 9.935678925
  version: 0.42.0
  what: judges-summary
  when: 2025-05-29 08:40:17.142779097 Z
- _id: 1
  _time: 2025-05-29 08:40:17.132151351 Z
  _version: 0.10.1/0.42.0/
  what: dimensions-of-terrain
  when: 2025-05-29 08:40:17.132298193 Z
- _id: 2
  _time: 2025-05-29 08:40:17.135454267 Z
  _version: 0.10.1/0.42.0/
  since: 2025-05-01 08:40:17.135593083 Z
  what: quality-of-service
  when: 2025-05-29 08:40:17.135558730 Z
- _id: 3
  _time: 2025-05-29 08:40:17.137776249 Z
  _version: 0.10.1/0.42.0/
  since: 2025-05-01 08:40:17.137874450 Z
  what: quantity-of-deliverables
  when: 2025-05-29 08:40:17.137850877 Z
