---
- added: 8
  cycles: 1
  deleted: 8
  inserted: 8
  seconds: 8.475045495
  version: 0.42.0
  what: judges-summary
  when: 2025-05-19 19:34:03.773698260 Z
- _id: 1
  _time: 2025-05-19 19:34:03.760295151 Z
  _version: 0.10.1/0.42.0/
  what: dimensions-of-terrain
  when: 2025-05-19 19:34:03.760444351 Z
- _id: 2
  _time: 2025-05-19 19:34:03.762666839 Z
  _version: 0.10.1/0.42.0/
  since: 2025-04-21 19:34:03.762803616 Z
  what: quantity-of-deliverables
  when: 2025-05-19 19:34:03.762770103 Z
- _id: 3
  _time: 2025-05-19 19:34:03.770687115 Z
  _version: 0.10.1/0.42.0/
  since: 2025-04-21 19:34:03.770824483 Z
  what: quality-of-service
  when: 2025-05-19 19:34:03.770791110 Z
