---
- added: 8
  cycles: 1
  deleted: 8
  inserted: 8
  seconds: 7.282157601
  version: 0.42.0
  what: judges-summary
  when: 2025-06-01 21:04:42.903774582 Z
- _id: 1
  _time: 2025-06-01 21:04:42.889400721 Z
  _version: 0.10.1/0.42.0/
  what: dimensions-of-terrain
  when: 2025-06-01 21:04:42.889554788 Z
- _id: 2
  _time: 2025-06-01 21:04:42.892824918 Z
  _version: 0.10.1/0.42.0/
  since: 2025-05-04 21:04:42.893002849 Z
  what: quality-of-service
  when: 2025-06-01 21:04:42.892969026 Z
- _id: 3
  _time: 2025-06-01 21:04:42.896297375 Z
  _version: 0.10.1/0.42.0/
  since: 2025-05-04 21:04:42.896396820 Z
  what: quantity-of-deliverables
  when: 2025-06-01 21:04:42.896374148 Z
