---
- added: 8
  cycles: 1
  deleted: 8
  inserted: 8
  seconds: 9.806980494
  version: 0.42.0
  what: judges-summary
  when: 2025-06-08 05:05:37.097751954 Z
- _id: 1
  _time: 2025-06-08 05:05:37.085936718 Z
  _version: 0.10.1/0.42.0/
  since: 2025-05-11 05:05:37.086120742 Z
  what: quality-of-service
  when: 2025-06-08 05:05:37.086084154 Z
- _id: 2
  _time: 2025-06-08 05:05:37.088697128 Z
  _version: 0.10.1/0.42.0/
  what: dimensions-of-terrain
  when: 2025-06-08 05:05:37.088774152 Z
- _id: 3
  _time: 2025-06-08 05:05:37.093960416 Z
  _version: 0.10.1/0.42.0/
  since: 2025-05-11 05:05:37.094060844 Z
  what: quantity-of-deliverables
  when: 2025-06-08 05:05:37.094038061 Z
