---
- added: 8
  cycles: 1
  deleted: 8
  inserted: 8
  seconds: 7.518454347
  version: 0.42.0
  what: judges-summary
  when: 2025-05-27 22:37:27.317554363 Z
- _id: 1
  _time: 2025-05-27 22:37:27.311539058 Z
  _version: 0.10.1/0.42.0/
  since: 2025-04-29 22:37:27.311748448 Z
  what: quality-of-service
  when: 2025-05-27 22:37:27.311711590 Z
- _id: 2
  _time: 2025-05-27 22:37:27.313274225 Z
  _version: 0.10.1/0.42.0/
  since: 2025-04-29 22:37:27.313369302 Z
  what: quantity-of-deliverables
  when: 2025-05-27 22:37:27.313347091 Z
- _id: 3
  _time: 2025-05-27 22:37:27.315101564 Z
  _version: 0.10.1/0.42.0/
  what: dimensions-of-terrain
  when: 2025-05-27 22:37:27.315175732 Z
