---
- added: 8
  cycles: 1
  deleted: 8
  inserted: 8
  seconds: 0.773194499
  version: 0.42.0
  what: judges-summary
  when: 2025-06-07 17:35:24.816947954 Z
- _id: 1
  _time: 2025-06-07 17:35:24.809161959 Z
  _version: 0.10.1/0.42.0/
  since: 2025-05-10 17:35:24.809379026 Z
  what: quality-of-service
  when: 2025-06-07 17:35:24.809339121 Z
- _id: 2
  _time: 2025-06-07 17:35:24.813121905 Z
  _version: 0.10.1/0.42.0/
  since: 2025-05-10 17:35:24.813252620 Z
  what: quantity-of-deliverables
  when: 2025-06-07 17:35:24.813199000 Z
- _id: 3
  _time: 2025-06-07 17:35:24.814317485 Z
  _version: 0.10.1/0.42.0/
  what: dimensions-of-terrain
  when: 2025-06-07 17:35:24.814395652 Z
