---
- added: 8
  cycles: 1
  deleted: 8
  inserted: 8
  seconds: 7.6676324
  version: 0.42.0
  what: judges-summary
  when: 2025-06-09 21:35:57.868656832 Z
- _id: 1
  _time: 2025-06-09 21:35:57.858289041 Z
  _version: 0.10.1/0.42.0/
  since: 2025-05-12 21:35:57.858474187 Z
  what: quantity-of-deliverables
  when: 2025-06-09 21:35:57.858434873 Z
- _id: 2
  _time: 2025-06-09 21:35:57.862280172 Z
  _version: 0.10.1/0.42.0/
  what: dimensions-of-terrain
  when: 2025-06-09 21:35:57.862382684 Z
- _id: 3
  _time: 2025-06-09 21:35:57.863765520 Z
  _version: 0.10.1/0.42.0/
  since: 2025-05-12 21:35:57.863896474 Z
  what: quality-of-service
  when: 2025-06-09 21:35:57.863863913 Z
