---
- added: 8
  cycles: 1
  deleted: 8
  inserted: 8
  seconds: 8.175189715
  version: 0.42.0
  what: judges-summary
  when: 2025-05-30 10:05:50.722890170 Z
- _id: 1
  _time: 2025-05-30 10:05:50.715773936 Z
  _version: 0.10.1/0.42.0/
  what: dimensions-of-terrain
  when: 2025-05-30 10:05:50.715920941 Z
- _id: 2
  _time: 2025-05-30 10:05:50.719333027 Z
  _version: 0.10.1/0.42.0/
  since: 2025-05-02 10:05:50.719497845 Z
  what: quantity-of-deliverables
  when: 2025-05-30 10:05:50.719462980 Z
- _id: 3
  _time: 2025-05-30 10:05:50.720842654 Z
  _version: 0.10.1/0.42.0/
  since: 2025-05-02 10:05:50.720978187 Z
  what: quality-of-service
  when: 2025-05-30 10:05:50.720944675 Z
