---
- added: 8
  cycles: 1
  deleted: 8
  inserted: 8
  seconds: 7.931893034
  version: 0.42.0
  what: judges-summary
  when: 2025-05-29 06:07:16.209800517 Z
- _id: 1
  _time: 2025-05-29 06:07:16.200569427 Z
  _version: 0.10.1/0.42.0/
  since: 2025-05-01 06:07:16.200755644 Z
  what: quality-of-service
  when: 2025-05-29 06:07:16.200717753 Z
- _id: 2
  _time: 2025-05-29 06:07:16.206658317 Z
  _version: 0.10.1/0.42.0/
  since: 2025-05-01 06:07:16.206757832 Z
  what: quantity-of-deliverables
  when: 2025-05-29 06:07:16.206734799 Z
- _id: 3
  _time: 2025-05-29 06:07:16.207888691 Z
  _version: 0.10.1/0.42.0/
  what: dimensions-of-terrain
  when: 2025-05-29 06:07:16.207963170 Z
