---
- added: 8
  cycles: 1
  deleted: 8
  inserted: 8
  seconds: 7.786160836
  version: 0.42.0
  what: judges-summary
  when: 2025-05-19 05:37:39.934040065 Z
- _id: 1
  _time: 2025-05-19 05:37:39.920439450 Z
  _version: 0.10.1/0.42.0/
  what: dimensions-of-terrain
  when: 2025-05-19 05:37:39.920586995 Z
- _id: 2
  _time: 2025-05-19 05:37:39.924029758 Z
  _version: 0.10.1/0.42.0/
  since: 2025-04-21 05:37:39.924169198 Z
  what: quality-of-service
  when: 2025-05-19 05:37:39.924134803 Z
- _id: 3
  _time: 2025-05-19 05:37:39.928582620 Z
  _version: 0.10.1/0.42.0/
  since: 2025-04-21 05:37:39.928681315 Z
  what: quantity-of-deliverables
  when: 2025-05-19 05:37:39.928658402 Z
