---
- added: 8
  cycles: 1
  deleted: 8
  inserted: 8
  seconds: 15.46714611
  version: 0.42.0
  what: judges-summary
  when: 2025-06-09 08:41:51.267213190 Z
- _id: 1
  _time: 2025-06-09 08:41:51.256729283 Z
  _version: 0.10.1/0.42.0/
  since: 2025-05-12 08:41:51.256915873 Z
  what: quantity-of-deliverables
  when: 2025-06-09 08:41:51.256878493 Z
- _id: 2
  _time: 2025-06-09 08:41:51.261676830 Z
  _version: 0.10.1/0.42.0/
  since: 2025-05-12 08:41:51.261817875 Z
  what: quality-of-service
  when: 2025-06-09 08:41:51.261783199 Z
- _id: 3
  _time: 2025-06-09 08:41:51.266286819 Z
  _version: 0.10.1/0.42.0/
  what: dimensions-of-terrain
  when: 2025-06-09 08:41:51.266366910 Z
