---
- added: 8
  cycles: 1
  deleted: 8
  inserted: 8
  seconds: 9.691476605
  version: 0.42.0
  what: judges-summary
  when: 2025-05-18 11:33:47.454860680 Z
- _id: 1
  _time: 2025-05-18 11:33:47.445886988 Z
  _version: 0.10.1/0.42.0/
  since: 2025-04-20 11:33:47.446070404 Z
  what: quality-of-service
  when: 2025-05-18 11:33:47.446032803 Z
- _id: 2
  _time: 2025-05-18 11:33:47.450158768 Z
  _version: 0.10.1/0.42.0/
  since: 2025-04-20 11:33:47.450330162 Z
  what: quantity-of-deliverables
  when: 2025-05-18 11:33:47.450287441 Z
- _id: 3
  _time: 2025-05-18 11:33:47.453972322 Z
  _version: 0.10.1/0.42.0/
  what: dimensions-of-terrain
  when: 2025-05-18 11:33:47.454050059 Z
