---
- added: 8
  cycles: 1
  deleted: 8
  inserted: 8
  seconds: 10.626025163
  version: 0.42.0
  what: judges-summary
  when: 2025-05-27 05:37:43.648767518 Z
- _id: 1
  _time: 2025-05-27 05:37:43.638128263 Z
  _version: 0.10.1/0.42.0/
  since: 2025-04-29 05:37:43.638319138 Z
  what: quality-of-service
  when: 2025-05-27 05:37:43.638281749 Z
- _id: 2
  _time: 2025-05-27 05:37:43.640800289 Z
  _version: 0.10.1/0.42.0/
  since: 2025-04-29 05:37:43.640942915 Z
  what: quantity-of-deliverables
  when: 2025-05-27 05:37:43.640917267 Z
- _id: 3
  _time: 2025-05-27 05:37:43.647798023 Z
  _version: 0.10.1/0.42.0/
  what: dimensions-of-terrain
  when: 2025-05-27 05:37:43.647931622 Z
