---
- added: 8
  cycles: 1
  deleted: 8
  inserted: 8
  seconds: 13.573037754
  version: 0.42.0
  what: judges-summary
  when: 2025-05-19 11:05:03.251588578 Z
- _id: 1
  _time: 2025-05-19 11:05:03.240196636 Z
  _version: 0.10.1/0.42.0/
  since: 2025-04-21 11:05:03.240407560 Z
  what: quality-of-service
  when: 2025-05-19 11:05:03.240359350 Z
- _id: 2
  _time: 2025-05-19 11:05:03.243881687 Z
  _version: 0.10.1/0.42.0/
  what: dimensions-of-terrain
  when: 2025-05-19 11:05:03.243959802 Z
- _id: 3
  _time: 2025-05-19 11:05:03.250693549 Z
  _version: 0.10.1/0.42.0/
  since: 2025-04-21 11:05:03.250793235 Z
  what: quantity-of-deliverables
  when: 2025-05-19 11:05:03.250770082 Z
