---
- added: 8
  cycles: 1
  deleted: 8
  inserted: 8
  seconds: 8.217420467
  version: 0.42.0
  what: judges-summary
  when: 2025-06-10 08:07:27.765781711 Z
- _id: 1
  _time: 2025-06-10 08:07:27.754314181 Z
  _version: 0.10.1/0.42.0/
  since: 2025-05-13 08:07:27.754493898 Z
  what: quantity-of-deliverables
  when: 2025-06-10 08:07:27.754456287 Z
- _id: 2
  _time: 2025-06-10 08:07:27.755882443 Z
  _version: 0.10.1/0.42.0/
  since: 2025-05-13 08:07:27.756014871 Z
  what: quality-of-service
  when: 2025-06-10 08:07:27.755982951 Z
- _id: 3
  _time: 2025-06-10 08:07:27.762077363 Z
  _version: 0.10.1/0.42.0/
  what: dimensions-of-terrain
  when: 2025-06-10 08:07:27.762154888 Z
