---
- added: 8
  cycles: 1
  deleted: 8
  inserted: 8
  seconds: 10.054466844
  version: 0.42.0
  what: judges-summary
  when: 2025-06-02 12:46:41.516407417 Z
- _id: 1
  _time: 2025-06-02 12:46:41.507261195 Z
  _version: 0.10.1/0.42.0/
  since: 2025-05-05 12:46:41.507444718 Z
  what: quality-of-service
  when: 2025-06-02 12:46:41.507407508 Z
- _id: 2
  _time: 2025-06-02 12:46:41.510362320 Z
  _version: 0.10.1/0.42.0/
  since: 2025-05-05 12:46:41.510461615 Z
  what: quantity-of-deliverables
  when: 2025-06-02 12:46:41.510438141 Z
- _id: 3
  _time: 2025-06-02 12:46:41.514765158 Z
  _version: 0.10.1/0.42.0/
  what: dimensions-of-terrain
  when: 2025-06-02 12:46:41.514842292 Z
