---
- added: 8
  cycles: 1
  deleted: 8
  inserted: 8
  seconds: 7.627836982
  version: 0.42.0
  what: judges-summary
  when: 2025-05-29 12:46:29.869612825 Z
- _id: 1
  _time: 2025-05-29 12:46:29.857818672 Z
  _version: 0.10.1/0.42.0/
  since: 2025-05-01 12:46:29.858006893 Z
  what: quality-of-service
  when: 2025-05-29 12:46:29.857970145 Z
- _id: 2
  _time: 2025-05-29 12:46:29.865522290 Z
  _version: 0.10.1/0.42.0/
  since: 2025-05-01 12:46:29.865620323 Z
  what: quantity-of-deliverables
  when: 2025-05-29 12:46:29.865598212 Z
- _id: 3
  _time: 2025-05-29 12:46:29.866748779 Z
  _version: 0.10.1/0.42.0/
  what: dimensions-of-terrain
  when: 2025-05-29 12:46:29.866821604 Z
