---
- added: 8
  cycles: 1
  deleted: 8
  inserted: 8
  seconds: 7.154234336
  version: 0.42.0
  what: judges-summary
  when: 2025-06-08 12:46:02.770461155 Z
- _id: 1
  _time: 2025-06-08 12:46:02.758342662 Z
  _version: 0.10.1/0.42.0/
  since: 2025-05-11 12:46:02.758519943 Z
  what: quantity-of-deliverables
  when: 2025-06-08 12:46:02.758482964 Z
- _id: 2
  _time: 2025-06-08 12:46:02.761843318 Z
  _version: 0.10.1/0.42.0/
  what: dimensions-of-terrain
  when: 2025-06-08 12:46:02.761945148 Z
- _id: 3
  _time: 2025-06-08 12:46:02.767725124 Z
  _version: 0.10.1/0.42.0/
  since: 2025-05-11 12:46:02.767861208 Z
  what: quality-of-service
  when: 2025-06-08 12:46:02.767827665 Z
