---
- added: 8
  cycles: 1
  deleted: 8
  inserted: 8
  seconds: 9.369580075
  version: 0.42.0
  what: judges-summary
  when: 2025-05-31 13:39:39.261979499 Z
- _id: 1
  _time: 2025-05-31 13:39:39.252717929 Z
  _version: 0.10.1/0.42.0/
  since: 2025-05-03 13:39:39.252899838 Z
  what: quantity-of-deliverables
  when: 2025-05-31 13:39:39.252862468 Z
- _id: 2
  _time: 2025-05-31 13:39:39.256783158 Z
  _version: 0.10.1/0.42.0/
  what: dimensions-of-terrain
  when: 2025-05-31 13:39:39.256958914 Z
- _id: 3
  _time: 2025-05-31 13:39:39.260330513 Z
  _version: 0.10.1/0.42.0/
  since: 2025-05-03 13:39:39.260578114 Z
  what: quality-of-service
  when: 2025-05-31 13:39:39.260520015 Z
