---
- added: 8
  cycles: 1
  deleted: 8
  inserted: 8
  seconds: 8.066368831
  version: 0.42.0
  what: judges-summary
  when: 2025-06-03 19:04:42.301119438 Z
- _id: 1
  _time: 2025-06-03 19:04:42.289063537 Z
  _version: 0.10.1/0.42.0/
  what: dimensions-of-terrain
  when: 2025-06-03 19:04:42.289219427 Z
- _id: 2
  _time: 2025-06-03 19:04:42.291482465 Z
  _version: 0.10.1/0.42.0/
  since: 2025-05-06 19:04:42.291648794 Z
  what: quantity-of-deliverables
  when: 2025-06-03 19:04:42.291611234 Z
- _id: 3
  _time: 2025-06-03 19:04:42.297878910 Z
  _version: 0.10.1/0.42.0/
  since: 2025-05-06 19:04:42.298020102 Z
  what: quality-of-service
  when: 2025-06-03 19:04:42.297986800 Z
