---
- added: 8
  cycles: 1
  deleted: 8
  inserted: 8
  seconds: 6.835638716
  version: 0.42.0
  what: judges-summary
  when: 2025-05-25 14:36:04.315965290 Z
- _id: 1
  _time: 2025-05-25 14:36:04.300898067 Z
  _version: 0.10.1/0.42.0/
  what: dimensions-of-terrain
  when: 2025-05-25 14:36:04.301048289 Z
- _id: 2
  _time: 2025-05-25 14:36:04.306272027 Z
  _version: 0.10.1/0.42.0/
  since: 2025-04-27 14:36:04.306446123 Z
  what: quantity-of-deliverables
  when: 2025-05-25 14:36:04.306410055 Z
- _id: 3
  _time: 2025-05-25 14:36:04.310111855 Z
  _version: 0.10.1/0.42.0/
  since: 2025-04-27 14:36:04.310382892 Z
  what: quality-of-service
  when: 2025-05-25 14:36:04.310300919 Z
