---
- added: 8
  cycles: 1
  deleted: 8
  inserted: 8
  seconds: 8.413337952
  version: 0.42.0
  what: judges-summary
  when: 2025-06-13 15:05:34.942218218 Z
- _id: 1
  _time: 2025-06-13 15:05:34.934917044 Z
  _version: 0.10.1/0.42.0/
  what: dimensions-of-terrain
  when: 2025-06-13 15:05:34.935066884 Z
- _id: 2
  _time: 2025-06-13 15:05:34.938292479 Z
  _version: 0.10.1/0.42.0/
  since: 2025-05-16 15:05:34.938435997 Z
  what: quality-of-service
  when: 2025-06-13 15:05:34.938400050 Z
- _id: 3
  _time: 2025-06-13 15:05:34.940073765 Z
  _version: 0.10.1/0.42.0/
  since: 2025-05-16 15:05:34.940175795 Z
  what: quantity-of-deliverables
  when: 2025-06-13 15:05:34.940151159 Z
