---
- added: 8
  cycles: 1
  deleted: 8
  inserted: 8
  seconds: 0.797189906
  version: 0.42.0
  what: judges-summary
  when: 2025-06-10 08:40:57.101349270 Z
- _id: 1
  _time: 2025-06-10 08:40:57.094473463 Z
  _version: 0.10.1/0.42.0/
  what: dimensions-of-terrain
  when: 2025-06-10 08:40:57.094632038 Z
- _id: 2
  _time: 2025-06-10 08:40:57.098491530 Z
  _version: 0.10.1/0.42.0/
  since: 2025-05-13 08:40:57.098638703 Z
  what: quantity-of-deliverables
  when: 2025-06-10 08:40:57.098602616 Z
- _id: 3
  _time: 2025-06-10 08:40:57.100020982 Z
  _version: 0.10.1/0.42.0/
  since: 2025-05-13 08:40:57.100191819 Z
  what: quality-of-service
  when: 2025-06-10 08:40:57.100158147 Z
