---
- added: 8
  cycles: 1
  deleted: 8
  inserted: 8
  seconds: 17.132691908
  version: 0.42.0
  what: judges-summary
  when: 2025-06-01 04:17:23.535896213 Z
- _id: 1
  _time: 2025-06-01 04:17:23.524597424 Z
  _version: 0.10.1/0.42.0/
  since: 2025-05-04 04:17:23.524782880 Z
  what: quality-of-service
  when: 2025-06-01 04:17:23.524745911 Z
- _id: 2
  _time: 2025-06-01 04:17:23.532085091 Z
  _version: 0.10.1/0.42.0/
  since: 2025-05-04 04:17:23.532181822 Z
  what: quantity-of-deliverables
  when: 2025-06-01 04:17:23.532159541 Z
- _id: 3
  _time: 2025-06-01 04:17:23.534962590 Z
  _version: 0.10.1/0.42.0/
  what: dimensions-of-terrain
  when: 2025-06-01 04:17:23.535037901 Z
