---
- added: 8
  cycles: 1
  deleted: 8
  inserted: 8
  seconds: 10.840156142
  version: 0.42.0
  what: judges-summary
  when: 2025-05-14 03:45:13.926620290 Z
- _id: 1
  _time: 2025-05-14 03:45:13.916117678 Z
  _version: 0.10.1/0.42.0/
  since: 2025-04-16 03:45:13.916296753 Z
  what: quantity-of-deliverables
  when: 2025-05-14 03:45:13.916260816 Z
- _id: 2
  _time: 2025-05-14 03:45:13.918159879 Z
  _version: 0.10.1/0.42.0/
  what: dimensions-of-terrain
  when: 2025-05-14 03:45:13.918262461 Z
- _id: 3
  _time: 2025-05-14 03:45:13.924272307 Z
  _version: 0.10.1/0.42.0/
  since: 2025-04-16 03:45:13.924409183 Z
  what: quality-of-service
  when: 2025-05-14 03:45:13.924375591 Z
