---
- added: 8
  cycles: 1
  deleted: 8
  inserted: 8
  seconds: 19.176908103
  version: 0.42.0
  what: judges-summary
  when: 2025-06-11 16:06:30.778893208 Z
- _id: 1
  _time: 2025-06-11 16:06:30.766692961 Z
  _version: 0.10.1/0.42.0/
  since: 2025-05-14 16:06:30.767073656 Z
  what: quantity-of-deliverables
  when: 2025-06-11 16:06:30.767000308 Z
- _id: 2
  _time: 2025-06-11 16:06:30.776156878 Z
  _version: 0.10.1/0.42.0/
  what: dimensions-of-terrain
  when: 2025-06-11 16:06:30.776262697 Z
- _id: 3
  _time: 2025-06-11 16:06:30.777533393 Z
  _version: 0.10.1/0.42.0/
  since: 2025-05-14 16:06:30.777664419 Z
  what: quality-of-service
  when: 2025-06-11 16:06:30.777631909 Z
