---
- added: 8
  cycles: 1
  deleted: 8
  inserted: 8
  seconds: 7.043415242
  version: 0.42.0
  what: judges-summary
  when: 2025-06-15 17:35:51.382895680 Z
- _id: 1
  _time: 2025-06-15 17:35:51.371293041 Z
  _version: 0.10.1/0.42.0/
  since: 2025-05-18 17:35:51.371477678 Z
  what: quality-of-service
  when: 2025-06-15 17:35:51.371440038 Z
- _id: 2
  _time: 2025-06-15 17:35:51.374576034 Z
  _version: 0.10.1/0.42.0/
  since: 2025-05-18 17:35:51.374702201 Z
  what: quantity-of-deliverables
  when: 2025-06-15 17:35:51.374652848 Z
- _id: 3
  _time: 2025-06-15 17:35:51.378911086 Z
  _version: 0.10.1/0.42.0/
  what: dimensions-of-terrain
  when: 2025-06-15 17:35:51.378989082 Z
