---
- added: 8
  cycles: 1
  deleted: 8
  inserted: 8
  seconds: 7.57100844
  version: 0.42.0
  what: judges-summary
  when: 2025-05-17 06:06:24.105599820 Z
- _id: 1
  _time: 2025-05-17 06:06:24.094188297 Z
  _version: 0.10.1/0.42.0/
  what: dimensions-of-terrain
  when: 2025-05-17 06:06:24.094346142 Z
- _id: 2
  _time: 2025-05-17 06:06:24.101053790 Z
  _version: 0.10.1/0.42.0/
  since: 2025-04-19 06:06:24.101216594 Z
  what: quality-of-service
  when: 2025-05-17 06:06:24.101181178 Z
- _id: 3
  _time: 2025-05-17 06:06:24.102800692 Z
  _version: 0.10.1/0.42.0/
  since: 2025-04-19 06:06:24.102902312 Z
  what: quantity-of-deliverables
  when: 2025-05-17 06:06:24.102878828 Z
