---
- added: 8
  cycles: 1
  deleted: 8
  inserted: 8
  seconds: 16.6297336
  version: 0.42.0
  what: judges-summary
  when: 2025-06-08 08:06:25.868914000 Z
- _id: 1
  _time: 2025-06-08 08:06:25.858219965 Z
  _version: 0.10.1/0.42.0/
  since: 2025-05-11 08:06:25.858409318 Z
  what: quantity-of-deliverables
  when: 2025-06-08 08:06:25.858369744 Z
- _id: 2
  _time: 2025-06-08 08:06:25.861832422 Z
  _version: 0.10.1/0.42.0/
  since: 2025-05-11 08:06:25.861970800 Z
  what: quality-of-service
  when: 2025-06-08 08:06:25.861937138 Z
- _id: 3
  _time: 2025-06-08 08:06:25.866732662 Z
  _version: 0.10.1/0.42.0/
  what: dimensions-of-terrain
  when: 2025-06-08 08:06:25.866817650 Z
