---
- added: 8
  cycles: 1
  deleted: 8
  inserted: 8
  seconds: 9.404611157
  version: 0.42.0
  what: judges-summary
  when: 2025-05-18 21:04:38.669661578 Z
- _id: 1
  _time: 2025-05-18 21:04:38.658129263 Z
  _version: 0.10.1/0.42.0/
  since: 2025-04-20 21:04:38.658341097 Z
  what: quality-of-service
  when: 2025-05-18 21:04:38.658302485 Z
- _id: 2
  _time: 2025-05-18 21:04:38.665560135 Z
  _version: 0.10.1/0.42.0/
  what: dimensions-of-terrain
  when: 2025-05-18 21:04:38.665637699 Z
- _id: 3
  _time: 2025-05-18 21:04:38.668715319 Z
  _version: 0.10.1/0.42.0/
  since: 2025-04-20 21:04:38.668812760 Z
  what: quantity-of-deliverables
  when: 2025-05-18 21:04:38.668790689 Z
