---
- added: 8
  cycles: 1
  deleted: 8
  inserted: 8
  seconds: 7.127485228
  version: 0.42.0
  what: judges-summary
  when: 2025-05-17 21:04:41.167620973 Z
- _id: 1
  _time: 2025-05-17 21:04:41.157223487 Z
  _version: 0.10.1/0.42.0/
  what: dimensions-of-terrain
  when: 2025-05-17 21:04:41.157370112 Z
- _id: 2
  _time: 2025-05-17 21:04:41.160414293 Z
  _version: 0.10.1/0.42.0/
  since: 2025-04-19 21:04:41.160548114 Z
  what: quantity-of-deliverables
  when: 2025-05-17 21:04:41.160516044 Z
- _id: 3
  _time: 2025-05-17 21:04:41.165437366 Z
  _version: 0.10.1/0.42.0/
  since: 2025-04-19 21:04:41.165602516 Z
  what: quality-of-service
  when: 2025-05-17 21:04:41.165540219 Z
