---
- added: 8
  cycles: 1
  deleted: 8
  inserted: 8
  seconds: 10.099062688
  version: 0.42.0
  what: judges-summary
  when: 2025-06-02 08:41:30.194303609 Z
- _id: 1
  _time: 2025-06-02 08:41:30.182501999 Z
  _version: 0.10.1/0.42.0/
  since: 2025-05-05 08:41:30.182687356 Z
  what: quantity-of-deliverables
  when: 2025-06-02 08:41:30.182650266 Z
- _id: 2
  _time: 2025-06-02 08:41:30.190048981 Z
  _version: 0.10.1/0.42.0/
  since: 2025-05-05 08:41:30.190181680 Z
  what: quality-of-service
  when: 2025-06-02 08:41:30.190149380 Z
- _id: 3
  _time: 2025-06-02 08:41:30.193402351 Z
  _version: 0.10.1/0.42.0/
  what: dimensions-of-terrain
  when: 2025-06-02 08:41:30.193505955 Z
