---
- added: 8
  cycles: 1
  deleted: 8
  inserted: 8
  seconds: 7.661463574
  version: 0.42.0
  what: judges-summary
  when: 2025-05-27 09:05:55.345402604 Z
- _id: 1
  _time: 2025-05-27 09:05:55.331657142 Z
  _version: 0.10.1/0.42.0/
  what: dimensions-of-terrain
  when: 2025-05-27 09:05:55.331807844 Z
- _id: 2
  _time: 2025-05-27 09:05:55.341617280 Z
  _version: 0.10.1/0.42.0/
  since: 2025-04-29 09:05:55.341761320 Z
  what: quantity-of-deliverables
  when: 2025-05-27 09:05:55.341727988 Z
- _id: 3
  _time: 2025-05-27 09:05:55.343956978 Z
  _version: 0.10.1/0.42.0/
  since: 2025-04-29 09:05:55.344095968 Z
  what: quality-of-service
  when: 2025-05-27 09:05:55.344063698 Z
