---
- added: 8
  cycles: 1
  deleted: 8
  inserted: 8
  seconds: 18.108551499
  version: 0.42.0
  what: judges-summary
  when: 2025-05-21 09:06:07.600926010 Z
- _id: 1
  _time: 2025-05-21 09:06:07.597239790 Z
  _version: 0.10.1/0.42.0/
  since: 2025-04-23 09:06:07.597453630 Z
  what: quality-of-service
  when: 2025-05-21 09:06:07.597417001 Z
- _id: 2
  _time: 2025-05-21 09:06:07.598978760 Z
  _version: 0.10.1/0.42.0/
  since: 2025-04-23 09:06:07.599073998 Z
  what: quantity-of-deliverables
  when: 2025-05-21 09:06:07.599051636 Z
- _id: 3
  _time: 2025-05-21 09:06:07.600061443 Z
  _version: 0.10.1/0.42.0/
  what: dimensions-of-terrain
  when: 2025-05-21 09:06:07.600133047 Z
