---
- added: 8
  cycles: 1
  deleted: 8
  inserted: 8
  seconds: 9.686591009
  version: 0.42.0
  what: judges-summary
  when: 2025-06-02 11:34:38.447585271 Z
- _id: 1
  _time: 2025-06-02 11:34:38.436826070 Z
  _version: 0.10.1/0.42.0/
  since: 2025-05-05 11:34:38.437006025 Z
  what: quality-of-service
  when: 2025-06-02 11:34:38.436969046 Z
- _id: 2
  _time: 2025-06-02 11:34:38.440634016 Z
  _version: 0.10.1/0.42.0/
  what: dimensions-of-terrain
  when: 2025-06-02 11:34:38.440709386 Z
- _id: 3
  _time: 2025-06-02 11:34:38.446648946 Z
  _version: 0.10.1/0.42.0/
  since: 2025-05-05 11:34:38.446744554 Z
  what: quantity-of-deliverables
  when: 2025-06-02 11:34:38.446722703 Z
