---
- added: 8
  cycles: 1
  deleted: 8
  inserted: 8
  seconds: 9.705649702
  version: 0.42.0
  what: judges-summary
  when: 2025-05-17 05:05:25.245987523 Z
- _id: 1
  _time: 2025-05-17 05:05:25.235720048 Z
  _version: 0.10.1/0.42.0/
  since: 2025-04-19 05:05:25.235903921 Z
  what: quantity-of-deliverables
  when: 2025-05-17 05:05:25.235866702 Z
- _id: 2
  _time: 2025-05-17 05:05:25.237416661 Z
  _version: 0.10.1/0.42.0/
  what: dimensions-of-terrain
  when: 2025-05-17 05:05:25.237520545 Z
- _id: 3
  _time: 2025-05-17 05:05:25.244685003 Z
  _version: 0.10.1/0.42.0/
  since: 2025-04-19 05:05:25.244850101 Z
  what: quality-of-service
  when: 2025-05-17 05:05:25.244815486 Z
