---
- added: 8
  cycles: 1
  deleted: 8
  inserted: 8
  seconds: 18.011810461
  version: 0.42.0
  what: judges-summary
  when: 2025-06-12 08:41:14.936683551 Z
- _id: 1
  _time: 2025-06-12 08:41:14.927622229 Z
  _version: 0.10.1/0.42.0/
  since: 2025-05-15 08:41:14.927806284 Z
  what: quality-of-service
  when: 2025-06-12 08:41:14.927767441 Z
- _id: 2
  _time: 2025-06-12 08:41:14.933651330 Z
  _version: 0.10.1/0.42.0/
  since: 2025-05-15 08:41:14.933751278 Z
  what: quantity-of-deliverables
  when: 2025-06-12 08:41:14.933728325 Z
- _id: 3
  _time: 2025-06-12 08:41:14.934915838 Z
  _version: 0.10.1/0.42.0/
  what: dimensions-of-terrain
  when: 2025-06-12 08:41:14.934993984 Z
