---
- added: 8
  cycles: 1
  deleted: 8
  inserted: 8
  seconds: 13.814312697
  version: 0.42.0
  what: judges-summary
  when: 2025-06-06 10:39:57.809813470 Z
- _id: 1
  _time: 2025-06-06 10:39:57.798158730 Z
  _version: 0.10.1/0.42.0/
  since: 2025-05-09 10:39:57.798360197 Z
  what: quality-of-service
  when: 2025-06-06 10:39:57.798301086 Z
- _id: 2
  _time: 2025-06-06 10:39:57.800605160 Z
  _version: 0.10.1/0.42.0/
  since: 2025-05-09 10:39:57.800703204 Z
  what: quantity-of-deliverables
  when: 2025-06-06 10:39:57.800681132 Z
- _id: 3
  _time: 2025-06-06 10:39:57.802198397 Z
  _version: 0.10.1/0.42.0/
  what: dimensions-of-terrain
  when: 2025-06-06 10:39:57.802274490 Z
