---
- added: 8
  cycles: 1
  deleted: 8
  inserted: 8
  seconds: 7.680347856
  version: 0.42.0
  what: judges-summary
  when: 2025-06-05 02:35:18.670505816 Z
- _id: 1
  _time: 2025-06-05 02:35:18.658912626 Z
  _version: 0.10.1/0.42.0/
  since: 2025-05-08 02:35:18.659096590 Z
  what: quantity-of-deliverables
  when: 2025-06-05 02:35:18.659059090 Z
- _id: 2
  _time: 2025-06-05 02:35:18.663178348 Z
  _version: 0.10.1/0.42.0/
  since: 2025-05-08 02:35:18.663311277 Z
  what: quality-of-service
  when: 2025-06-05 02:35:18.663279437 Z
- _id: 3
  _time: 2025-06-05 02:35:18.666663916 Z
  _version: 0.10.1/0.42.0/
  what: dimensions-of-terrain
  when: 2025-06-05 02:35:18.666740279 Z
