---
- added: 8
  cycles: 1
  deleted: 8
  inserted: 8
  seconds: 8.539308076
  version: 0.42.0
  what: judges-summary
  when: 2025-05-20 15:05:46.166526442 Z
- _id: 1
  _time: 2025-05-20 15:05:46.157533956 Z
  _version: 0.10.1/0.42.0/
  since: 2025-04-22 15:05:46.157716337 Z
  what: quantity-of-deliverables
  when: 2025-05-20 15:05:46.157678957 Z
- _id: 2
  _time: 2025-05-20 15:05:46.160874586 Z
  _version: 0.10.1/0.42.0/
  what: dimensions-of-terrain
  when: 2025-05-20 15:05:46.160980615 Z
- _id: 3
  _time: 2025-05-20 15:05:46.162839493 Z
  _version: 0.10.1/0.42.0/
  since: 2025-04-22 15:05:46.163088269 Z
  what: quality-of-service
  when: 2025-05-20 15:05:46.163013929 Z
