---
- added: 8
  cycles: 1
  deleted: 8
  inserted: 8
  seconds: 7.876962891
  version: 0.42.0
  what: judges-summary
  when: 2025-05-18 06:06:31.379501088 Z
- _id: 1
  _time: 2025-05-18 06:06:31.367620974 Z
  _version: 0.10.1/0.42.0/
  since: 2025-04-20 06:06:31.367841665 Z
  what: quantity-of-deliverables
  when: 2025-05-18 06:06:31.367803684 Z
- _id: 2
  _time: 2025-05-18 06:06:31.371744890 Z
  _version: 0.10.1/0.42.0/
  what: dimensions-of-terrain
  when: 2025-05-18 06:06:31.371853332 Z
- _id: 3
  _time: 2025-05-18 06:06:31.376022515 Z
  _version: 0.10.1/0.42.0/
  since: 2025-04-20 06:06:31.376159700 Z
  what: quality-of-service
  when: 2025-05-18 06:06:31.376126719 Z
