---
- added: 8
  cycles: 1
  deleted: 8
  inserted: 8
  seconds: 16.969208568
  version: 0.42.0
  what: judges-summary
  when: 2025-05-22 04:08:29.888324378 Z
- _id: 1
  _time: 2025-05-22 04:08:29.881099989 Z
  _version: 0.10.1/0.42.0/
  since: 2025-04-24 04:08:29.881411842 Z
  what: quantity-of-deliverables
  when: 2025-05-22 04:08:29.881341420 Z
- _id: 2
  _time: 2025-05-22 04:08:29.884396861 Z
  _version: 0.10.1/0.42.0/
  what: dimensions-of-terrain
  when: 2025-05-22 04:08:29.884503791 Z
- _id: 3
  _time: 2025-05-22 04:08:29.885774244 Z
  _version: 0.10.1/0.42.0/
  since: 2025-04-24 04:08:29.885909757 Z
  what: quality-of-service
  when: 2025-05-22 04:08:29.885876936 Z
