---
- added: 8
  cycles: 1
  deleted: 8
  inserted: 8
  seconds: 7.609995178
  version: 0.42.0
  what: judges-summary
  when: 2025-05-18 07:05:05.475757644 Z
- _id: 1
  _time: 2025-05-18 07:05:05.465408434 Z
  _version: 0.10.1/0.42.0/
  since: 2025-04-20 07:05:05.465591377 Z
  what: quantity-of-deliverables
  when: 2025-05-18 07:05:05.465554037 Z
- _id: 2
  _time: 2025-05-18 07:05:05.467220790 Z
  _version: 0.10.1/0.42.0/
  what: dimensions-of-terrain
  when: 2025-05-18 07:05:05.467325656 Z
- _id: 3
  _time: 2025-05-18 07:05:05.468627145 Z
  _version: 0.10.1/0.42.0/
  since: 2025-04-20 07:05:05.468761056 Z
  what: quality-of-service
  when: 2025-05-18 07:05:05.468728504 Z
