---
- added: 8
  cycles: 1
  deleted: 8
  inserted: 8
  seconds: 14.068589527
  version: 0.42.0
  what: judges-summary
  when: 2025-06-09 07:06:24.732401751 Z
- _id: 1
  _time: 2025-06-09 07:06:24.719573576 Z
  _version: 0.10.1/0.42.0/
  what: dimensions-of-terrain
  when: 2025-06-09 07:06:24.719752599 Z
- _id: 2
  _time: 2025-06-09 07:06:24.725648767 Z
  _version: 0.10.1/0.42.0/
  since: 2025-05-12 07:06:24.725789149 Z
  what: quantity-of-deliverables
  when: 2025-06-09 07:06:24.725756789 Z
- _id: 3
  _time: 2025-06-09 07:06:24.731066711 Z
  _version: 0.10.1/0.42.0/
  since: 2025-05-12 07:06:24.731201662 Z
  what: quality-of-service
  when: 2025-06-09 07:06:24.731169332 Z
