---
- added: 8
  cycles: 1
  deleted: 8
  inserted: 8
  seconds: 10.235635989
  version: 0.42.0
  what: judges-summary
  when: 2025-05-13 12:08:37.799165006 Z
- _id: 1
  _time: 2025-05-13 12:08:37.786483687 Z
  _version: 0.10.1/0.42.0/
  since: 2025-04-15 12:08:37.786668541 Z
  what: quantity-of-deliverables
  when: 2025-05-13 12:08:37.786631612 Z
- _id: 2
  _time: 2025-05-13 12:08:37.795589566 Z
  _version: 0.10.1/0.42.0/
  since: 2025-04-15 12:08:37.795729196 Z
  what: quality-of-service
  when: 2025-05-13 12:08:37.795694832 Z
- _id: 3
  _time: 2025-05-13 12:08:37.797262768 Z
  _version: 0.10.1/0.42.0/
  what: dimensions-of-terrain
  when: 2025-05-13 12:08:37.797341445 Z
