---
- added: 8
  cycles: 1
  deleted: 8
  inserted: 8
  seconds: 8.771247303
  version: 0.42.0
  what: judges-summary
  when: 2025-05-27 13:41:56.146013099 Z
- _id: 1
  _time: 2025-05-27 13:41:56.131947962 Z
  _version: 0.10.1/0.42.0/
  since: 2025-04-29 13:41:56.132138897 Z
  what: quantity-of-deliverables
  when: 2025-05-27 13:41:56.132100887 Z
- _id: 2
  _time: 2025-05-27 13:41:56.137252015 Z
  _version: 0.10.1/0.42.0/
  since: 2025-04-29 13:41:56.137399450 Z
  what: quality-of-service
  when: 2025-05-27 13:41:56.137365266 Z
- _id: 3
  _time: 2025-05-27 13:41:56.140883433 Z
  _version: 0.10.1/0.42.0/
  what: dimensions-of-terrain
  when: 2025-05-27 13:41:56.141048470 Z
