---
- added: 8
  cycles: 1
  deleted: 8
  inserted: 8
  seconds: 7.845571926
  version: 0.42.0
  what: judges-summary
  when: 2025-05-30 13:13:39.496105751 Z
- _id: 1
  _time: 2025-05-30 13:13:39.481760395 Z
  _version: 0.10.1/0.42.0/
  what: dimensions-of-terrain
  when: 2025-05-30 13:13:39.481917199 Z
- _id: 2
  _time: 2025-05-30 13:13:39.488660697 Z
  _version: 0.10.1/0.42.0/
  since: 2025-05-02 13:13:39.488805097 Z
  what: quantity-of-deliverables
  when: 2025-05-30 13:13:39.488772326 Z
- _id: 3
  _time: 2025-05-30 13:13:39.494791328 Z
  _version: 0.10.1/0.42.0/
  since: 2025-05-02 13:13:39.494927854 Z
  what: quality-of-service
  when: 2025-05-30 13:13:39.494894972 Z
