---
- added: 8
  cycles: 1
  deleted: 8
  inserted: 8
  seconds: 9.714042355
  version: 0.42.0
  what: judges-summary
  when: 2025-05-19 00:49:24.220366851 Z
- _id: 1
  _time: 2025-05-19 00:49:24.208361330 Z
  _version: 0.10.1/0.42.0/
  since: 2025-04-21 00:49:24.208545233 Z
  what: quality-of-service
  when: 2025-05-19 00:49:24.208506621 Z
- _id: 2
  _time: 2025-05-19 00:49:24.216222263 Z
  _version: 0.10.1/0.42.0/
  since: 2025-04-21 00:49:24.216324955 Z
  what: quantity-of-deliverables
  when: 2025-05-19 00:49:24.216301281 Z
- _id: 3
  _time: 2025-05-19 00:49:24.218439443 Z
  _version: 0.10.1/0.42.0/
  what: dimensions-of-terrain
  when: 2025-05-19 00:49:24.218517709 Z
