---
- added: 8
  cycles: 1
  deleted: 8
  inserted: 8
  seconds: 8.41012638
  version: 0.42.0
  what: judges-summary
  when: 2025-06-09 12:08:33.302057403 Z
- _id: 1
  _time: 2025-06-09 12:08:33.292740362 Z
  _version: 0.10.1/0.42.0/
  since: 2025-05-12 12:08:33.292940456 Z
  what: quantity-of-deliverables
  when: 2025-06-09 12:08:33.292891164 Z
- _id: 2
  _time: 2025-06-09 12:08:33.294131855 Z
  _version: 0.10.1/0.42.0/
  what: dimensions-of-terrain
  when: 2025-06-09 12:08:33.294251989 Z
- _id: 3
  _time: 2025-06-09 12:08:33.299654022 Z
  _version: 0.10.1/0.42.0/
  since: 2025-05-12 12:08:33.299795406 Z
  what: quality-of-service
  when: 2025-06-09 12:08:33.299762194 Z
