---
- added: 8
  cycles: 1
  deleted: 8
  inserted: 8
  seconds: 9.77887288
  version: 0.42.0
  what: judges-summary
  when: 2025-05-17 16:05:38.529448041 Z
- _id: 1
  _time: 2025-05-17 16:05:38.517267277 Z
  _version: 0.10.1/0.42.0/
  what: dimensions-of-terrain
  when: 2025-05-17 16:05:38.517412537 Z
- _id: 2
  _time: 2025-05-17 16:05:38.522936558 Z
  _version: 0.10.1/0.42.0/
  since: 2025-04-19 16:05:38.523191773 Z
  what: quantity-of-deliverables
  when: 2025-05-17 16:05:38.523130259 Z
- _id: 3
  _time: 2025-05-17 16:05:38.527180192 Z
  _version: 0.10.1/0.42.0/
  since: 2025-04-19 16:05:38.527314973 Z
  what: quality-of-service
  when: 2025-05-17 16:05:38.527281521 Z
