---
- added: 8
  cycles: 1
  deleted: 8
  inserted: 8
  seconds: 11.85740666
  version: 0.42.0
  what: judges-summary
  when: 2025-05-28 14:05:51.267772729 Z
- _id: 1
  _time: 2025-05-28 14:05:51.258137040 Z
  _version: 0.10.1/0.42.0/
  since: 2025-04-30 14:05:51.258333587 Z
  what: quality-of-service
  when: 2025-05-28 14:05:51.258294594 Z
- _id: 2
  _time: 2025-05-28 14:05:51.264013662 Z
  _version: 0.10.1/0.42.0/
  what: dimensions-of-terrain
  when: 2025-05-28 14:05:51.264106505 Z
- _id: 3
  _time: 2025-05-28 14:05:51.265438778 Z
  _version: 0.10.1/0.42.0/
  since: 2025-04-30 14:05:51.265560075 Z
  what: quantity-of-deliverables
  when: 2025-05-28 14:05:51.265516153 Z
