---
- added: 8
  cycles: 1
  deleted: 8
  inserted: 8
  seconds: 7.644484422
  version: 0.42.0
  what: judges-summary
  when: 2025-05-23 11:04:49.606243106 Z
- _id: 1
  _time: 2025-05-23 11:04:49.602421682 Z
  _version: 0.10.1/0.42.0/
  since: 2025-04-25 11:04:49.602622768 Z
  what: quality-of-service
  when: 2025-05-23 11:04:49.602566543 Z
- _id: 2
  _time: 2025-05-23 11:04:49.604068689 Z
  _version: 0.10.1/0.42.0/
  what: dimensions-of-terrain
  when: 2025-05-23 11:04:49.604141997 Z
- _id: 3
  _time: 2025-05-23 11:04:49.605321022 Z
  _version: 0.10.1/0.42.0/
  since: 2025-04-25 11:04:49.605416711 Z
  what: quantity-of-deliverables
  when: 2025-05-23 11:04:49.605393988 Z
