---
- added: 8
  cycles: 1
  deleted: 8
  inserted: 8
  seconds: 7.78274317
  version: 0.42.0
  what: judges-summary
  when: 2025-06-04 15:17:21.140295897 Z
- _id: 1
  _time: 2025-06-04 15:17:21.129816047 Z
  _version: 0.10.1/0.42.0/
  since: 2025-05-07 15:17:21.130034633 Z
  what: quantity-of-deliverables
  when: 2025-06-04 15:17:21.129993867 Z
- _id: 2
  _time: 2025-06-04 15:17:21.131537777 Z
  _version: 0.10.1/0.42.0/
  what: dimensions-of-terrain
  when: 2025-06-04 15:17:21.131640077 Z
- _id: 3
  _time: 2025-06-04 15:17:21.134803778 Z
  _version: 0.10.1/0.42.0/
  since: 2025-05-07 15:17:21.134981448 Z
  what: quality-of-service
  when: 2025-06-04 15:17:21.134905758 Z
