---
- added: 8
  cycles: 1
  deleted: 8
  inserted: 8
  seconds: 13.992013909
  version: 0.42.0
  what: judges-summary
  when: 2025-05-14 11:34:24.959426209 Z
- _id: 1
  _time: 2025-05-14 11:34:24.949738392 Z
  _version: 0.10.1/0.42.0/
  since: 2025-04-16 11:34:24.949969242 Z
  what: quality-of-service
  when: 2025-05-14 11:34:24.949927224 Z
- _id: 2
  _time: 2025-05-14 11:34:24.955059394 Z
  _version: 0.10.1/0.42.0/
  what: dimensions-of-terrain
  when: 2025-05-14 11:34:24.955147739 Z
- _id: 3
  _time: 2025-05-14 11:34:24.958471418 Z
  _version: 0.10.1/0.42.0/
  since: 2025-04-16 11:34:24.958576665 Z
  what: quantity-of-deliverables
  when: 2025-05-14 11:34:24.958553021 Z
