---
- added: 8
  cycles: 1
  deleted: 8
  inserted: 8
  seconds: 7.277155168
  version: 0.42.0
  what: judges-summary
  when: 2025-06-06 09:05:50.393719450 Z
- _id: 1
  _time: 2025-06-06 09:05:50.387248223 Z
  _version: 0.10.1/0.42.0/
  what: dimensions-of-terrain
  when: 2025-06-06 09:05:50.387416416 Z
- _id: 2
  _time: 2025-06-06 09:05:50.389835901 Z
  _version: 0.10.1/0.42.0/
  since: 2025-05-09 09:05:50.389976052 Z
  what: quantity-of-deliverables
  when: 2025-06-06 09:05:50.389942119 Z
- _id: 3
  _time: 2025-06-06 09:05:50.392405804 Z
  _version: 0.10.1/0.42.0/
  since: 2025-05-09 09:05:50.392544061 Z
  what: quality-of-service
  when: 2025-06-06 09:05:50.392510038 Z
