---
- added: 8
  cycles: 1
  deleted: 8
  inserted: 8
  seconds: 7.820155307
  version: 0.42.0
  what: judges-summary
  when: 2025-05-16 16:10:03.171449891 Z
- _id: 1
  _time: 2025-05-16 16:10:03.158673789 Z
  _version: 0.10.1/0.42.0/
  since: 2025-04-18 16:10:03.158896194 Z
  what: quantity-of-deliverables
  when: 2025-05-16 16:10:03.158824541 Z
- _id: 2
  _time: 2025-05-16 16:10:03.163733853 Z
  _version: 0.10.1/0.42.0/
  since: 2025-04-18 16:10:03.163871230 Z
  what: quality-of-service
  when: 2025-05-16 16:10:03.163837887 Z
- _id: 3
  _time: 2025-05-16 16:10:03.169548603 Z
  _version: 0.10.1/0.42.0/
  what: dimensions-of-terrain
  when: 2025-05-16 16:10:03.169626378 Z
