---
- added: 8
  cycles: 1
  deleted: 8
  inserted: 8
  seconds: 0.791306566
  version: 0.42.0
  what: judges-summary
  when: 2025-06-15 11:04:33.926152135 Z
- _id: 1
  _time: 2025-06-15 11:04:33.915773203 Z
  _version: 0.10.1/0.42.0/
  what: dimensions-of-terrain
  when: 2025-06-15 11:04:33.915912783 Z
- _id: 2
  _time: 2025-06-15 11:04:33.919864154 Z
  _version: 0.10.1/0.42.0/
  since: 2025-05-18 11:04:33.919999958 Z
  what: quality-of-service
  when: 2025-06-15 11:04:33.919967306 Z
- _id: 3
  _time: 2025-06-15 11:04:33.925198284 Z
  _version: 0.10.1/0.42.0/
  since: 2025-05-18 11:04:33.925297890 Z
  what: quantity-of-deliverables
  when: 2025-06-15 11:04:33.925274596 Z
