---
- added: 8
  cycles: 1
  deleted: 8
  inserted: 8
  seconds: 17.4938566
  version: 0.42.0
  what: judges-summary
  when: 2025-06-01 17:04:59.404136225 Z
- _id: 1
  _time: 2025-06-01 17:04:59.389518120 Z
  _version: 0.10.1/0.42.0/
  what: dimensions-of-terrain
  when: 2025-06-01 17:04:59.389678770 Z
- _id: 2
  _time: 2025-06-01 17:04:59.398238178 Z
  _version: 0.10.1/0.42.0/
  since: 2025-05-04 17:04:59.398378881 Z
  what: quality-of-service
  when: 2025-06-01 17:04:59.398345158 Z
- _id: 3
  _time: 2025-06-01 17:04:59.399999768 Z
  _version: 0.10.1/0.42.0/
  since: 2025-05-04 17:04:59.400097912 Z
  what: quantity-of-deliverables
  when: 2025-06-01 17:04:59.400075780 Z
