---
- added: 8
  cycles: 1
  deleted: 8
  inserted: 8
  seconds: 7.355714199
  version: 0.42.0
  what: judges-summary
  when: 2025-06-05 09:05:51.462968644 Z
- _id: 1
  _time: 2025-06-05 09:05:51.448718124 Z
  _version: 0.10.1/0.42.0/
  what: dimensions-of-terrain
  when: 2025-06-05 09:05:51.448866923 Z
- _id: 2
  _time: 2025-06-05 09:05:51.453731309 Z
  _version: 0.10.1/0.42.0/
  since: 2025-05-08 09:05:51.453870419 Z
  what: quality-of-service
  when: 2025-06-05 09:05:51.453837317 Z
- _id: 3
  _time: 2025-06-05 09:05:51.460792524 Z
  _version: 0.10.1/0.42.0/
  since: 2025-05-08 09:05:51.460892762 Z
  what: quantity-of-deliverables
  when: 2025-06-05 09:05:51.460869749 Z
