---
- added: 8
  cycles: 1
  deleted: 8
  inserted: 8
  seconds: 10.288858241
  version: 0.42.0
  what: judges-summary
  when: 2025-06-11 18:06:58.036215848 Z
- _id: 1
  _time: 2025-06-11 18:06:58.027403716 Z
  _version: 0.10.1/0.42.0/
  since: 2025-05-14 18:06:58.027588099 Z
  what: quantity-of-deliverables
  when: 2025-06-11 18:06:58.027550750 Z
- _id: 2
  _time: 2025-06-11 18:06:58.033706366 Z
  _version: 0.10.1/0.42.0/
  since: 2025-05-14 18:06:58.033848660 Z
  what: quality-of-service
  when: 2025-06-11 18:06:58.033814296 Z
- _id: 3
  _time: 2025-06-11 18:06:58.035315345 Z
  _version: 0.10.1/0.42.0/
  what: dimensions-of-terrain
  when: 2025-06-11 18:06:58.035392478 Z
