---
- added: 8
  cycles: 1
  deleted: 8
  inserted: 8
  seconds: 9.530381378
  version: 0.42.0
  what: judges-summary
  when: 2025-06-01 23:05:09.970589496 Z
- _id: 1
  _time: 2025-06-01 23:05:09.957063806 Z
  _version: 0.10.1/0.42.0/
  what: dimensions-of-terrain
  when: 2025-06-01 23:05:09.957244987 Z
- _id: 2
  _time: 2025-06-01 23:05:09.965059736 Z
  _version: 0.10.1/0.42.0/
  since: 2025-05-04 23:05:09.965322031 Z
  what: quality-of-service
  when: 2025-06-01 23:05:09.965259402 Z
- _id: 3
  _time: 2025-06-01 23:05:09.969631520 Z
  _version: 0.10.1/0.42.0/
  since: 2025-05-04 23:05:09.969733382 Z
  what: quantity-of-deliverables
  when: 2025-06-01 23:05:09.969709808 Z
