---
- added: 8
  cycles: 1
  deleted: 8
  inserted: 8
  seconds: 7.495733173
  version: 0.42.0
  what: judges-summary
  when: 2025-05-20 05:05:54.521057121 Z
- _id: 1
  _time: 2025-05-20 05:05:54.510842828 Z
  _version: 0.10.1/0.42.0/
  since: 2025-04-22 05:05:54.511028585 Z
  what: quality-of-service
  when: 2025-05-20 05:05:54.510991105 Z
- _id: 2
  _time: 2025-05-20 05:05:54.512947017 Z
  _version: 0.10.1/0.42.0/
  what: dimensions-of-terrain
  when: 2025-05-20 05:05:54.513024712 Z
- _id: 3
  _time: 2025-05-20 05:05:54.519002625 Z
  _version: 0.10.1/0.42.0/
  since: 2025-04-22 05:05:54.519103954 Z
  what: quantity-of-deliverables
  when: 2025-05-20 05:05:54.519080119 Z
