---
- added: 8
  cycles: 1
  deleted: 8
  inserted: 8
  seconds: 7.123481215
  version: 0.42.0
  what: judges-summary
  when: 2025-05-14 09:36:35.592852200 Z
- _id: 1
  _time: 2025-05-14 09:36:35.581310565 Z
  _version: 0.10.1/0.42.0/
  since: 2025-04-16 09:36:35.581515799 Z
  what: quality-of-service
  when: 2025-05-14 09:36:35.581478439 Z
- _id: 2
  _time: 2025-05-14 09:36:35.585431385 Z
  _version: 0.10.1/0.42.0/
  what: dimensions-of-terrain
  when: 2025-05-14 09:36:35.585508799 Z
- _id: 3
  _time: 2025-05-14 09:36:35.587749396 Z
  _version: 0.10.1/0.42.0/
  since: 2025-04-16 09:36:35.587847880 Z
  what: quantity-of-deliverables
  when: 2025-05-14 09:36:35.587824536 Z
