---
- added: 8
  cycles: 1
  deleted: 8
  inserted: 8
  seconds: 7.556941356
  version: 0.42.0
  what: judges-summary
  when: 2025-05-24 15:34:41.843006571 Z
- _id: 1
  _time: 2025-05-24 15:34:41.830965259 Z
  _version: 0.10.1/0.42.0/
  what: dimensions-of-terrain
  when: 2025-05-24 15:34:41.831112193 Z
- _id: 2
  _time: 2025-05-24 15:34:41.833385444 Z
  _version: 0.10.1/0.42.0/
  since: 2025-04-26 15:34:41.833551974 Z
  what: quantity-of-deliverables
  when: 2025-05-24 15:34:41.833514855 Z
- _id: 3
  _time: 2025-05-24 15:34:41.841948422 Z
  _version: 0.10.1/0.42.0/
  since: 2025-04-26 15:34:41.842089244 Z
  what: quality-of-service
  when: 2025-05-24 15:34:41.842056252 Z
