---
- added: 8
  cycles: 1
  deleted: 8
  inserted: 8
  seconds: 9.108756037
  version: 0.42.0
  what: judges-summary
  when: 2025-06-03 16:06:23.001211885 Z
- _id: 1
  _time: 2025-06-03 16:06:22.988088598 Z
  _version: 0.10.1/0.42.0/
  since: 2025-05-06 16:06:22.988270417 Z
  what: quantity-of-deliverables
  when: 2025-06-03 16:06:22.988233788 Z
- _id: 2
  _time: 2025-06-03 16:06:22.991818746 Z
  _version: 0.10.1/0.42.0/
  since: 2025-05-06 16:06:22.991952716 Z
  what: quality-of-service
  when: 2025-06-03 16:06:22.991920135 Z
- _id: 3
  _time: 2025-06-03 16:06:23.000238649 Z
  _version: 0.10.1/0.42.0/
  what: dimensions-of-terrain
  when: 2025-06-03 16:06:23.000319340 Z
