---
- added: 8
  cycles: 1
  deleted: 8
  inserted: 8
  seconds: 8.411411825
  version: 0.42.0
  what: judges-summary
  when: 2025-05-12 13:14:18.853560476 Z
- _id: 1
  _time: 2025-05-12 13:14:18.840665963 Z
  _version: 0.10.1/0.42.0/
  since: 2025-04-14 13:14:18.840875416 Z
  what: quantity-of-deliverables
  when: 2025-05-12 13:14:18.840836293 Z
- _id: 2
  _time: 2025-05-12 13:14:18.842411135 Z
  _version: 0.10.1/0.42.0/
  what: dimensions-of-terrain
  when: 2025-05-12 13:14:18.842513938 Z
- _id: 3
  _time: 2025-05-12 13:14:18.850253688 Z
  _version: 0.10.1/0.42.0/
  since: 2025-04-14 13:14:18.850389783 Z
  what: quality-of-service
  when: 2025-05-12 13:14:18.850357743 Z
