---
- added: 8
  cycles: 1
  deleted: 8
  inserted: 8
  seconds: 8.742044704
  version: 0.42.0
  what: judges-summary
  when: 2025-05-13 14:39:17.841690376 Z
- _id: 1
  _time: 2025-05-13 14:39:17.828783517 Z
  _version: 0.10.1/0.42.0/
  since: 2025-04-15 14:39:17.829027062 Z
  what: quantity-of-deliverables
  when: 2025-05-13 14:39:17.828983490 Z
- _id: 2
  _time: 2025-05-13 14:39:17.835551360 Z
  _version: 0.10.1/0.42.0/
  since: 2025-04-15 14:39:17.835697323 Z
  what: quality-of-service
  when: 2025-05-13 14:39:17.835662928 Z
- _id: 3
  _time: 2025-05-13 14:39:17.837774477 Z
  _version: 0.10.1/0.42.0/
  what: dimensions-of-terrain
  when: 2025-05-13 14:39:17.837849566 Z
