---
- added: 8
  cycles: 1
  deleted: 8
  inserted: 8
  seconds: 10.265440751
  version: 0.42.0
  what: judges-summary
  when: 2025-06-03 19:33:55.241325751 Z
- _id: 1
  _time: 2025-06-03 19:33:55.233970204 Z
  _version: 0.10.1/0.42.0/
  what: dimensions-of-terrain
  when: 2025-06-03 19:33:55.234157634 Z
- _id: 2
  _time: 2025-06-03 19:33:55.238542454 Z
  _version: 0.10.1/0.42.0/
  since: 2025-05-06 19:33:55.238685461 Z
  what: quality-of-service
  when: 2025-06-03 19:33:55.238651177 Z
- _id: 3
  _time: 2025-06-03 19:33:55.240296279 Z
  _version: 0.10.1/0.42.0/
  since: 2025-05-06 19:33:55.240396305 Z
  what: quantity-of-deliverables
  when: 2025-06-03 19:33:55.240372631 Z
