---
- added: 8
  cycles: 1
  deleted: 8
  inserted: 8
  seconds: 10.3070806
  version: 0.42.0
  what: judges-summary
  when: 2025-05-29 09:05:47.758917851 Z
- _id: 1
  _time: 2025-05-29 09:05:47.754782942 Z
  _version: 0.10.1/0.42.0/
  since: 2025-05-01 09:05:47.755025903 Z
  what: quality-of-service
  when: 2025-05-29 09:05:47.754953809 Z
- _id: 2
  _time: 2025-05-29 09:05:47.756587226 Z
  _version: 0.10.1/0.42.0/
  what: dimensions-of-terrain
  when: 2025-05-29 09:05:47.756666262 Z
- _id: 3
  _time: 2025-05-29 09:05:47.758009704 Z
  _version: 0.10.1/0.42.0/
  since: 2025-05-01 09:05:47.758113065 Z
  what: quantity-of-deliverables
  when: 2025-05-29 09:05:47.758089682 Z
