---
- added: 8
  cycles: 1
  deleted: 8
  inserted: 8
  seconds: 8.401285146
  version: 0.42.0
  what: judges-summary
  when: 2025-06-10 13:42:38.805408070 Z
- _id: 1
  _time: 2025-06-10 13:42:38.791646614 Z
  _version: 0.10.1/0.42.0/
  since: 2025-05-13 13:42:38.791914734 Z
  what: quality-of-service
  when: 2025-06-10 13:42:38.791873357 Z
- _id: 2
  _time: 2025-06-10 13:42:38.797623095 Z
  _version: 0.10.1/0.42.0/
  what: dimensions-of-terrain
  when: 2025-06-10 13:42:38.797699067 Z
- _id: 3
  _time: 2025-06-10 13:42:38.800905112 Z
  _version: 0.10.1/0.42.0/
  since: 2025-05-13 13:42:38.801000640 Z
  what: quantity-of-deliverables
  when: 2025-06-10 13:42:38.800978549 Z
