---
- added: 8
  cycles: 1
  deleted: 8
  inserted: 8
  seconds: 18.065744772
  version: 0.42.0
  what: judges-summary
  when: 2025-05-21 13:41:46.315722125 Z
- _id: 1
  _time: 2025-05-21 13:41:46.304365875 Z
  _version: 0.10.1/0.42.0/
  since: 2025-04-23 13:41:46.304554497 Z
  what: quality-of-service
  when: 2025-05-21 13:41:46.304516677 Z
- _id: 2
  _time: 2025-05-21 13:41:46.308273257 Z
  _version: 0.10.1/0.42.0/
  what: dimensions-of-terrain
  when: 2025-05-21 13:41:46.308349379 Z
- _id: 3
  _time: 2025-05-21 13:41:46.311463528 Z
  _version: 0.10.1/0.42.0/
  since: 2025-04-23 13:41:46.311563665 Z
  what: quantity-of-deliverables
  when: 2025-05-21 13:41:46.311540872 Z
