---
- added: 8
  cycles: 1
  deleted: 8
  inserted: 8
  seconds: 9.754991333
  version: 0.42.0
  what: judges-summary
  when: 2025-05-13 18:06:55.654735973 Z
- _id: 1
  _time: 2025-05-13 18:06:55.647282628 Z
  _version: 0.10.1/0.42.0/
  since: 2025-04-15 18:06:55.647485576 Z
  what: quality-of-service
  when: 2025-05-13 18:06:55.647445040 Z
- _id: 2
  _time: 2025-05-13 18:06:55.650540376 Z
  _version: 0.10.1/0.42.0/
  what: dimensions-of-terrain
  when: 2025-05-13 18:06:55.650618691 Z
- _id: 3
  _time: 2025-05-13 18:06:55.653146298 Z
  _version: 0.10.1/0.42.0/
  since: 2025-04-15 18:06:55.653245923 Z
  what: quantity-of-deliverables
  when: 2025-05-13 18:06:55.653222890 Z
