---
- added: 8
  cycles: 1
  deleted: 8
  inserted: 8
  seconds: 8.464064326
  version: 0.42.0
  what: judges-summary
  when: 2025-05-17 04:06:12.554425258 Z
- _id: 1
  _time: 2025-05-17 04:06:12.543237386 Z
  _version: 0.10.1/0.42.0/
  since: 2025-04-19 04:06:12.543419988 Z
  what: quantity-of-deliverables
  when: 2025-05-17 04:06:12.543383089 Z
- _id: 2
  _time: 2025-05-17 04:06:12.544715295 Z
  _version: 0.10.1/0.42.0/
  since: 2025-04-19 04:06:12.544920941 Z
  what: quality-of-service
  when: 2025-05-17 04:06:12.544832254 Z
- _id: 3
  _time: 2025-05-17 04:06:12.551832009 Z
  _version: 0.10.1/0.42.0/
  what: dimensions-of-terrain
  when: 2025-05-17 04:06:12.551933018 Z
