---
- added: 8
  cycles: 1
  deleted: 8
  inserted: 8
  seconds: 10.05954283
  version: 0.42.0
  what: judges-summary
  when: 2025-06-08 18:06:11.339973820 Z
- _id: 1
  _time: 2025-06-08 18:06:11.329187174 Z
  _version: 0.10.1/0.42.0/
  since: 2025-05-11 18:06:11.329371821 Z
  what: quantity-of-deliverables
  when: 2025-06-08 18:06:11.329334801 Z
- _id: 2
  _time: 2025-06-08 18:06:11.333228825 Z
  _version: 0.10.1/0.42.0/
  what: dimensions-of-terrain
  when: 2025-06-08 18:06:11.333337028 Z
- _id: 3
  _time: 2025-06-08 18:06:11.338627619 Z
  _version: 0.10.1/0.42.0/
  since: 2025-05-11 18:06:11.338770106 Z
  what: quality-of-service
  when: 2025-06-08 18:06:11.338735962 Z
