---
- added: 8
  cycles: 1
  deleted: 8
  inserted: 8
  seconds: 10.052626359
  version: 0.42.0
  what: judges-summary
  when: 2025-05-14 05:05:50.990628296 Z
- _id: 1
  _time: 2025-05-14 05:05:50.980773520 Z
  _version: 0.10.1/0.42.0/
  since: 2025-04-16 05:05:50.980956790 Z
  what: quality-of-service
  when: 2025-05-14 05:05:50.980918659 Z
- _id: 2
  _time: 2025-05-14 05:05:50.983051143 Z
  _version: 0.10.1/0.42.0/
  what: dimensions-of-terrain
  when: 2025-05-14 05:05:50.983128486 Z
- _id: 3
  _time: 2025-05-14 05:05:50.989674276 Z
  _version: 0.10.1/0.42.0/
  since: 2025-04-16 05:05:50.989771296 Z
  what: quantity-of-deliverables
  when: 2025-05-14 05:05:50.989748634 Z
