---
- added: 8
  cycles: 1
  deleted: 8
  inserted: 8
  seconds: 9.431321858
  version: 0.42.0
  what: judges-summary
  when: 2025-06-03 06:07:30.756766183 Z
- _id: 1
  _time: 2025-06-03 06:07:30.745416259 Z
  _version: 0.10.1/0.42.0/
  since: 2025-05-06 06:07:30.745602577 Z
  what: quality-of-service
  when: 2025-06-03 06:07:30.745565207 Z
- _id: 2
  _time: 2025-06-03 06:07:30.752428181 Z
  _version: 0.10.1/0.42.0/
  since: 2025-05-06 06:07:30.752527447 Z
  what: quantity-of-deliverables
  when: 2025-06-03 06:07:30.752504214 Z
- _id: 3
  _time: 2025-06-03 06:07:30.754592095 Z
  _version: 0.10.1/0.42.0/
  what: dimensions-of-terrain
  when: 2025-06-03 06:07:30.754667566 Z
