---
- added: 8
  cycles: 1
  deleted: 8
  inserted: 8
  seconds: 9.773536405
  version: 0.42.0
  what: judges-summary
  when: 2025-06-01 17:35:40.919804770 Z
- _id: 1
  _time: 2025-06-01 17:35:40.907791981 Z
  _version: 0.10.1/0.42.0/
  since: 2025-05-04 17:35:40.908117468 Z
  what: quantity-of-deliverables
  when: 2025-06-01 17:35:40.908065992 Z
- _id: 2
  _time: 2025-06-01 17:35:40.915051392 Z
  _version: 0.10.1/0.42.0/
  what: dimensions-of-terrain
  when: 2025-06-01 17:35:40.915164573 Z
- _id: 3
  _time: 2025-06-01 17:35:40.918175591 Z
  _version: 0.10.1/0.42.0/
  since: 2025-05-04 17:35:40.918344626 Z
  what: quality-of-service
  when: 2025-06-01 17:35:40.918309300 Z
