---
- added: 8
  cycles: 1
  deleted: 8
  inserted: 8
  seconds: 8.161235061
  version: 0.42.0
  what: judges-summary
  when: 2025-06-13 11:04:57.301561457 Z
- _id: 1
  _time: 2025-06-13 11:04:57.289031788 Z
  _version: 0.10.1/0.42.0/
  since: 2025-05-16 11:04:57.289213187 Z
  what: quality-of-service
  when: 2025-06-13 11:04:57.289175787 Z
- _id: 2
  _time: 2025-06-13 11:04:57.298437572 Z
  _version: 0.10.1/0.42.0/
  what: dimensions-of-terrain
  when: 2025-06-13 11:04:57.298517522 Z
- _id: 3
  _time: 2025-06-13 11:04:57.300631047 Z
  _version: 0.10.1/0.42.0/
  since: 2025-05-16 11:04:57.300732747 Z
  what: quantity-of-deliverables
  when: 2025-06-13 11:04:57.300709684 Z
