---
- added: 8
  cycles: 1
  deleted: 8
  inserted: 8
  seconds: 9.560561244
  version: 0.42.0
  what: judges-summary
  when: 2025-06-01 15:04:49.267187201 Z
- _id: 1
  _time: 2025-06-01 15:04:49.256161037 Z
  _version: 0.10.1/0.42.0/
  what: dimensions-of-terrain
  when: 2025-06-01 15:04:49.256305358 Z
- _id: 2
  _time: 2025-06-01 15:04:49.259495442 Z
  _version: 0.10.1/0.42.0/
  since: 2025-05-04 15:04:49.259632089 Z
  what: quantity-of-deliverables
  when: 2025-06-01 15:04:49.259598265 Z
- _id: 3
  _time: 2025-06-01 15:04:49.265027633 Z
  _version: 0.10.1/0.42.0/
  since: 2025-05-04 15:04:49.265161675 Z
  what: quality-of-service
  when: 2025-06-01 15:04:49.265130116 Z
