---
- added: 8
  cycles: 1
  deleted: 8
  inserted: 8
  seconds: 9.768298261
  version: 0.42.0
  what: judges-summary
  when: 2025-05-30 23:35:11.753032151 Z
- _id: 1
  _time: 2025-05-30 23:35:11.742565736 Z
  _version: 0.10.1/0.42.0/
  since: 2025-05-02 23:35:11.742752213 Z
  what: quantity-of-deliverables
  when: 2025-05-30 23:35:11.742712088 Z
- _id: 2
  _time: 2025-05-30 23:35:11.747432239 Z
  _version: 0.10.1/0.42.0/
  since: 2025-05-02 23:35:11.747574965 Z
  what: quality-of-service
  when: 2025-05-30 23:35:11.747540971 Z
- _id: 3
  _time: 2025-05-30 23:35:11.749965432 Z
  _version: 0.10.1/0.42.0/
  what: dimensions-of-terrain
  when: 2025-05-30 23:35:11.750045160 Z
