---
- added: 8
  cycles: 1
  deleted: 8
  inserted: 8
  seconds: 17.099028459
  version: 0.42.0
  what: judges-summary
  when: 2025-05-26 19:05:03.246379428 Z
- _id: 1
  _time: 2025-05-26 19:05:03.233600850 Z
  _version: 0.10.1/0.42.0/
  since: 2025-04-28 19:05:03.233822694 Z
  what: quantity-of-deliverables
  when: 2025-05-26 19:05:03.233782369 Z
- _id: 2
  _time: 2025-05-26 19:05:03.242987138 Z
  _version: 0.10.1/0.42.0/
  what: dimensions-of-terrain
  when: 2025-05-26 19:05:03.243099477 Z
- _id: 3
  _time: 2025-05-26 19:05:03.244404191 Z
  _version: 0.10.1/0.42.0/
  since: 2025-04-28 19:05:03.244540134 Z
  what: quality-of-service
  when: 2025-05-26 19:05:03.244507574 Z
