---
- added: 8
  cycles: 1
  deleted: 8
  inserted: 8
  seconds: 10.146036876
  version: 0.42.0
  what: judges-summary
  when: 2025-05-23 05:05:42.302910428 Z
- _id: 1
  _time: 2025-05-23 05:05:42.294032832 Z
  _version: 0.10.1/0.42.0/
  what: dimensions-of-terrain
  when: 2025-05-23 05:05:42.294180729 Z
- _id: 2
  _time: 2025-05-23 05:05:42.297332859 Z
  _version: 0.10.1/0.42.0/
  since: 2025-04-25 05:05:42.297569713 Z
  what: quality-of-service
  when: 2025-05-23 05:05:42.297512687 Z
- _id: 3
  _time: 2025-05-23 05:05:42.299275826 Z
  _version: 0.10.1/0.42.0/
  since: 2025-04-25 05:05:42.299414316 Z
  what: quantity-of-deliverables
  when: 2025-05-23 05:05:42.299389599 Z
