---
- added: 8
  cycles: 1
  deleted: 8
  inserted: 8
  seconds: 18.289372841
  version: 0.42.0
  what: judges-summary
  when: 2025-06-10 09:37:35.778780863 Z
- _id: 1
  _time: 2025-06-10 09:37:35.764021297 Z
  _version: 0.10.1/0.42.0/
  what: dimensions-of-terrain
  when: 2025-06-10 09:37:35.764174723 Z
- _id: 2
  _time: 2025-06-10 09:37:35.773104883 Z
  _version: 0.10.1/0.42.0/
  since: 2025-05-13 09:37:35.773291291 Z
  what: quality-of-service
  when: 2025-06-10 09:37:35.773222362 Z
- _id: 3
  _time: 2025-06-10 09:37:35.776610804 Z
  _version: 0.10.1/0.42.0/
  since: 2025-05-13 09:37:35.776715099 Z
  what: quantity-of-deliverables
  when: 2025-06-10 09:37:35.776691485 Z
