---
- added: 8
  cycles: 1
  deleted: 8
  inserted: 8
  seconds: 14.269480469
  version: 0.42.0
  what: judges-summary
  when: 2025-06-14 13:10:48.767321346 Z
- _id: 1
  _time: 2025-06-14 13:10:48.761962146 Z
  _version: 0.10.1/0.42.0/
  since: 2025-05-17 13:10:48.762147644 Z
  what: quantity-of-deliverables
  when: 2025-06-14 13:10:48.762108911 Z
- _id: 2
  _time: 2025-06-14 13:10:48.763532557 Z
  _version: 0.10.1/0.42.0/
  since: 2025-05-17 13:10:48.763709549 Z
  what: quality-of-service
  when: 2025-06-14 13:10:48.763670015 Z
- _id: 3
  _time: 2025-06-14 13:10:48.766452644 Z
  _version: 0.10.1/0.42.0/
  what: dimensions-of-terrain
  when: 2025-06-14 13:10:48.766528927 Z
