---
- added: 8
  cycles: 1
  deleted: 8
  inserted: 8
  seconds: 7.947686437
  version: 0.42.0
  what: judges-summary
  when: 2025-05-27 22:05:20.118336163 Z
- _id: 1
  _time: 2025-05-27 22:05:20.105302212 Z
  _version: 0.10.1/0.42.0/
  since: 2025-04-29 22:05:20.105482808 Z
  what: quantity-of-deliverables
  when: 2025-05-27 22:05:20.105444948 Z
- _id: 2
  _time: 2025-05-27 22:05:20.109763237 Z
  _version: 0.10.1/0.42.0/
  what: dimensions-of-terrain
  when: 2025-05-27 22:05:20.109870487 Z
- _id: 3
  _time: 2025-05-27 22:05:20.112913258 Z
  _version: 0.10.1/0.42.0/
  since: 2025-04-29 22:05:20.113047838 Z
  what: quality-of-service
  when: 2025-05-27 22:05:20.113014055 Z
