---
- added: 8
  cycles: 1
  deleted: 8
  inserted: 8
  seconds: 19.036378691
  version: 0.42.0
  what: judges-summary
  when: 2025-06-05 12:08:52.225539763 Z
- _id: 1
  _time: 2025-06-05 12:08:52.219978521 Z
  _version: 0.10.1/0.42.0/
  what: dimensions-of-terrain
  when: 2025-06-05 12:08:52.220217225 Z
- _id: 2
  _time: 2025-06-05 12:08:52.222644718 Z
  _version: 0.10.1/0.42.0/
  since: 2025-05-08 12:08:52.222789758 Z
  what: quantity-of-deliverables
  when: 2025-06-05 12:08:52.222754412 Z
- _id: 3
  _time: 2025-06-05 12:08:52.224217124 Z
  _version: 0.10.1/0.42.0/
  since: 2025-05-08 12:08:52.224353007 Z
  what: quality-of-service
  when: 2025-06-05 12:08:52.224319645 Z
