---
- added: 8
  cycles: 1
  deleted: 8
  inserted: 8
  seconds: 7.241961316
  version: 0.42.0
  what: judges-summary
  when: 2025-05-24 06:06:22.912994661 Z
- _id: 1
  _time: 2025-05-24 06:06:22.899946464 Z
  _version: 0.10.1/0.42.0/
  since: 2025-04-26 06:06:22.900139904 Z
  what: quantity-of-deliverables
  when: 2025-05-24 06:06:22.900100731 Z
- _id: 2
  _time: 2025-05-24 06:06:22.903242494 Z
  _version: 0.10.1/0.42.0/
  what: dimensions-of-terrain
  when: 2025-05-24 06:06:22.903348201 Z
- _id: 3
  _time: 2025-05-24 06:06:22.905762382 Z
  _version: 0.10.1/0.42.0/
  since: 2025-04-26 06:06:22.905927850 Z
  what: quality-of-service
  when: 2025-05-24 06:06:22.905865304 Z
