---
- added: 8
  cycles: 1
  deleted: 8
  inserted: 8
  seconds: 9.839436732
  version: 0.42.0
  what: judges-summary
  when: 2025-06-15 16:39:06.741010728 Z
- _id: 1
  _time: 2025-06-15 16:39:06.729549263 Z
  _version: 0.10.1/0.42.0/
  since: 2025-05-18 16:39:06.729732416 Z
  what: quality-of-service
  when: 2025-06-15 16:39:06.729694655 Z
- _id: 2
  _time: 2025-06-15 16:39:06.735008392 Z
  _version: 0.10.1/0.42.0/
  what: dimensions-of-terrain
  when: 2025-06-15 16:39:06.735111766 Z
- _id: 3
  _time: 2025-06-15 16:39:06.738332282 Z
  _version: 0.10.1/0.42.0/
  since: 2025-05-18 16:39:06.738428653 Z
  what: quantity-of-deliverables
  when: 2025-06-15 16:39:06.738406461 Z
