---
- added: 8
  cycles: 1
  deleted: 8
  inserted: 8
  seconds: 9.942049516
  version: 0.42.0
  what: judges-summary
  when: 2025-05-22 07:35:06.920839378 Z
- _id: 1
  _time: 2025-05-22 07:35:06.907427242 Z
  _version: 0.10.1/0.42.0/
  what: dimensions-of-terrain
  when: 2025-05-22 07:35:06.907618047 Z
- _id: 2
  _time: 2025-05-22 07:35:06.917998205 Z
  _version: 0.10.1/0.42.0/
  since: 2025-04-24 07:35:06.918142203 Z
  what: quantity-of-deliverables
  when: 2025-05-22 07:35:06.918108500 Z
- _id: 3
  _time: 2025-05-22 07:35:06.919456592 Z
  _version: 0.10.1/0.42.0/
  since: 2025-04-24 07:35:06.919631688 Z
  what: quality-of-service
  when: 2025-05-22 07:35:06.919597554 Z
