---
- added: 8
  cycles: 1
  deleted: 8
  inserted: 8
  seconds: 14.459517559
  version: 0.42.0
  what: judges-summary
  when: 2025-05-26 05:06:09.749840201 Z
- _id: 1
  _time: 2025-05-26 05:06:09.739349277 Z
  _version: 0.10.1/0.42.0/
  since: 2025-04-28 05:06:09.739541786 Z
  what: quality-of-service
  when: 2025-05-26 05:06:09.739502834 Z
- _id: 2
  _time: 2025-05-26 05:06:09.742244434 Z
  _version: 0.10.1/0.42.0/
  since: 2025-04-28 05:06:09.742371361 Z
  what: quantity-of-deliverables
  when: 2025-05-26 05:06:09.742347457 Z
- _id: 3
  _time: 2025-05-26 05:06:09.747130710 Z
  _version: 0.10.1/0.42.0/
  what: dimensions-of-terrain
  when: 2025-05-26 05:06:09.747212613 Z
