---
- added: 8
  cycles: 1
  deleted: 8
  inserted: 8
  seconds: 7.229177119
  version: 0.42.0
  what: judges-summary
  when: 2025-05-19 22:05:28.522481777 Z
- _id: 1
  _time: 2025-05-19 22:05:28.516742051 Z
  _version: 0.10.1/0.42.0/
  since: 2025-04-21 22:05:28.516923771 Z
  what: quality-of-service
  when: 2025-05-19 22:05:28.516886732 Z
- _id: 2
  _time: 2025-05-19 22:05:28.520477364 Z
  _version: 0.10.1/0.42.0/
  since: 2025-04-21 22:05:28.520577832 Z
  what: quantity-of-deliverables
  when: 2025-05-19 22:05:28.520554769 Z
- _id: 3
  _time: 2025-05-19 22:05:28.521578005 Z
  _version: 0.10.1/0.42.0/
  what: dimensions-of-terrain
  when: 2025-05-19 22:05:28.521652594 Z
