---
- added: 8
  cycles: 1
  deleted: 8
  inserted: 8
  seconds: 7.348819157
  version: 0.42.0
  what: judges-summary
  when: 2025-05-13 09:37:10.484717100 Z
- _id: 1
  _time: 2025-05-13 09:37:10.471254302 Z
  _version: 0.10.1/0.42.0/
  what: dimensions-of-terrain
  when: 2025-05-13 09:37:10.471403460 Z
- _id: 2
  _time: 2025-05-13 09:37:10.473590306 Z
  _version: 0.10.1/0.42.0/
  since: 2025-04-15 09:37:10.473725858 Z
  what: quantity-of-deliverables
  when: 2025-05-13 09:37:10.473693668 Z
- _id: 3
  _time: 2025-05-13 09:37:10.482128508 Z
  _version: 0.10.1/0.42.0/
  since: 2025-04-15 09:37:10.482263750 Z
  what: quality-of-service
  when: 2025-05-13 09:37:10.482231390 Z
