---
- added: 8
  cycles: 1
  deleted: 8
  inserted: 8
  seconds: 0.812507207
  version: 0.42.0
  what: judges-summary
  when: 2025-05-12 18:41:02.282813445 Z
- _id: 1
  _time: 2025-05-12 18:41:02.272558508 Z
  _version: 0.10.1/0.42.0/
  what: dimensions-of-terrain
  when: 2025-05-12 18:41:02.272703489 Z
- _id: 2
  _time: 2025-05-12 18:41:02.278215867 Z
  _version: 0.10.1/0.42.0/
  since: 2025-04-14 18:41:02.278368882 Z
  what: quantity-of-deliverables
  when: 2025-05-12 18:41:02.278332645 Z
- _id: 3
  _time: 2025-05-12 18:41:02.280525994 Z
  _version: 0.10.1/0.42.0/
  since: 2025-04-14 18:41:02.280672807 Z
  what: quality-of-service
  when: 2025-05-12 18:41:02.280636399 Z
