---
- added: 8
  cycles: 1
  deleted: 8
  inserted: 8
  seconds: 7.779899909
  version: 0.42.0
  what: judges-summary
  when: 2025-06-06 21:35:06.911980847 Z
- _id: 1
  _time: 2025-06-06 21:35:06.897943873 Z
  _version: 0.10.1/0.42.0/
  what: dimensions-of-terrain
  when: 2025-06-06 21:35:06.898094524 Z
- _id: 2
  _time: 2025-06-06 21:35:06.908383752 Z
  _version: 0.10.1/0.42.0/
  since: 2025-05-09 21:35:06.908528522 Z
  what: quantity-of-deliverables
  when: 2025-06-06 21:35:06.908494829 Z
- _id: 3
  _time: 2025-06-06 21:35:06.910671573 Z
  _version: 0.10.1/0.42.0/
  since: 2025-05-09 21:35:06.910843454 Z
  what: quality-of-service
  when: 2025-06-06 21:35:06.910809490 Z
