---
- added: 8
  cycles: 1
  deleted: 8
  inserted: 8
  seconds: 6.699265828
  version: 0.42.0
  what: judges-summary
  when: 2025-05-24 07:05:04.430083163 Z
- _id: 1
  _time: 2025-05-24 07:05:04.418712192 Z
  _version: 0.10.1/0.42.0/
  what: dimensions-of-terrain
  when: 2025-05-24 07:05:04.418858013 Z
- _id: 2
  _time: 2025-05-24 07:05:04.421037438 Z
  _version: 0.10.1/0.42.0/
  since: 2025-04-26 07:05:04.421171186 Z
  what: quantity-of-deliverables
  when: 2025-05-24 07:05:04.421137183 Z
- _id: 3
  _time: 2025-05-24 07:05:04.428818463 Z
  _version: 0.10.1/0.42.0/
  since: 2025-04-26 07:05:04.428952221 Z
  what: quality-of-service
  when: 2025-05-24 07:05:04.428920161 Z
