---
- added: 8
  cycles: 1
  deleted: 8
  inserted: 8
  seconds: 8.348567993
  version: 0.42.0
  what: judges-summary
  when: 2025-06-14 03:46:09.212950045 Z
- _id: 1
  _time: 2025-06-14 03:46:09.194353574 Z
  _version: 0.10.1/0.42.0/
  latest: 0
  repository: 501942888
  what: events-were-scanned
  where: github
- _id: 2
  _time: 2025-06-14 03:46:09.200928808 Z
  _version: 0.10.1/0.42.0/
  since: 2025-05-17 03:46:09.201069091 Z
  what: quantity-of-deliverables
  when: 2025-06-14 03:46:09.201033415 Z
- _id: 3
  _time: 2025-06-14 03:46:09.209565988 Z
  _version: 0.10.1/0.42.0/
  what: dimensions-of-terrain
  when: 2025-06-14 03:46:09.209670945 Z
- _id: 4
  _time: 2025-06-14 03:46:09.211639697 Z
  _version: 0.10.1/0.42.0/
  since: 2025-05-17 03:46:09.211773959 Z
  what: quality-of-service
  when: 2025-06-14 03:46:09.211740807 Z
