---
- added: 8
  cycles: 1
  deleted: 8
  inserted: 8
  seconds: 10.31814995
  version: 0.42.0
  what: judges-summary
  when: 2025-06-04 11:35:27.865953327 Z
- _id: 1
  _time: 2025-06-04 11:35:27.858935938 Z
  _version: 0.10.1/0.42.0/
  since: 2025-05-07 11:35:27.859126293 Z
  what: quality-of-service
  when: 2025-06-04 11:35:27.859088532 Z
- _id: 2
  _time: 2025-06-04 11:35:27.860762422 Z
  _version: 0.10.1/0.42.0/
  since: 2025-05-07 11:35:27.860900660 Z
  what: quantity-of-deliverables
  when: 2025-06-04 11:35:27.860874241 Z
- _id: 3
  _time: 2025-06-04 11:35:27.865021591 Z
  _version: 0.10.1/0.42.0/
  what: dimensions-of-terrain
  when: 2025-06-04 11:35:27.865099285 Z
