---
- added: 8
  cycles: 1
  deleted: 8
  inserted: 8
  seconds: 9.779106906
  version: 0.42.0
  what: judges-summary
  when: 2025-05-31 22:37:05.502250018 Z
- _id: 1
  _time: 2025-05-31 22:37:05.489531546 Z
  _version: 0.10.1/0.42.0/
  since: 2025-05-03 22:37:05.489714300 Z
  what: quantity-of-deliverables
  when: 2025-05-31 22:37:05.489677060 Z
- _id: 2
  _time: 2025-05-31 22:37:05.497123287 Z
  _version: 0.10.1/0.42.0/
  since: 2025-05-03 22:37:05.497263871 Z
  what: quality-of-service
  when: 2025-05-31 22:37:05.497230468 Z
- _id: 3
  _time: 2025-05-31 22:37:05.501347348 Z
  _version: 0.10.1/0.42.0/
  what: dimensions-of-terrain
  when: 2025-05-31 22:37:05.501425014 Z
