---
- added: 8
  cycles: 1
  deleted: 8
  inserted: 8
  seconds: 13.610662487
  version: 0.42.0
  what: judges-summary
  when: 2025-06-01 14:04:59.580503141 Z
- _id: 1
  _time: 2025-06-01 14:04:59.568529120 Z
  _version: 0.10.1/0.42.0/
  since: 2025-05-04 14:04:59.568719646 Z
  what: quality-of-service
  when: 2025-06-01 14:04:59.568682186 Z
- _id: 2
  _time: 2025-06-01 14:04:59.571316963 Z
  _version: 0.10.1/0.42.0/
  what: dimensions-of-terrain
  when: 2025-06-01 14:04:59.571428883 Z
- _id: 3
  _time: 2025-06-01 14:04:59.578584725 Z
  _version: 0.10.1/0.42.0/
  since: 2025-05-04 14:04:59.578684472 Z
  what: quantity-of-deliverables
  when: 2025-06-01 14:04:59.578661839 Z
