---
- added: 8
  cycles: 1
  deleted: 8
  inserted: 8
  seconds: 9.441959353
  version: 0.42.0
  what: judges-summary
  when: 2025-05-29 03:24:33.926072080 Z
- _id: 1
  _time: 2025-05-29 03:24:33.920868719 Z
  _version: 0.10.1/0.42.0/
  since: 2025-05-01 03:24:33.921052402 Z
  what: quantity-of-deliverables
  when: 2025-05-29 03:24:33.921015493 Z
- _id: 2
  _time: 2025-05-29 03:24:33.923364528 Z
  _version: 0.10.1/0.42.0/
  what: dimensions-of-terrain
  when: 2025-05-29 03:24:33.923466729 Z
- _id: 3
  _time: 2025-05-29 03:24:33.924800007 Z
  _version: 0.10.1/0.42.0/
  since: 2025-05-01 03:24:33.924934088 Z
  what: quality-of-service
  when: 2025-05-29 03:24:33.924902359 Z
