---
- added: 8
  cycles: 1
  deleted: 8
  inserted: 8
  seconds: 7.947011615
  version: 0.42.0
  what: judges-summary
  when: 2025-06-14 20:05:25.189635373 Z
- _id: 1
  _time: 2025-06-14 20:05:25.179839443 Z
  _version: 0.10.1/0.42.0/
  since: 2025-05-17 20:05:25.180020451 Z
  what: quality-of-service
  when: 2025-06-14 20:05:25.179983112 Z
- _id: 2
  _time: 2025-06-14 20:05:25.181850007 Z
  _version: 0.10.1/0.42.0/
  what: dimensions-of-terrain
  when: 2025-06-14 20:05:25.181926541 Z
- _id: 3
  _time: 2025-06-14 20:05:25.186485675 Z
  _version: 0.10.1/0.42.0/
  since: 2025-05-17 20:05:25.186582366 Z
  what: quantity-of-deliverables
  when: 2025-06-14 20:05:25.186560355 Z
