---
- added: 8
  cycles: 1
  deleted: 8
  inserted: 8
  seconds: 7.991930084
  version: 0.42.0
  what: judges-summary
  when: 2025-05-29 17:05:11.141316757 Z
- _id: 1
  _time: 2025-05-29 17:05:11.126836087 Z
  _version: 0.10.1/0.42.0/
  what: dimensions-of-terrain
  when: 2025-05-29 17:05:11.126991768 Z
- _id: 2
  _time: 2025-05-29 17:05:11.130394835 Z
  _version: 0.10.1/0.42.0/
  since: 2025-05-01 17:05:11.130531220 Z
  what: quality-of-service
  when: 2025-05-29 17:05:11.130498459 Z
- _id: 3
  _time: 2025-05-29 17:05:11.137653220 Z
  _version: 0.10.1/0.42.0/
  since: 2025-05-01 17:05:11.137884753 Z
  what: quantity-of-deliverables
  when: 2025-05-29 17:05:11.137832165 Z
