---
- added: 8
  cycles: 1
  deleted: 8
  inserted: 8
  seconds: 8.266556231
  version: 0.42.0
  what: judges-summary
  when: 2025-05-28 09:37:12.352381740 Z
- _id: 1
  _time: 2025-05-28 09:37:12.348198693 Z
  _version: 0.10.1/0.42.0/
  since: 2025-04-30 09:37:12.348381695 Z
  what: quantity-of-deliverables
  when: 2025-05-28 09:37:12.348344655 Z
- _id: 2
  _time: 2025-05-28 09:37:12.349515825 Z
  _version: 0.10.1/0.42.0/
  what: dimensions-of-terrain
  when: 2025-05-28 09:37:12.349621322 Z
- _id: 3
  _time: 2025-05-28 09:37:12.350996300 Z
  _version: 0.10.1/0.42.0/
  since: 2025-04-30 09:37:12.351168201 Z
  what: quality-of-service
  when: 2025-05-28 09:37:12.351133557 Z
