---
- added: 8
  cycles: 1
  deleted: 8
  inserted: 8
  seconds: 8.061152476
  version: 0.42.0
  what: judges-summary
  when: 2025-05-14 10:39:05.275550800 Z
- _id: 1
  _time: 2025-05-14 10:39:05.266407865 Z
  _version: 0.10.1/0.42.0/
  since: 2025-04-16 10:39:05.266590035 Z
  what: quality-of-service
  when: 2025-05-14 10:39:05.266552566 Z
- _id: 2
  _time: 2025-05-14 10:39:05.270373563 Z
  _version: 0.10.1/0.42.0/
  what: dimensions-of-terrain
  when: 2025-05-14 10:39:05.270450156 Z
- _id: 3
  _time: 2025-05-14 10:39:05.274619815 Z
  _version: 0.10.1/0.42.0/
  since: 2025-04-16 10:39:05.274756530 Z
  what: quantity-of-deliverables
  when: 2025-05-14 10:39:05.274730131 Z
