---
- added: 8
  cycles: 1
  deleted: 8
  inserted: 8
  seconds: 10.148285295
  version: 0.42.0
  what: judges-summary
  when: 2025-06-09 07:36:16.582408659 Z
- _id: 1
  _time: 2025-06-09 07:36:16.572644766 Z
  _version: 0.10.1/0.42.0/
  since: 2025-05-12 07:36:16.572825011 Z
  what: quality-of-service
  when: 2025-06-09 07:36:16.572787952 Z
- _id: 2
  _time: 2025-06-09 07:36:16.575745361 Z
  _version: 0.10.1/0.42.0/
  since: 2025-05-12 07:36:16.575910068 Z
  what: quantity-of-deliverables
  when: 2025-06-09 07:36:16.575868300 Z
- _id: 3
  _time: 2025-06-09 07:36:16.577313231 Z
  _version: 0.10.1/0.42.0/
  what: dimensions-of-terrain
  when: 2025-06-09 07:36:16.577448783 Z
