---
- added: 8
  cycles: 1
  deleted: 8
  inserted: 8
  seconds: 14.278724802
  version: 0.42.0
  what: judges-summary
  when: 2025-05-27 17:05:18.496523570 Z
- _id: 1
  _time: 2025-05-27 17:05:18.487922242 Z
  _version: 0.10.1/0.42.0/
  since: 2025-04-29 17:05:18.488105138 Z
  what: quality-of-service
  when: 2025-05-27 17:05:18.488068408 Z
- _id: 2
  _time: 2025-05-27 17:05:18.490207446 Z
  _version: 0.10.1/0.42.0/
  what: dimensions-of-terrain
  when: 2025-05-27 17:05:18.490284271 Z
- _id: 3
  _time: 2025-05-27 17:05:18.491494655 Z
  _version: 0.10.1/0.42.0/
  since: 2025-04-29 17:05:18.491611466 Z
  what: quantity-of-deliverables
  when: 2025-05-27 17:05:18.491566050 Z
