---
- added: 8
  cycles: 1
  deleted: 8
  inserted: 8
  seconds: 9.817530129
  version: 0.42.0
  what: judges-summary
  when: 2025-06-01 10:05:37.636532152 Z
- _id: 1
  _time: 2025-06-01 10:05:37.626101340 Z
  _version: 0.10.1/0.42.0/
  what: dimensions-of-terrain
  when: 2025-06-01 10:05:37.626247141 Z
- _id: 2
  _time: 2025-06-01 10:05:37.628376413 Z
  _version: 0.10.1/0.42.0/
  since: 2025-05-04 10:05:37.628508548 Z
  what: quantity-of-deliverables
  when: 2025-06-01 10:05:37.628476759 Z
- _id: 3
  _time: 2025-06-01 10:05:37.631313669 Z
  _version: 0.10.1/0.42.0/
  since: 2025-05-04 10:05:37.631451164 Z
  what: quality-of-service
  when: 2025-06-01 10:05:37.631419476 Z
