---
- added: 8
  cycles: 1
  deleted: 8
  inserted: 8
  seconds: 8.498353994
  version: 0.42.0
  what: judges-summary
  when: 2025-06-10 14:38:40.878479675 Z
- _id: 1
  _time: 2025-06-10 14:38:40.871377744 Z
  _version: 0.10.1/0.42.0/
  what: dimensions-of-terrain
  when: 2025-06-10 14:38:40.871562932 Z
- _id: 2
  _time: 2025-06-10 14:38:40.873814050 Z
  _version: 0.10.1/0.42.0/
  since: 2025-05-13 14:38:40.873945968 Z
  what: quality-of-service
  when: 2025-06-10 14:38:40.873914298 Z
- _id: 3
  _time: 2025-06-10 14:38:40.875619170 Z
  _version: 0.10.1/0.42.0/
  since: 2025-05-13 14:38:40.875718226 Z
  what: quantity-of-deliverables
  when: 2025-06-10 14:38:40.875695494 Z
