---
- added: 8
  cycles: 1
  deleted: 8
  inserted: 8
  seconds: 7.044662971
  version: 0.42.0
  what: judges-summary
  when: 2025-06-14 07:05:21.228925091 Z
- _id: 1
  _time: 2025-06-14 07:05:21.218125147 Z
  _version: 0.10.1/0.42.0/
  what: dimensions-of-terrain
  when: 2025-06-14 07:05:21.218280558 Z
- _id: 2
  _time: 2025-06-14 07:05:21.220446321 Z
  _version: 0.10.1/0.42.0/
  since: 2025-05-17 07:05:21.220583969 Z
  what: quality-of-service
  when: 2025-06-14 07:05:21.220549094 Z
- _id: 3
  _time: 2025-06-14 07:05:21.222182643 Z
  _version: 0.10.1/0.42.0/
  since: 2025-05-17 07:05:21.222283031 Z
  what: quantity-of-deliverables
  when: 2025-06-14 07:05:21.222260169 Z
