---
- added: 8
  cycles: 1
  deleted: 8
  inserted: 8
  seconds: 10.503001429
  version: 0.42.0
  what: judges-summary
  when: 2025-06-03 21:05:11.124915047 Z
- _id: 1
  _time: 2025-06-03 21:05:11.116939958 Z
  _version: 0.10.1/0.42.0/
  what: dimensions-of-terrain
  when: 2025-06-03 21:05:11.117224669 Z
- _id: 2
  _time: 2025-06-03 21:05:11.120165443 Z
  _version: 0.10.1/0.42.0/
  since: 2025-05-06 21:05:11.120306195 Z
  what: quantity-of-deliverables
  when: 2025-06-03 21:05:11.120271580 Z
- _id: 3
  _time: 2025-06-03 21:05:11.121573919 Z
  _version: 0.10.1/0.42.0/
  since: 2025-05-06 21:05:11.121707007 Z
  what: quality-of-service
  when: 2025-06-03 21:05:11.121674336 Z
