---
- added: 8
  cycles: 1
  deleted: 8
  inserted: 8
  seconds: 9.648543514
  version: 0.42.0
  what: judges-summary
  when: 2025-05-29 04:40:05.286991765 Z
- _id: 1
  _time: 2025-05-29 04:40:05.275579603 Z
  _version: 0.10.1/0.42.0/
  what: dimensions-of-terrain
  when: 2025-05-29 04:40:05.275724612 Z
- _id: 2
  _time: 2025-05-29 04:40:05.278823940 Z
  _version: 0.10.1/0.42.0/
  since: 2025-05-01 04:40:05.278962828 Z
  what: quality-of-service
  when: 2025-05-29 04:40:05.278929115 Z
- _id: 3
  _time: 2025-05-29 04:40:05.286095427 Z
  _version: 0.10.1/0.42.0/
  since: 2025-05-01 04:40:05.286193800 Z
  what: quantity-of-deliverables
  when: 2025-05-29 04:40:05.286170557 Z
