---
- added: 8
  cycles: 1
  deleted: 8
  inserted: 8
  seconds: 12.912525618
  version: 0.42.0
  what: judges-summary
  when: 2025-05-12 04:39:37.277855784 Z
- _id: 1
  _time: 2025-05-12 04:39:37.268316566 Z
  _version: 0.10.1/0.42.0/
  since: 2025-04-14 04:39:37.268506482 Z
  what: quantity-of-deliverables
  when: 2025-05-12 04:39:37.268469282 Z
- _id: 2
  _time: 2025-05-12 04:39:37.272040731 Z
  _version: 0.10.1/0.42.0/
  since: 2025-04-14 04:39:37.272173630 Z
  what: quality-of-service
  when: 2025-05-12 04:39:37.272141730 Z
- _id: 3
  _time: 2025-05-12 04:39:37.273692813 Z
  _version: 0.10.1/0.42.0/
  what: dimensions-of-terrain
  when: 2025-05-12 04:39:37.273766581 Z
