---
- added: 8
  cycles: 1
  deleted: 8
  inserted: 8
  seconds: 8.10426495
  version: 0.42.0
  what: judges-summary
  when: 2025-05-23 13:12:53.909739471 Z
- _id: 1
  _time: 2025-05-23 13:12:53.902232470 Z
  _version: 0.10.1/0.42.0/
  since: 2025-04-25 13:12:53.902417525 Z
  what: quality-of-service
  when: 2025-05-23 13:12:53.902380396 Z
- _id: 2
  _time: 2025-05-23 13:12:53.903876000 Z
  _version: 0.10.1/0.42.0/
  what: dimensions-of-terrain
  when: 2025-05-23 13:12:53.903950708 Z
- _id: 3
  _time: 2025-05-23 13:12:53.905433028 Z
  _version: 0.10.1/0.42.0/
  since: 2025-04-25 13:12:53.905529557 Z
  what: quantity-of-deliverables
  when: 2025-05-23 13:12:53.905506895 Z
