---
- added: 8
  cycles: 1
  deleted: 8
  inserted: 8
  seconds: 7.073416368
  version: 0.42.0
  what: judges-summary
  when: 2025-06-10 04:10:49.531744915 Z
- _id: 1
  _time: 2025-06-10 04:10:49.521629823 Z
  _version: 0.10.1/0.42.0/
  since: 2025-05-13 04:10:49.521813015 Z
  what: quantity-of-deliverables
  when: 2025-06-10 04:10:49.521775324 Z
- _id: 2
  _time: 2025-06-10 04:10:49.526719669 Z
  _version: 0.10.1/0.42.0/
  since: 2025-05-13 04:10:49.526994512 Z
  what: quality-of-service
  when: 2025-06-10 04:10:49.526930232 Z
- _id: 3
  _time: 2025-06-10 04:10:49.528732218 Z
  _version: 0.10.1/0.42.0/
  what: dimensions-of-terrain
  when: 2025-06-10 04:10:49.528857713 Z
