---
- added: 8
  cycles: 1
  deleted: 8
  inserted: 8
  seconds: 8.110862205
  version: 0.42.0
  what: judges-summary
  when: 2025-06-13 01:33:29.722728466 Z
- _id: 1
  _time: 2025-06-13 01:33:29.712822044 Z
  _version: 0.10.1/0.42.0/
  since: 2025-05-16 01:33:29.713014964 Z
  what: quantity-of-deliverables
  when: 2025-06-13 01:33:29.712976682 Z
- _id: 2
  _time: 2025-06-13 01:33:29.720205341 Z
  _version: 0.10.1/0.42.0/
  since: 2025-05-16 01:33:29.720340413 Z
  what: quality-of-service
  when: 2025-06-13 01:33:29.720307551 Z
- _id: 3
  _time: 2025-06-13 01:33:29.721854876 Z
  _version: 0.10.1/0.42.0/
  what: dimensions-of-terrain
  when: 2025-06-13 01:33:29.721935336 Z
