---
- added: 8
  cycles: 1
  deleted: 8
  inserted: 8
  seconds: 6.898577382
  version: 0.42.0
  what: judges-summary
  when: 2025-05-13 03:23:22.187572058 Z
- _id: 1
  _time: 2025-05-13 03:23:22.178962509 Z
  _version: 0.10.1/0.42.0/
  since: 2025-04-15 03:23:22.179152716 Z
  what: quality-of-service
  when: 2025-05-13 03:23:22.179114925 Z
- _id: 2
  _time: 2025-05-13 03:23:22.180683425 Z
  _version: 0.10.1/0.42.0/
  what: dimensions-of-terrain
  when: 2025-05-13 03:23:22.180760780 Z
- _id: 3
  _time: 2025-05-13 03:23:22.185751587 Z
  _version: 0.10.1/0.42.0/
  since: 2025-04-15 03:23:22.185885899 Z
  what: quantity-of-deliverables
  when: 2025-05-13 03:23:22.185829503 Z
