---
- added: 8
  cycles: 1
  deleted: 8
  inserted: 8
  seconds: 7.726789344
  version: 0.42.0
  what: judges-summary
  when: 2025-05-13 19:04:59.046237115 Z
- _id: 1
  _time: 2025-05-13 19:04:59.037997047 Z
  _version: 0.10.1/0.42.0/
  since: 2025-04-15 19:04:59.038178607 Z
  what: quantity-of-deliverables
  when: 2025-05-13 19:04:59.038141738 Z
- _id: 2
  _time: 2025-05-13 19:04:59.039516894 Z
  _version: 0.10.1/0.42.0/
  since: 2025-04-15 19:04:59.039686603 Z
  what: quality-of-service
  when: 2025-05-13 19:04:59.039617242 Z
- _id: 3
  _time: 2025-05-13 19:04:59.045357857 Z
  _version: 0.10.1/0.42.0/
  what: dimensions-of-terrain
  when: 2025-05-13 19:04:59.045436335 Z
