---
- added: 8
  cycles: 1
  deleted: 8
  inserted: 8
  seconds: 9.769486631
  version: 0.42.0
  what: judges-summary
  when: 2025-06-15 04:11:54.190391251 Z
- _id: 1
  _time: 2025-06-15 04:11:54.182844606 Z
  _version: 0.10.1/0.42.0/
  since: 2025-05-18 04:11:54.183026045 Z
  what: quantity-of-deliverables
  when: 2025-06-15 04:11:54.182989146 Z
- _id: 2
  _time: 2025-06-15 04:11:54.187480001 Z
  _version: 0.10.1/0.42.0/
  what: dimensions-of-terrain
  when: 2025-06-15 04:11:54.187697757 Z
- _id: 3
  _time: 2025-06-15 04:11:54.189088471 Z
  _version: 0.10.1/0.42.0/
  since: 2025-05-18 04:11:54.189222391 Z
  what: quality-of-service
  when: 2025-06-15 04:11:54.189190171 Z
