---
- added: 8
  cycles: 1
  deleted: 8
  inserted: 8
  seconds: 10.223571135
  version: 0.42.0
  what: judges-summary
  when: 2025-06-09 11:05:08.433993654 Z
- _id: 1
  _time: 2025-06-09 11:05:08.423741280 Z
  _version: 0.10.1/0.42.0/
  since: 2025-05-12 11:05:08.423921005 Z
  what: quantity-of-deliverables
  when: 2025-06-09 11:05:08.423884357 Z
- _id: 2
  _time: 2025-06-09 11:05:08.428354596 Z
  _version: 0.10.1/0.42.0/
  since: 2025-05-12 11:05:08.428490410 Z
  what: quality-of-service
  when: 2025-06-09 11:05:08.428458831 Z
- _id: 3
  _time: 2025-06-09 11:05:08.431216649 Z
  _version: 0.10.1/0.42.0/
  what: dimensions-of-terrain
  when: 2025-06-09 11:05:08.431290838 Z
