---
- added: 8
  cycles: 1
  deleted: 8
  inserted: 8
  seconds: 7.996457415
  version: 0.42.0
  what: judges-summary
  when: 2025-05-15 18:41:13.435178480 Z
- _id: 1
  _time: 2025-05-15 18:41:13.428161717 Z
  _version: 0.10.1/0.42.0/
  since: 2025-04-17 18:41:13.428427759 Z
  what: quality-of-service
  when: 2025-05-15 18:41:13.428387864 Z
- _id: 2
  _time: 2025-05-15 18:41:13.432948515 Z
  _version: 0.10.1/0.42.0/
  what: dimensions-of-terrain
  when: 2025-05-15 18:41:13.433028265 Z
- _id: 3
  _time: 2025-05-15 18:41:13.434294413 Z
  _version: 0.10.1/0.42.0/
  since: 2025-04-17 18:41:13.434396275 Z
  what: quantity-of-deliverables
  when: 2025-05-15 18:41:13.434373192 Z
