---
- added: 8
  cycles: 1
  deleted: 8
  inserted: 8
  seconds: 7.534129255
  version: 0.42.0
  what: judges-summary
  when: 2025-06-07 01:33:12.717318082 Z
- _id: 1
  _time: 2025-06-07 01:33:12.709291873 Z
  _version: 0.10.1/0.42.0/
  since: 2025-05-10 01:33:12.709472081 Z
  what: quality-of-service
  when: 2025-06-07 01:33:12.709434320 Z
- _id: 2
  _time: 2025-06-07 01:33:12.713149364 Z
  _version: 0.10.1/0.42.0/
  what: dimensions-of-terrain
  when: 2025-06-07 01:33:12.713226449 Z
- _id: 3
  _time: 2025-06-07 01:33:12.714517261 Z
  _version: 0.10.1/0.42.0/
  since: 2025-05-10 01:33:12.714613281 Z
  what: quantity-of-deliverables
  when: 2025-06-07 01:33:12.714590748 Z
