---
- added: 8
  cycles: 1
  deleted: 8
  inserted: 8
  seconds: 9.666117364
  version: 0.42.0
  what: judges-summary
  when: 2025-06-15 14:04:43.763737401 Z
- _id: 1
  _time: 2025-06-15 14:04:43.750772663 Z
  _version: 0.10.1/0.42.0/
  since: 2025-05-18 14:04:43.750952667 Z
  what: quantity-of-deliverables
  when: 2025-06-15 14:04:43.750916369 Z
- _id: 2
  _time: 2025-06-15 14:04:43.760500460 Z
  _version: 0.10.1/0.42.0/
  since: 2025-05-18 14:04:43.760634188 Z
  what: quality-of-service
  when: 2025-06-15 14:04:43.760602088 Z
- _id: 3
  _time: 2025-06-15 14:04:43.762132495 Z
  _version: 0.10.1/0.42.0/
  what: dimensions-of-terrain
  when: 2025-06-15 14:04:43.762256846 Z
