---
- added: 8
  cycles: 1
  deleted: 8
  inserted: 8
  seconds: 10.438991727
  version: 0.42.0
  what: judges-summary
  when: 2025-06-13 17:05:13.297018418 Z
- _id: 1
  _time: 2025-06-13 17:05:13.284270676 Z
  _version: 0.10.1/0.42.0/
  since: 2025-05-16 17:05:13.284457626 Z
  what: quantity-of-deliverables
  when: 2025-06-13 17:05:13.284419304 Z
- _id: 2
  _time: 2025-06-13 17:05:13.293183695 Z
  _version: 0.10.1/0.42.0/
  since: 2025-05-16 17:05:13.293322335 Z
  what: quality-of-service
  when: 2025-06-13 17:05:13.293288902 Z
- _id: 3
  _time: 2025-06-13 17:05:13.294788485 Z
  _version: 0.10.1/0.42.0/
  what: dimensions-of-terrain
  when: 2025-06-13 17:05:13.294885938 Z
