---
- added: 8
  cycles: 1
  deleted: 8
  inserted: 8
  seconds: 9.81531504
  version: 0.42.0
  what: judges-summary
  when: 2025-05-30 06:07:09.431830189 Z
- _id: 1
  _time: 2025-05-30 06:07:09.425659763 Z
  _version: 0.10.1/0.42.0/
  since: 2025-05-02 06:07:09.425841164 Z
  what: quantity-of-deliverables
  when: 2025-05-30 06:07:09.425805196 Z
- _id: 2
  _time: 2025-05-30 06:07:09.427831802 Z
  _version: 0.10.1/0.42.0/
  since: 2025-05-02 06:07:09.427992022 Z
  what: quality-of-service
  when: 2025-05-30 06:07:09.427957928 Z
- _id: 3
  _time: 2025-05-30 06:07:09.430944947 Z
  _version: 0.10.1/0.42.0/
  what: dimensions-of-terrain
  when: 2025-05-30 06:07:09.431024196 Z
