---
- added: 8
  cycles: 1
  deleted: 8
  inserted: 8
  seconds: 17.78764932
  version: 0.42.0
  what: judges-summary
  when: 2025-05-14 06:42:03.507533481 Z
- _id: 1
  _time: 2025-05-14 06:42:03.497737081 Z
  _version: 0.10.1/0.42.0/
  since: 2025-04-16 06:42:03.497915324 Z
  what: quality-of-service
  when: 2025-05-14 06:42:03.497878816 Z
- _id: 2
  _time: 2025-05-14 06:42:03.504563063 Z
  _version: 0.10.1/0.42.0/
  what: dimensions-of-terrain
  when: 2025-05-14 06:42:03.504638544 Z
- _id: 3
  _time: 2025-05-14 06:42:03.506650963 Z
  _version: 0.10.1/0.42.0/
  since: 2025-04-16 06:42:03.506751210 Z
  what: quantity-of-deliverables
  when: 2025-05-14 06:42:03.506728107 Z
