---
- added: 8
  cycles: 1
  deleted: 8
  inserted: 8
  seconds: 7.363875146
  version: 0.42.0
  what: judges-summary
  when: 2025-06-08 13:10:41.092671354 Z
- _id: 1
  _time: 2025-06-08 13:10:41.083202169 Z
  _version: 0.10.1/0.42.0/
  what: dimensions-of-terrain
  when: 2025-06-08 13:10:41.083385513 Z
- _id: 2
  _time: 2025-06-08 13:10:41.085562798 Z
  _version: 0.10.1/0.42.0/
  since: 2025-05-11 13:10:41.085701157 Z
  what: quality-of-service
  when: 2025-06-08 13:10:41.085667474 Z
- _id: 3
  _time: 2025-06-08 13:10:41.088737510 Z
  _version: 0.10.1/0.42.0/
  since: 2025-05-11 13:10:41.088941793 Z
  what: quantity-of-deliverables
  when: 2025-06-08 13:10:41.088887942 Z
