---
- added: 8
  cycles: 1
  deleted: 8
  inserted: 8
  seconds: 0.769121933
  version: 0.42.0
  what: judges-summary
  when: 2025-06-05 00:20:34.678160762 Z
- _id: 1
  _time: 2025-06-05 00:20:34.662127587 Z
  _version: 0.10.1/0.42.0/
  what: dimensions-of-terrain
  when: 2025-06-05 00:20:34.662299028 Z
- _id: 2
  _time: 2025-06-05 00:20:34.665650082 Z
  _version: 0.10.1/0.42.0/
  since: 2025-05-08 00:20:34.665799241 Z
  what: quantity-of-deliverables
  when: 2025-06-05 00:20:34.665763354 Z
- _id: 3
  _time: 2025-06-05 00:20:34.676657842 Z
  _version: 0.10.1/0.42.0/
  since: 2025-05-08 00:20:34.676812581 Z
  what: quality-of-service
  when: 2025-06-05 00:20:34.676779600 Z
