---
- added: 8
  cycles: 1
  deleted: 8
  inserted: 8
  seconds: 13.945979947
  version: 0.42.0
  what: judges-summary
  when: 2025-05-30 16:06:05.010981601 Z
- _id: 1
  _time: 2025-05-30 16:06:05.002967085 Z
  _version: 0.10.1/0.42.0/
  since: 2025-05-02 16:06:05.003153063 Z
  what: quality-of-service
  when: 2025-05-30 16:06:05.003113539 Z
- _id: 2
  _time: 2025-05-30 16:06:05.005679393 Z
  _version: 0.10.1/0.42.0/
  since: 2025-05-02 16:06:05.005780943 Z
  what: quantity-of-deliverables
  when: 2025-05-30 16:06:05.005757850 Z
- _id: 3
  _time: 2025-05-30 16:06:05.010023136 Z
  _version: 0.10.1/0.42.0/
  what: dimensions-of-terrain
  when: 2025-05-30 16:06:05.010103146 Z
