---
- added: 8
  cycles: 1
  deleted: 8
  inserted: 8
  seconds: 7.62900576
  version: 0.42.0
  what: judges-summary
  when: 2025-05-16 09:36:28.516640428 Z
- _id: 1
  _time: 2025-05-16 09:36:28.506124382 Z
  _version: 0.10.1/0.42.0/
  since: 2025-04-18 09:36:28.506334957 Z
  what: quantity-of-deliverables
  when: 2025-05-16 09:36:28.506296735 Z
- _id: 2
  _time: 2025-05-16 09:36:28.510489637 Z
  _version: 0.10.1/0.42.0/
  what: dimensions-of-terrain
  when: 2025-05-16 09:36:28.510596808 Z
- _id: 3
  _time: 2025-05-16 09:36:28.511983748 Z
  _version: 0.10.1/0.42.0/
  since: 2025-04-18 09:36:28.512115075 Z
  what: quality-of-service
  when: 2025-05-16 09:36:28.512083796 Z
