---
- added: 8
  cycles: 1
  deleted: 8
  inserted: 8
  seconds: 17.833792103
  version: 0.42.0
  what: judges-summary
  when: 2025-06-03 02:35:45.947507140 Z
- _id: 1
  _time: 2025-06-03 02:35:45.933699803 Z
  _version: 0.10.1/0.42.0/
  what: dimensions-of-terrain
  when: 2025-06-03 02:35:45.933851905 Z
- _id: 2
  _time: 2025-06-03 02:35:45.937058951 Z
  _version: 0.10.1/0.42.0/
  since: 2025-05-06 02:35:45.937198981 Z
  what: quality-of-service
  when: 2025-06-03 02:35:45.937164196 Z
- _id: 3
  _time: 2025-06-03 02:35:45.940534966 Z
  _version: 0.10.1/0.42.0/
  since: 2025-05-06 02:35:45.940661901 Z
  what: quantity-of-deliverables
  when: 2025-06-03 02:35:45.940637706 Z
