---
- added: 8
  cycles: 1
  deleted: 8
  inserted: 8
  seconds: 7.500935628
  version: 0.42.0
  what: judges-summary
  when: 2025-05-15 02:34:07.266059910 Z
- _id: 1
  _time: 2025-05-15 02:34:07.254829640 Z
  _version: 0.10.1/0.42.0/
  since: 2025-04-17 02:34:07.255028743 Z
  what: quality-of-service
  when: 2025-05-15 02:34:07.254989269 Z
- _id: 2
  _time: 2025-05-15 02:34:07.259237530 Z
  _version: 0.10.1/0.42.0/
  what: dimensions-of-terrain
  when: 2025-05-15 02:34:07.259313262 Z
- _id: 3
  _time: 2025-05-15 02:34:07.260593290 Z
  _version: 0.10.1/0.42.0/
  since: 2025-04-17 02:34:07.260689410 Z
  what: quantity-of-deliverables
  when: 2025-05-15 02:34:07.260667289 Z
