---
- added: 8
  cycles: 1
  deleted: 8
  inserted: 8
  seconds: 7.275292227
  version: 0.42.0
  what: judges-summary
  when: 2025-06-10 11:34:30.791673733 Z
- _id: 1
  _time: 2025-06-10 11:34:30.779370439 Z
  _version: 0.10.1/0.42.0/
  since: 2025-05-13 11:34:30.779554302 Z
  what: quality-of-service
  when: 2025-06-10 11:34:30.779515850 Z
- _id: 2
  _time: 2025-06-10 11:34:30.782008258 Z
  _version: 0.10.1/0.42.0/
  what: dimensions-of-terrain
  when: 2025-06-10 11:34:30.782082978 Z
- _id: 3
  _time: 2025-06-10 11:34:30.790814151 Z
  _version: 0.10.1/0.42.0/
  since: 2025-05-13 11:34:30.790915841 Z
  what: quantity-of-deliverables
  when: 2025-06-10 11:34:30.790892006 Z
