---
- added: 8
  cycles: 1
  deleted: 8
  inserted: 8
  seconds: 8.306026253
  version: 0.42.0
  what: judges-summary
  when: 2025-06-10 21:05:19.327685842 Z
- _id: 1
  _time: 2025-06-10 21:05:19.316993147 Z
  _version: 0.10.1/0.42.0/
  since: 2025-05-13 21:05:19.317173484 Z
  what: quality-of-service
  when: 2025-06-10 21:05:19.317136916 Z
- _id: 2
  _time: 2025-06-10 21:05:19.322834508 Z
  _version: 0.10.1/0.42.0/
  what: dimensions-of-terrain
  when: 2025-06-10 21:05:19.322965272 Z
- _id: 3
  _time: 2025-06-10 21:05:19.325133905 Z
  _version: 0.10.1/0.42.0/
  since: 2025-05-13 21:05:19.325232229 Z
  what: quantity-of-deliverables
  when: 2025-06-10 21:05:19.325209377 Z
