---
- added: 8
  cycles: 1
  deleted: 8
  inserted: 8
  seconds: 6.528431592
  version: 0.42.0
  what: judges-summary
  when: 2025-05-25 05:36:20.049363134 Z
- _id: 1
  _time: 2025-05-25 05:36:20.036886497 Z
  _version: 0.10.1/0.42.0/
  since: 2025-04-27 05:36:20.037092833 Z
  what: quantity-of-deliverables
  when: 2025-05-25 05:36:20.037053219 Z
- _id: 2
  _time: 2025-05-25 05:36:20.038607413 Z
  _version: 0.10.1/0.42.0/
  what: dimensions-of-terrain
  when: 2025-05-25 05:36:20.038713972 Z
- _id: 3
  _time: 2025-05-25 05:36:20.042367450 Z
  _version: 0.10.1/0.42.0/
  since: 2025-04-27 05:36:20.042502863 Z
  what: quality-of-service
  when: 2025-05-25 05:36:20.042471104 Z
