---
- added: 8
  cycles: 1
  deleted: 8
  inserted: 8
  seconds: 7.790682332
  version: 0.42.0
  what: judges-summary
  when: 2025-05-30 02:34:31.910100209 Z
- _id: 1
  _time: 2025-05-30 02:34:31.900855894 Z
  _version: 0.10.1/0.42.0/
  what: dimensions-of-terrain
  when: 2025-05-30 02:34:31.901001566 Z
- _id: 2
  _time: 2025-05-30 02:34:31.906614230 Z
  _version: 0.10.1/0.42.0/
  since: 2025-05-02 02:34:31.906755764 Z
  what: quality-of-service
  when: 2025-05-30 02:34:31.906722742 Z
- _id: 3
  _time: 2025-05-30 02:34:31.908379728 Z
  _version: 0.10.1/0.42.0/
  since: 2025-05-02 02:34:31.908483611 Z
  what: quantity-of-deliverables
  when: 2025-05-30 02:34:31.908459206 Z
