---
- added: 8
  cycles: 1
  deleted: 8
  inserted: 8
  seconds: 11.272746945
  version: 0.42.0
  what: judges-summary
  when: 2025-06-10 03:49:13.387767806 Z
- _id: 1
  _time: 2025-06-10 03:49:13.379830567 Z
  _version: 0.10.1/0.42.0/
  what: dimensions-of-terrain
  when: 2025-06-10 03:49:13.379973512 Z
- _id: 2
  _time: 2025-06-10 03:49:13.382062546 Z
  _version: 0.10.1/0.42.0/
  since: 2025-05-13 03:49:13.382195573 Z
  what: quantity-of-deliverables
  when: 2025-06-10 03:49:13.382162892 Z
- _id: 3
  _time: 2025-06-10 03:49:13.383486987 Z
  _version: 0.10.1/0.42.0/
  since: 2025-05-13 03:49:13.383615085 Z
  what: quality-of-service
  when: 2025-06-10 03:49:13.383584238 Z
