---
- added: 8
  cycles: 1
  deleted: 8
  inserted: 8
  seconds: 8.063649685
  version: 0.42.0
  what: judges-summary
  when: 2025-06-13 17:36:40.521081980 Z
- _id: 1
  _time: 2025-06-13 17:36:40.507165972 Z
  _version: 0.10.1/0.42.0/
  what: dimensions-of-terrain
  when: 2025-06-13 17:36:40.507342602 Z
- _id: 2
  _time: 2025-06-13 17:36:40.512342826 Z
  _version: 0.10.1/0.42.0/
  since: 2025-05-16 17:36:40.512519015 Z
  what: quantity-of-deliverables
  when: 2025-06-13 17:36:40.512484611 Z
- _id: 3
  _time: 2025-06-13 17:36:40.516777060 Z
  _version: 0.10.1/0.42.0/
  since: 2025-05-16 17:36:40.516914947 Z
  what: quality-of-service
  when: 2025-06-13 17:36:40.516881114 Z
