---
- added: 8
  cycles: 1
  deleted: 8
  inserted: 8
  seconds: 13.945802641
  version: 0.42.0
  what: judges-summary
  when: 2025-05-29 08:07:16.267008805 Z
- _id: 1
  _time: 2025-05-29 08:07:16.255753942 Z
  _version: 0.10.1/0.42.0/
  since: 2025-05-01 08:07:16.255935391 Z
  what: quantity-of-deliverables
  when: 2025-05-29 08:07:16.255898602 Z
- _id: 2
  _time: 2025-05-29 08:07:16.263439384 Z
  _version: 0.10.1/0.42.0/
  since: 2025-05-01 08:07:16.263577392 Z
  what: quality-of-service
  when: 2025-05-29 08:07:16.263544921 Z
- _id: 3
  _time: 2025-05-29 08:07:16.265011516 Z
  _version: 0.10.1/0.42.0/
  what: dimensions-of-terrain
  when: 2025-05-29 08:07:16.265092827 Z
