---
- added: 8
  cycles: 1
  deleted: 8
  inserted: 8
  seconds: 17.464189897
  version: 0.42.0
  what: judges-summary
  when: 2025-05-30 21:04:59.192192131 Z
- _id: 1
  _time: 2025-05-30 21:04:59.187007575 Z
  _version: 0.10.1/0.42.0/
  what: dimensions-of-terrain
  when: 2025-05-30 21:04:59.187203310 Z
- _id: 2
  _time: 2025-05-30 21:04:59.189432339 Z
  _version: 0.10.1/0.42.0/
  since: 2025-05-02 21:04:59.189569395 Z
  what: quantity-of-deliverables
  when: 2025-05-30 21:04:59.189536062 Z
- _id: 3
  _time: 2025-05-30 21:04:59.190798862 Z
  _version: 0.10.1/0.42.0/
  since: 2025-05-02 21:04:59.190931990 Z
  what: quality-of-service
  when: 2025-05-30 21:04:59.190899860 Z
