---
- added: 8
  cycles: 1
  deleted: 8
  inserted: 8
  seconds: 7.840031244
  version: 0.42.0
  what: judges-summary
  when: 2025-05-12 05:06:02.984206585 Z
- _id: 1
  _time: 2025-05-12 05:06:02.971643049 Z
  _version: 0.10.1/0.42.0/
  since: 2025-04-14 05:06:02.971826053 Z
  what: quality-of-service
  when: 2025-05-12 05:06:02.971788052 Z
- _id: 2
  _time: 2025-05-12 05:06:02.974315704 Z
  _version: 0.10.1/0.42.0/
  what: dimensions-of-terrain
  when: 2025-05-12 05:06:02.974427354 Z
- _id: 3
  _time: 2025-05-12 05:06:02.981828189 Z
  _version: 0.10.1/0.42.0/
  since: 2025-04-14 05:06:02.981927796 Z
  what: quantity-of-deliverables
  when: 2025-05-12 05:06:02.981905274 Z
