---
- added: 8
  cycles: 1
  deleted: 8
  inserted: 8
  seconds: 7.108672386
  version: 0.42.0
  what: judges-summary
  when: 2025-06-07 22:04:47.944598357 Z
- _id: 1
  _time: 2025-06-07 22:04:47.935380167 Z
  _version: 0.10.1/0.42.0/
  since: 2025-05-10 22:04:47.935559072 Z
  what: quality-of-service
  when: 2025-06-07 22:04:47.935523025 Z
- _id: 2
  _time: 2025-06-07 22:04:47.937827509 Z
  _version: 0.10.1/0.42.0/
  since: 2025-05-10 22:04:47.937933267 Z
  what: quantity-of-deliverables
  when: 2025-06-07 22:04:47.937910104 Z
- _id: 3
  _time: 2025-06-07 22:04:47.941652221 Z
  _version: 0.10.1/0.42.0/
  what: dimensions-of-terrain
  when: 2025-06-07 22:04:47.941728493 Z
