---
- added: 8
  cycles: 1
  deleted: 8
  inserted: 8
  seconds: 9.762137196
  version: 0.42.0
  what: judges-summary
  when: 2025-06-06 05:39:10.866486717 Z
- _id: 1
  _time: 2025-06-06 05:39:10.857467312 Z
  _version: 0.10.1/0.42.0/
  since: 2025-05-09 05:39:10.857651796 Z
  what: quantity-of-deliverables
  when: 2025-06-06 05:39:10.857614276 Z
- _id: 2
  _time: 2025-06-06 05:39:10.861605276 Z
  _version: 0.10.1/0.42.0/
  since: 2025-05-09 05:39:10.861767168 Z
  what: quality-of-service
  when: 2025-06-06 05:39:10.861711304 Z
- _id: 3
  _time: 2025-06-06 05:39:10.863230559 Z
  _version: 0.10.1/0.42.0/
  what: dimensions-of-terrain
  when: 2025-06-06 05:39:10.863305359 Z
