---
- added: 8
  cycles: 1
  deleted: 8
  inserted: 8
  seconds: 7.655208259
  version: 0.42.0
  what: judges-summary
  when: 2025-06-13 05:37:48.208560472 Z
- _id: 1
  _time: 2025-06-13 05:37:48.198625903 Z
  _version: 0.10.1/0.42.0/
  since: 2025-05-16 05:37:48.198812984 Z
  what: quality-of-service
  when: 2025-06-13 05:37:48.198775854 Z
- _id: 2
  _time: 2025-06-13 05:37:48.203617485 Z
  _version: 0.10.1/0.42.0/
  what: dimensions-of-terrain
  when: 2025-06-13 05:37:48.203695901 Z
- _id: 3
  _time: 2025-06-13 05:37:48.207647601 Z
  _version: 0.10.1/0.42.0/
  since: 2025-05-16 05:37:48.207746235 Z
  what: quantity-of-deliverables
  when: 2025-06-13 05:37:48.207723202 Z
