---
- added: 8
  cycles: 1
  deleted: 8
  inserted: 8
  seconds: 6.987761001
  version: 0.42.0
  what: judges-summary
  when: 2025-05-23 18:41:03.928389263 Z
- _id: 1
  _time: 2025-05-23 18:41:03.916749700 Z
  _version: 0.10.1/0.42.0/
  since: 2025-04-25 18:41:03.916946448 Z
  what: quality-of-service
  when: 2025-05-23 18:41:03.916909138 Z
- _id: 2
  _time: 2025-05-23 18:41:03.924508471 Z
  _version: 0.10.1/0.42.0/
  what: dimensions-of-terrain
  when: 2025-05-23 18:41:03.924585836 Z
- _id: 3
  _time: 2025-05-23 18:41:03.927420309 Z
  _version: 0.10.1/0.42.0/
  since: 2025-04-25 18:41:03.927521789 Z
  what: quantity-of-deliverables
  when: 2025-05-23 18:41:03.927498315 Z
