---
- added: 8
  cycles: 1
  deleted: 8
  inserted: 8
  seconds: 17.949828494
  version: 0.42.0
  what: judges-summary
  when: 2025-05-28 10:39:38.182060965 Z
- _id: 1
  _time: 2025-05-28 10:39:38.168877713 Z
  _version: 0.10.1/0.42.0/
  since: 2025-04-30 10:39:38.169067960 Z
  what: quantity-of-deliverables
  when: 2025-05-28 10:39:38.169030329 Z
- _id: 2
  _time: 2025-05-28 10:39:38.172051043 Z
  _version: 0.10.1/0.42.0/
  what: dimensions-of-terrain
  when: 2025-05-28 10:39:38.172163002 Z
- _id: 3
  _time: 2025-05-28 10:39:38.179556307 Z
  _version: 0.10.1/0.42.0/
  since: 2025-04-30 10:39:38.179712420 Z
  what: quality-of-service
  when: 2025-05-28 10:39:38.179677644 Z
