---
- added: 8
  cycles: 1
  deleted: 8
  inserted: 8
  seconds: 9.37906251
  version: 0.42.0
  what: judges-summary
  when: 2025-05-31 09:05:24.793390136 Z
- _id: 1
  _time: 2025-05-31 09:05:24.779294901 Z
  _version: 0.10.1/0.42.0/
  since: 2025-05-03 09:05:24.779477743 Z
  what: quantity-of-deliverables
  when: 2025-05-31 09:05:24.779441375 Z
- _id: 2
  _time: 2025-05-31 09:05:24.781042452 Z
  _version: 0.10.1/0.42.0/
  what: dimensions-of-terrain
  when: 2025-05-31 09:05:24.781152929 Z
- _id: 3
  _time: 2025-05-31 09:05:24.783497685 Z
  _version: 0.10.1/0.42.0/
  since: 2025-05-03 09:05:24.783634209 Z
  what: quality-of-service
  when: 2025-05-31 09:05:24.783600767 Z
