---
- added: 8
  cycles: 1
  deleted: 8
  inserted: 8
  seconds: 10.667770581
  version: 0.42.0
  what: judges-summary
  when: 2025-06-09 19:04:44.961263457 Z
- _id: 1
  _time: 2025-06-09 19:04:44.952648364 Z
  _version: 0.10.1/0.42.0/
  since: 2025-05-12 19:04:44.952873442 Z
  what: quality-of-service
  when: 2025-06-09 19:04:44.952833758 Z
- _id: 2
  _time: 2025-06-09 19:04:44.954833455 Z
  _version: 0.10.1/0.42.0/
  what: dimensions-of-terrain
  when: 2025-06-09 19:04:44.954989345 Z
- _id: 3
  _time: 2025-06-09 19:04:44.958962029 Z
  _version: 0.10.1/0.42.0/
  since: 2025-05-12 19:04:44.959172751 Z
  what: quantity-of-deliverables
  when: 2025-06-09 19:04:44.959120855 Z
