---
- added: 8
  cycles: 1
  deleted: 8
  inserted: 8
  seconds: 13.947442226
  version: 0.42.0
  what: judges-summary
  when: 2025-05-16 12:46:35.259579760 Z
- _id: 1
  _time: 2025-05-16 12:46:35.251770423 Z
  _version: 0.10.1/0.42.0/
  since: 2025-04-18 12:46:35.251953776 Z
  what: quality-of-service
  when: 2025-05-16 12:46:35.251916095 Z
- _id: 2
  _time: 2025-05-16 12:46:35.257100516 Z
  _version: 0.10.1/0.42.0/
  what: dimensions-of-terrain
  when: 2025-05-16 12:46:35.257213396 Z
- _id: 3
  _time: 2025-05-16 12:46:35.258670210 Z
  _version: 0.10.1/0.42.0/
  since: 2025-04-18 12:46:35.258768784 Z
  what: quantity-of-deliverables
  when: 2025-05-16 12:46:35.258745861 Z
