---
- added: 8
  cycles: 1
  deleted: 8
  inserted: 8
  seconds: 7.397933446
  version: 0.42.0
  what: judges-summary
  when: 2025-06-05 21:05:05.791935397 Z
- _id: 1
  _time: 2025-06-05 21:05:05.780752690 Z
  _version: 0.10.1/0.42.0/
  since: 2025-05-08 21:05:05.780938237 Z
  what: quantity-of-deliverables
  when: 2025-06-05 21:05:05.780901268 Z
- _id: 2
  _time: 2025-06-05 21:05:05.782178111 Z
  _version: 0.10.1/0.42.0/
  what: dimensions-of-terrain
  when: 2025-06-05 21:05:05.782283448 Z
- _id: 3
  _time: 2025-06-05 21:05:05.790600795 Z
  _version: 0.10.1/0.42.0/
  since: 2025-05-08 21:05:05.790739524 Z
  what: quality-of-service
  when: 2025-06-05 21:05:05.790706232 Z
