---
- added: 8
  cycles: 1
  deleted: 8
  inserted: 8
  seconds: 8.111158681
  version: 0.42.0
  what: judges-summary
  when: 2025-05-28 07:35:24.920806058 Z
- _id: 1
  _time: 2025-05-28 07:35:24.908214782 Z
  _version: 0.10.1/0.42.0/
  what: dimensions-of-terrain
  when: 2025-05-28 07:35:24.908368893 Z
- _id: 2
  _time: 2025-05-28 07:35:24.913362761 Z
  _version: 0.10.1/0.42.0/
  since: 2025-04-30 07:35:24.913502445 Z
  what: quality-of-service
  when: 2025-05-28 07:35:24.913469232 Z
- _id: 3
  _time: 2025-05-28 07:35:24.917329993 Z
  _version: 0.10.1/0.42.0/
  since: 2025-04-30 07:35:24.917428579 Z
  what: quantity-of-deliverables
  when: 2025-05-28 07:35:24.917405596 Z
