---
- added: 8
  cycles: 1
  deleted: 8
  inserted: 8
  seconds: 9.808148506
  version: 0.42.0
  what: judges-summary
  when: 2025-06-04 04:41:05.459270288 Z
- _id: 1
  _time: 2025-06-04 04:41:05.449199715 Z
  _version: 0.10.1/0.42.0/
  since: 2025-05-07 04:41:05.449408016 Z
  what: quality-of-service
  when: 2025-06-04 04:41:05.449370666 Z
- _id: 2
  _time: 2025-06-04 04:41:05.452921722 Z
  _version: 0.10.1/0.42.0/
  what: dimensions-of-terrain
  when: 2025-06-04 04:41:05.452997184 Z
- _id: 3
  _time: 2025-06-04 04:41:05.458349850 Z
  _version: 0.10.1/0.42.0/
  since: 2025-05-07 04:41:05.458452833 Z
  what: quantity-of-deliverables
  when: 2025-06-04 04:41:05.458428868 Z
