---
- added: 8
  cycles: 1
  deleted: 8
  inserted: 8
  seconds: 13.265449119
  version: 0.42.0
  what: judges-summary
  when: 2025-06-10 05:38:08.159706048 Z
- _id: 1
  _time: 2025-06-10 05:38:08.148776801 Z
  _version: 0.10.1/0.42.0/
  what: dimensions-of-terrain
  when: 2025-06-10 05:38:08.148920088 Z
- _id: 2
  _time: 2025-06-10 05:38:08.153236540 Z
  _version: 0.10.1/0.42.0/
  since: 2025-05-13 05:38:08.153376630 Z
  what: quality-of-service
  when: 2025-06-10 05:38:08.153343489 Z
- _id: 3
  _time: 2025-06-10 05:38:08.157576062 Z
  _version: 0.10.1/0.42.0/
  since: 2025-05-13 05:38:08.157674855 Z
  what: quantity-of-deliverables
  when: 2025-06-10 05:38:08.157651792 Z
