---
- added: 8
  cycles: 1
  deleted: 8
  inserted: 8
  seconds: 17.094668639
  version: 0.42.0
  what: judges-summary
  when: 2025-06-07 19:04:44.529648628 Z
- _id: 1
  _time: 2025-06-07 19:04:44.516780548 Z
  _version: 0.10.1/0.42.0/
  since: 2025-05-10 19:04:44.516997733 Z
  what: quantity-of-deliverables
  when: 2025-06-07 19:04:44.516943271 Z
- _id: 2
  _time: 2025-06-07 19:04:44.518672828 Z
  _version: 0.10.1/0.42.0/
  what: dimensions-of-terrain
  when: 2025-06-07 19:04:44.518779647 Z
- _id: 3
  _time: 2025-06-07 19:04:44.524469635 Z
  _version: 0.10.1/0.42.0/
  since: 2025-05-10 19:04:44.524615106 Z
  what: quality-of-service
  when: 2025-06-07 19:04:44.524583117 Z
