---
- added: 8
  cycles: 1
  deleted: 8
  inserted: 8
  seconds: 7.500771776
  version: 0.42.0
  what: judges-summary
  when: 2025-05-26 12:46:17.420979724 Z
- _id: 1
  _time: 2025-05-26 12:46:17.410870031 Z
  _version: 0.10.1/0.42.0/
  what: dimensions-of-terrain
  when: 2025-05-26 12:46:17.411031575 Z
- _id: 2
  _time: 2025-05-26 12:46:17.413231132 Z
  _version: 0.10.1/0.42.0/
  since: 2025-04-28 12:46:17.413373850 Z
  what: quantity-of-deliverables
  when: 2025-05-26 12:46:17.413340027 Z
- _id: 3
  _time: 2025-05-26 12:46:17.416887258 Z
  _version: 0.10.1/0.42.0/
  since: 2025-04-28 12:46:17.417034284 Z
  what: quality-of-service
  when: 2025-05-26 12:46:17.417000361 Z
