---
- added: 8
  cycles: 1
  deleted: 8
  inserted: 8
  seconds: 8.046062436
  version: 0.42.0
  what: judges-summary
  when: 2025-06-10 22:05:27.549930873 Z
- _id: 1
  _time: 2025-06-10 22:05:27.541145174 Z
  _version: 0.10.1/0.42.0/
  what: dimensions-of-terrain
  when: 2025-06-10 22:05:27.541298371 Z
- _id: 2
  _time: 2025-06-10 22:05:27.543429861 Z
  _version: 0.10.1/0.42.0/
  since: 2025-05-13 22:05:27.543567239 Z
  what: quality-of-service
  when: 2025-06-10 22:05:27.543533836 Z
- _id: 3
  _time: 2025-06-10 22:05:27.545750516 Z
  _version: 0.10.1/0.42.0/
  since: 2025-05-13 22:05:27.545920554 Z
  what: quantity-of-deliverables
  when: 2025-06-10 22:05:27.545880059 Z
