---
- added: 8
  cycles: 1
  deleted: 8
  inserted: 8
  seconds: 17.905029603
  version: 0.42.0
  what: judges-summary
  when: 2025-05-16 18:40:42.827934499 Z
- _id: 1
  _time: 2025-05-16 18:40:42.820280920 Z
  _version: 0.10.1/0.42.0/
  since: 2025-04-18 18:40:42.820458962 Z
  what: quality-of-service
  when: 2025-05-16 18:40:42.820422203 Z
- _id: 2
  _time: 2025-05-16 18:40:42.823890770 Z
  _version: 0.10.1/0.42.0/
  since: 2025-04-18 18:40:42.823989705 Z
  what: quantity-of-deliverables
  when: 2025-05-16 18:40:42.823966181 Z
- _id: 3
  _time: 2025-05-16 18:40:42.825197709 Z
  _version: 0.10.1/0.42.0/
  what: dimensions-of-terrain
  when: 2025-05-16 18:40:42.825272689 Z
