---
- added: 8
  cycles: 1
  deleted: 8
  inserted: 8
  seconds: 8.743391422
  version: 0.42.0
  what: judges-summary
  when: 2025-06-03 22:05:33.696627121 Z
- _id: 1
  _time: 2025-06-03 22:05:33.684201847 Z
  _version: 0.10.1/0.42.0/
  since: 2025-05-06 22:05:33.684386902 Z
  what: quality-of-service
  when: 2025-06-03 22:05:33.684348871 Z
- _id: 2
  _time: 2025-06-03 22:05:33.686594447 Z
  _version: 0.10.1/0.42.0/
  since: 2025-05-06 22:05:33.686689674 Z
  what: quantity-of-deliverables
  when: 2025-06-03 22:05:33.686667754 Z
- _id: 3
  _time: 2025-06-03 22:05:33.688136682 Z
  _version: 0.10.1/0.42.0/
  what: dimensions-of-terrain
  when: 2025-06-03 22:05:33.688212723 Z
