---
- added: 8
  cycles: 1
  deleted: 8
  inserted: 8
  seconds: 9.59107894
  version: 0.42.0
  what: judges-summary
  when: 2025-05-24 00:49:21.734598787 Z
- _id: 1
  _time: 2025-05-24 00:49:21.720653522 Z
  _version: 0.10.1/0.42.0/
  what: dimensions-of-terrain
  when: 2025-05-24 00:49:21.720831281 Z
- _id: 2
  _time: 2025-05-24 00:49:21.724182848 Z
  _version: 0.10.1/0.42.0/
  since: 2025-04-26 00:49:21.724324330 Z
  what: quality-of-service
  when: 2025-05-24 00:49:21.724290858 Z
- _id: 3
  _time: 2025-05-24 00:49:21.732453019 Z
  _version: 0.10.1/0.42.0/
  since: 2025-04-26 00:49:21.732560428 Z
  what: quantity-of-deliverables
  when: 2025-05-24 00:49:21.732536754 Z
