---
- added: 8
  cycles: 1
  deleted: 8
  inserted: 8
  seconds: 7.493825391
  version: 0.42.0
  what: judges-summary
  when: 2025-06-15 06:40:45.789584734 Z
- _id: 1
  _time: 2025-06-15 06:40:45.778872460 Z
  _version: 0.10.1/0.42.0/
  what: dimensions-of-terrain
  when: 2025-06-15 06:40:45.779018023 Z
- _id: 2
  _time: 2025-06-15 06:40:45.781972718 Z
  _version: 0.10.1/0.42.0/
  since: 2025-05-18 06:40:45.782109575 Z
  what: quality-of-service
  when: 2025-06-15 06:40:45.782075972 Z
- _id: 3
  _time: 2025-06-15 06:40:45.787021962 Z
  _version: 0.10.1/0.42.0/
  since: 2025-05-18 06:40:45.787120036 Z
  what: quantity-of-deliverables
  when: 2025-06-15 06:40:45.787096943 Z
