---
- added: 8
  cycles: 1
  deleted: 8
  inserted: 8
  seconds: 7.707229771
  version: 0.42.0
  what: judges-summary
  when: 2025-06-08 23:05:17.972269462 Z
- _id: 1
  _time: 2025-06-08 23:05:17.960751683 Z
  _version: 0.10.1/0.42.0/
  since: 2025-05-11 23:05:17.960939446 Z
  what: quality-of-service
  when: 2025-06-08 23:05:17.960901475 Z
- _id: 2
  _time: 2025-06-08 23:05:17.968545335 Z
  _version: 0.10.1/0.42.0/
  since: 2025-05-11 23:05:17.968644731 Z
  what: quantity-of-deliverables
  when: 2025-06-08 23:05:17.968622219 Z
- _id: 3
  _time: 2025-06-08 23:05:17.969725031 Z
  _version: 0.10.1/0.42.0/
  what: dimensions-of-terrain
  when: 2025-06-08 23:05:17.969798108 Z
