---
- added: 8
  cycles: 1
  deleted: 8
  inserted: 8
  seconds: 12.864258839
  version: 0.42.0
  what: judges-summary
  when: 2025-05-25 21:04:44.298974085 Z
- _id: 1
  _time: 2025-05-25 21:04:44.285975062 Z
  _version: 0.10.1/0.42.0/
  since: 2025-04-27 21:04:44.286161472 Z
  what: quantity-of-deliverables
  when: 2025-05-25 21:04:44.286123792 Z
- _id: 2
  _time: 2025-05-25 21:04:44.288469687 Z
  _version: 0.10.1/0.42.0/
  what: dimensions-of-terrain
  when: 2025-05-25 21:04:44.288575536 Z
- _id: 3
  _time: 2025-05-25 21:04:44.290869347 Z
  _version: 0.10.1/0.42.0/
  since: 2025-04-27 21:04:44.291005783 Z
  what: quality-of-service
  when: 2025-05-25 21:04:44.290972981 Z
