---
- added: 8
  cycles: 1
  deleted: 8
  inserted: 8
  seconds: 13.249353544
  version: 0.42.0
  what: judges-summary
  when: 2025-05-26 03:47:03.279792632 Z
- _id: 1
  _time: 2025-05-26 03:47:03.272015642 Z
  _version: 0.10.1/0.42.0/
  since: 2025-04-28 03:47:03.272206920 Z
  what: quality-of-service
  when: 2025-05-26 03:47:03.272167626 Z
- _id: 2
  _time: 2025-05-26 03:47:03.275677633 Z
  _version: 0.10.1/0.42.0/
  since: 2025-04-28 03:47:03.275779514 Z
  what: quantity-of-deliverables
  when: 2025-05-26 03:47:03.275756380 Z
- _id: 3
  _time: 2025-05-26 03:47:03.278896195 Z
  _version: 0.10.1/0.42.0/
  what: dimensions-of-terrain
  when: 2025-05-26 03:47:03.278972788 Z
