---
- added: 8
  cycles: 1
  deleted: 8
  inserted: 8
  seconds: 8.232767976
  version: 0.42.0
  what: judges-summary
  when: 2025-06-13 08:40:30.250844905 Z
- _id: 1
  _time: 2025-06-13 08:40:30.242163676 Z
  _version: 0.10.1/0.42.0/
  what: dimensions-of-terrain
  when: 2025-06-13 08:40:30.242328887 Z
- _id: 2
  _time: 2025-06-13 08:40:30.244668021 Z
  _version: 0.10.1/0.42.0/
  since: 2025-05-16 08:40:30.244818854 Z
  what: quantity-of-deliverables
  when: 2025-06-13 08:40:30.244781604 Z
- _id: 3
  _time: 2025-06-13 08:40:30.249236935 Z
  _version: 0.10.1/0.42.0/
  since: 2025-05-16 08:40:30.249379973 Z
  what: quality-of-service
  when: 2025-06-13 08:40:30.249345238 Z
