---
- added: 8
  cycles: 1
  deleted: 8
  inserted: 8
  seconds: 7.836491844
  version: 0.42.0
  what: judges-summary
  when: 2025-06-02 10:39:33.170890274 Z
- _id: 1
  _time: 2025-06-02 10:39:33.159502410 Z
  _version: 0.10.1/0.42.0/
  what: dimensions-of-terrain
  when: 2025-06-02 10:39:33.159653643 Z
- _id: 2
  _time: 2025-06-02 10:39:33.162928358 Z
  _version: 0.10.1/0.42.0/
  since: 2025-05-05 10:39:33.163068109 Z
  what: quality-of-service
  when: 2025-06-02 10:39:33.163033945 Z
- _id: 3
  _time: 2025-06-02 10:39:33.165653109 Z
  _version: 0.10.1/0.42.0/
  since: 2025-05-05 10:39:33.165755299 Z
  what: quantity-of-deliverables
  when: 2025-06-02 10:39:33.165731264 Z
