---
- added: 8
  cycles: 1
  deleted: 8
  inserted: 8
  seconds: 7.321380624
  version: 0.42.0
  what: judges-summary
  when: 2025-05-13 04:06:59.263110592 Z
- _id: 1
  _time: 2025-05-13 04:06:59.259222739 Z
  _version: 0.10.1/0.42.0/
  since: 2025-04-15 04:06:59.259407384 Z
  what: quantity-of-deliverables
  when: 2025-05-13 04:06:59.259369824 Z
- _id: 2
  _time: 2025-05-13 04:06:59.260706866 Z
  _version: 0.10.1/0.42.0/
  since: 2025-04-15 04:06:59.260838954 Z
  what: quality-of-service
  when: 2025-05-13 04:06:59.260805571 Z
- _id: 3
  _time: 2025-05-13 04:06:59.262255732 Z
  _version: 0.10.1/0.42.0/
  what: dimensions-of-terrain
  when: 2025-05-13 04:06:59.262330822 Z
