---
- added: 8
  cycles: 1
  deleted: 8
  inserted: 8
  seconds: 17.433823887
  version: 0.42.0
  what: judges-summary
  when: 2025-05-30 12:46:44.788630598 Z
- _id: 1
  _time: 2025-05-30 12:46:44.775818885 Z
  _version: 0.10.1/0.42.0/
  since: 2025-05-02 12:46:44.776006674 Z
  what: quantity-of-deliverables
  when: 2025-05-30 12:46:44.775969145 Z
- _id: 2
  _time: 2025-05-30 12:46:44.777571723 Z
  _version: 0.10.1/0.42.0/
  what: dimensions-of-terrain
  when: 2025-05-30 12:46:44.777674454 Z
- _id: 3
  _time: 2025-05-30 12:46:44.781740249 Z
  _version: 0.10.1/0.42.0/
  since: 2025-05-02 12:46:44.781874037 Z
  what: quality-of-service
  when: 2025-05-30 12:46:44.781841347 Z
