---
- added: 8
  cycles: 1
  deleted: 8
  inserted: 8
  seconds: 7.035887148
  version: 0.42.0
  what: judges-summary
  when: 2025-06-13 10:39:29.117740142 Z
- _id: 1
  _time: 2025-06-13 10:39:29.107940085 Z
  _version: 0.10.1/0.42.0/
  since: 2025-05-16 10:39:29.108123890 Z
  what: quantity-of-deliverables
  when: 2025-06-13 10:39:29.108085999 Z
- _id: 2
  _time: 2025-06-13 10:39:29.111896943 Z
  _version: 0.10.1/0.42.0/
  what: dimensions-of-terrain
  when: 2025-06-13 10:39:29.112023220 Z
- _id: 3
  _time: 2025-06-13 10:39:29.113374156 Z
  _version: 0.10.1/0.42.0/
  since: 2025-05-16 10:39:29.113504371 Z
  what: quality-of-service
  when: 2025-06-13 10:39:29.113472721 Z
