---
- added: 8
  cycles: 1
  deleted: 8
  inserted: 8
  seconds: 9.731326586
  version: 0.42.0
  what: judges-summary
  when: 2025-05-28 21:34:45.105445730 Z
- _id: 1
  _time: 2025-05-28 21:34:45.101388560 Z
  _version: 0.10.1/0.42.0/
  since: 2025-04-30 21:34:45.101581861 Z
  what: quantity-of-deliverables
  when: 2025-05-28 21:34:45.101543580 Z
- _id: 2
  _time: 2025-05-28 21:34:45.102683636 Z
  _version: 0.10.1/0.42.0/
  what: dimensions-of-terrain
  when: 2025-05-28 21:34:45.102785897 Z
- _id: 3
  _time: 2025-05-28 21:34:45.104093956 Z
  _version: 0.10.1/0.42.0/
  since: 2025-04-30 21:34:45.104231984 Z
  what: quality-of-service
  when: 2025-05-28 21:34:45.104199333 Z
