---
- added: 8
  cycles: 1
  deleted: 8
  inserted: 8
  seconds: 17.874143625
  version: 0.42.0
  what: judges-summary
  when: 2025-06-10 21:36:02.583343675 Z
- _id: 1
  _time: 2025-06-10 21:36:02.573557244 Z
  _version: 0.10.1/0.42.0/
  since: 2025-05-13 21:36:02.573737070 Z
  what: quality-of-service
  when: 2025-06-10 21:36:02.573699400 Z
- _id: 2
  _time: 2025-06-10 21:36:02.575589159 Z
  _version: 0.10.1/0.42.0/
  what: dimensions-of-terrain
  when: 2025-06-10 21:36:02.575664571 Z
- _id: 3
  _time: 2025-06-10 21:36:02.580590073 Z
  _version: 0.10.1/0.42.0/
  since: 2025-05-13 21:36:02.580688708 Z
  what: quantity-of-deliverables
  when: 2025-06-10 21:36:02.580666386 Z
