---
- added: 8
  cycles: 1
  deleted: 8
  inserted: 8
  seconds: 9.720667549
  version: 0.42.0
  what: judges-summary
  when: 2025-06-01 11:33:51.750523833 Z
- _id: 1
  _time: 2025-06-01 11:33:51.740444716 Z
  _version: 0.10.1/0.42.0/
  since: 2025-05-04 11:33:51.740627798 Z
  what: quantity-of-deliverables
  when: 2025-06-01 11:33:51.740592853 Z
- _id: 2
  _time: 2025-06-01 11:33:51.746795170 Z
  _version: 0.10.1/0.42.0/
  since: 2025-05-04 11:33:51.746931135 Z
  what: quality-of-service
  when: 2025-06-01 11:33:51.746898924 Z
- _id: 3
  _time: 2025-06-01 11:33:51.749624561 Z
  _version: 0.10.1/0.42.0/
  what: dimensions-of-terrain
  when: 2025-06-01 11:33:51.749700633 Z
