---
- added: 8
  cycles: 1
  deleted: 8
  inserted: 8
  seconds: 7.844771076
  version: 0.42.0
  what: judges-summary
  when: 2025-05-16 21:34:40.683882861 Z
- _id: 1
  _time: 2025-05-16 21:34:40.678591767 Z
  _version: 0.10.1/0.42.0/
  since: 2025-04-18 21:34:40.678786560 Z
  what: quantity-of-deliverables
  when: 2025-05-16 21:34:40.678748208 Z
- _id: 2
  _time: 2025-05-16 21:34:40.680999368 Z
  _version: 0.10.1/0.42.0/
  what: dimensions-of-terrain
  when: 2025-05-16 21:34:40.681110094 Z
- _id: 3
  _time: 2025-05-16 21:34:40.682499098 Z
  _version: 0.10.1/0.42.0/
  since: 2025-04-18 21:34:40.682631645 Z
  what: quality-of-service
  when: 2025-05-16 21:34:40.682599776 Z
