---
- added: 8
  cycles: 1
  deleted: 8
  inserted: 8
  seconds: 19.069864199
  version: 0.42.0
  what: judges-summary
  when: 2025-06-12 17:37:21.723434861 Z
- _id: 1
  _time: 2025-06-12 17:37:21.717414154 Z
  _version: 0.10.1/0.42.0/
  since: 2025-05-15 17:37:21.717607447 Z
  what: quantity-of-deliverables
  when: 2025-06-12 17:37:21.717568684 Z
- _id: 2
  _time: 2025-06-12 17:37:21.719029478 Z
  _version: 0.10.1/0.42.0/
  since: 2025-05-15 17:37:21.719170352 Z
  what: quality-of-service
  when: 2025-06-12 17:37:21.719135366 Z
- _id: 3
  _time: 2025-06-12 17:37:21.722419546 Z
  _version: 0.10.1/0.42.0/
  what: dimensions-of-terrain
  when: 2025-06-12 17:37:21.722503093 Z
