---
- added: 8
  cycles: 1
  deleted: 8
  inserted: 8
  seconds: 13.838687102
  version: 0.42.0
  what: judges-summary
  when: 2025-06-06 21:04:58.561933036 Z
- _id: 1
  _time: 2025-06-06 21:04:58.553007123 Z
  _version: 0.10.1/0.42.0/
  since: 2025-05-09 21:04:58.553194154 Z
  what: quality-of-service
  when: 2025-06-06 21:04:58.553155642 Z
- _id: 2
  _time: 2025-06-06 21:04:58.556160963 Z
  _version: 0.10.1/0.42.0/
  what: dimensions-of-terrain
  when: 2025-06-06 21:04:58.556297519 Z
- _id: 3
  _time: 2025-06-06 21:04:58.561028853 Z
  _version: 0.10.1/0.42.0/
  since: 2025-05-09 21:04:58.561129942 Z
  what: quantity-of-deliverables
  when: 2025-06-06 21:04:58.561106147 Z
