---
- added: 8
  cycles: 1
  deleted: 8
  inserted: 8
  seconds: 7.590327087
  version: 0.42.0
  what: judges-summary
  when: 2025-05-21 22:37:25.735349002 Z
- _id: 1
  _time: 2025-05-21 22:37:25.722944736 Z
  _version: 0.10.1/0.42.0/
  since: 2025-04-23 22:37:25.723150410 Z
  what: quality-of-service
  when: 2025-05-21 22:37:25.723111667 Z
- _id: 2
  _time: 2025-05-21 22:37:25.725474378 Z
  _version: 0.10.1/0.42.0/
  since: 2025-04-23 22:37:25.725573122 Z
  what: quantity-of-deliverables
  when: 2025-05-21 22:37:25.725550019 Z
- _id: 3
  _time: 2025-05-21 22:37:25.734445124 Z
  _version: 0.10.1/0.42.0/
  what: dimensions-of-terrain
  when: 2025-05-21 22:37:25.734521106 Z
