---
- added: 8
  cycles: 1
  deleted: 8
  inserted: 8
  seconds: 10.091841949
  version: 0.42.0
  what: judges-summary
  when: 2025-05-14 21:04:52.056062472 Z
- _id: 1
  _time: 2025-05-14 21:04:52.042553011 Z
  _version: 0.10.1/0.42.0/
  what: dimensions-of-terrain
  when: 2025-05-14 21:04:52.042705998 Z
- _id: 2
  _time: 2025-05-14 21:04:52.045988660 Z
  _version: 0.10.1/0.42.0/
  since: 2025-04-16 21:04:52.046127300 Z
  what: quality-of-service
  when: 2025-05-14 21:04:52.046094228 Z
- _id: 3
  _time: 2025-05-14 21:04:52.052364933 Z
  _version: 0.10.1/0.42.0/
  since: 2025-04-16 21:04:52.052466594 Z
  what: quantity-of-deliverables
  when: 2025-05-14 21:04:52.052443560 Z
