---
- added: 8
  cycles: 1
  deleted: 8
  inserted: 8
  seconds: 18.012584194
  version: 0.42.0
  what: judges-summary
  when: 2025-06-04 10:39:42.873946516 Z
- _id: 1
  _time: 2025-06-04 10:39:42.863386556 Z
  _version: 0.10.1/0.42.0/
  since: 2025-05-07 10:39:42.863573287 Z
  what: quantity-of-deliverables
  when: 2025-06-04 10:39:42.863535856 Z
- _id: 2
  _time: 2025-06-04 10:39:42.869662912 Z
  _version: 0.10.1/0.42.0/
  since: 2025-05-07 10:39:42.869804588 Z
  what: quality-of-service
  when: 2025-06-04 10:39:42.869771246 Z
- _id: 3
  _time: 2025-06-04 10:39:42.871988015 Z
  _version: 0.10.1/0.42.0/
  what: dimensions-of-terrain
  when: 2025-06-04 10:39:42.872103702 Z
