---
- added: 8
  cycles: 1
  deleted: 8
  inserted: 8
  seconds: 17.671694533
  version: 0.42.0
  what: judges-summary
  when: 2025-05-12 15:38:28.834285643 Z
- _id: 1
  _time: 2025-05-12 15:38:28.819963067 Z
  _version: 0.10.1/0.42.0/
  what: dimensions-of-terrain
  when: 2025-05-12 15:38:28.820112036 Z
- _id: 2
  _time: 2025-05-12 15:38:28.830839751 Z
  _version: 0.10.1/0.42.0/
  since: 2025-04-14 15:38:28.831036027 Z
  what: quantity-of-deliverables
  when: 2025-05-12 15:38:28.830999640 Z
- _id: 3
  _time: 2025-05-12 15:38:28.832317029 Z
  _version: 0.10.1/0.42.0/
  since: 2025-04-14 15:38:28.832490112 Z
  what: quality-of-service
  when: 2025-05-12 15:38:28.832456669 Z
