---
- added: 8
  cycles: 1
  deleted: 8
  inserted: 8
  seconds: 9.915554556
  version: 0.42.0
  what: judges-summary
  when: 2025-06-01 19:33:55.130880308 Z
- _id: 1
  _time: 2025-06-01 19:33:55.120259439 Z
  _version: 0.10.1/0.42.0/
  what: dimensions-of-terrain
  when: 2025-06-01 19:33:55.120410589 Z
- _id: 2
  _time: 2025-06-01 19:33:55.125231205 Z
  _version: 0.10.1/0.42.0/
  since: 2025-05-04 19:33:55.125371265 Z
  what: quality-of-service
  when: 2025-06-01 19:33:55.125337643 Z
- _id: 3
  _time: 2025-06-01 19:33:55.129967987 Z
  _version: 0.10.1/0.42.0/
  since: 2025-05-04 19:33:55.130103317 Z
  what: quantity-of-deliverables
  when: 2025-06-01 19:33:55.130079093 Z
