---
- added: 8
  cycles: 1
  deleted: 8
  inserted: 8
  seconds: 7.651914474
  version: 0.42.0
  what: judges-summary
  when: 2025-05-26 17:04:47.345451704 Z
- _id: 1
  _time: 2025-05-26 17:04:47.331915886 Z
  _version: 0.10.1/0.42.0/
  what: dimensions-of-terrain
  when: 2025-05-26 17:04:47.332068740 Z
- _id: 2
  _time: 2025-05-26 17:04:47.341743307 Z
  _version: 0.10.1/0.42.0/
  since: 2025-04-28 17:04:47.341889569 Z
  what: quality-of-service
  when: 2025-05-26 17:04:47.341855646 Z
- _id: 3
  _time: 2025-05-26 17:04:47.344596243 Z
  _version: 0.10.1/0.42.0/
  since: 2025-04-28 17:04:47.344694836 Z
  what: quantity-of-deliverables
  when: 2025-05-26 17:04:47.344672254 Z
