---
- added: 8
  cycles: 1
  deleted: 8
  inserted: 8
  seconds: 7.031701883
  version: 0.42.0
  what: judges-summary
  when: 2025-06-14 06:06:26.658763328 Z
- _id: 1
  _time: 2025-06-14 06:06:26.647687870 Z
  _version: 0.10.1/0.42.0/
  since: 2025-05-17 06:06:26.647979497 Z
  what: quantity-of-deliverables
  when: 2025-06-14 06:06:26.647928752 Z
- _id: 2
  _time: 2025-06-14 06:06:26.649269496 Z
  _version: 0.10.1/0.42.0/
  since: 2025-05-17 06:06:26.649439735 Z
  what: quality-of-service
  when: 2025-06-14 06:06:26.649373070 Z
- _id: 3
  _time: 2025-06-14 06:06:26.653163149 Z
  _version: 0.10.1/0.42.0/
  what: dimensions-of-terrain
  when: 2025-06-14 06:06:26.653292091 Z
