---
- added: 8
  cycles: 1
  deleted: 8
  inserted: 8
  seconds: 7.696164595
  version: 0.42.0
  what: judges-summary
  when: 2025-05-20 21:35:47.626578197 Z
- _id: 1
  _time: 2025-05-20 21:35:47.615217332 Z
  _version: 0.10.1/0.42.0/
  since: 2025-04-22 21:35:47.615420341 Z
  what: quantity-of-deliverables
  when: 2025-05-20 21:35:47.615383212 Z
- _id: 2
  _time: 2025-05-20 21:35:47.616893374 Z
  _version: 0.10.1/0.42.0/
  what: dimensions-of-terrain
  when: 2025-05-20 21:35:47.616994494 Z
- _id: 3
  _time: 2025-05-20 21:35:47.621737008 Z
  _version: 0.10.1/0.42.0/
  since: 2025-04-22 21:35:47.621870858 Z
  what: quality-of-service
  when: 2025-05-20 21:35:47.621839069 Z
