---
- added: 8
  cycles: 1
  deleted: 8
  inserted: 8
  seconds: 13.486728733
  version: 0.42.0
  what: judges-summary
  when: 2025-05-27 01:33:18.882644779 Z
- _id: 1
  _time: 2025-05-27 01:33:18.873911664 Z
  _version: 0.10.1/0.42.0/
  what: dimensions-of-terrain
  when: 2025-05-27 01:33:18.874059230 Z
- _id: 2
  _time: 2025-05-27 01:33:18.876976964 Z
  _version: 0.10.1/0.42.0/
  since: 2025-04-29 01:33:18.877113740 Z
  what: quality-of-service
  when: 2025-05-27 01:33:18.877079687 Z
- _id: 3
  _time: 2025-05-27 01:33:18.878850399 Z
  _version: 0.10.1/0.42.0/
  since: 2025-04-29 01:33:18.878955686 Z
  what: quantity-of-deliverables
  when: 2025-05-27 01:33:18.878931921 Z
