---
- added: 8
  cycles: 1
  deleted: 8
  inserted: 8
  seconds: 7.852052481
  version: 0.42.0
  what: judges-summary
  when: 2025-06-07 07:05:18.488496695 Z
- _id: 1
  _time: 2025-06-07 07:05:18.479916043 Z
  _version: 0.10.1/0.42.0/
  since: 2025-05-10 07:05:18.480144962 Z
  what: quality-of-service
  when: 2025-06-07 07:05:18.480103714 Z
- _id: 2
  _time: 2025-06-07 07:05:18.481769554 Z
  _version: 0.10.1/0.42.0/
  what: dimensions-of-terrain
  when: 2025-06-07 07:05:18.481845497 Z
- _id: 3
  _time: 2025-06-07 07:05:18.486428752 Z
  _version: 0.10.1/0.42.0/
  since: 2025-05-10 07:05:18.486527927 Z
  what: quantity-of-deliverables
  when: 2025-06-07 07:05:18.486504964 Z
