---
- added: 8
  cycles: 1
  deleted: 8
  inserted: 8
  seconds: 8.554416534
  version: 0.42.0
  what: judges-summary
  when: 2025-05-28 00:49:17.388981686 Z
- _id: 1
  _time: 2025-05-28 00:49:17.377008736 Z
  _version: 0.10.1/0.42.0/
  since: 2025-04-30 00:49:17.377199212 Z
  what: quality-of-service
  when: 2025-05-28 00:49:17.377160370 Z
- _id: 2
  _time: 2025-05-28 00:49:17.380285121 Z
  _version: 0.10.1/0.42.0/
  since: 2025-04-30 00:49:17.380386701 Z
  what: quantity-of-deliverables
  when: 2025-05-28 00:49:17.380362406 Z
- _id: 3
  _time: 2025-05-28 00:49:17.381807457 Z
  _version: 0.10.1/0.42.0/
  what: dimensions-of-terrain
  when: 2025-05-28 00:49:17.381883349 Z
