---
- added: 8
  cycles: 1
  deleted: 8
  inserted: 8
  seconds: 17.584984403
  version: 0.42.0
  what: judges-summary
  when: 2025-05-29 06:42:25.775255179 Z
- _id: 1
  _time: 2025-05-29 06:42:25.762762112 Z
  _version: 0.10.1/0.42.0/
  since: 2025-05-01 06:42:25.762978695 Z
  what: quantity-of-deliverables
  when: 2025-05-29 06:42:25.762915538 Z
- _id: 2
  _time: 2025-05-29 06:42:25.765193719 Z
  _version: 0.10.1/0.42.0/
  what: dimensions-of-terrain
  when: 2025-05-29 06:42:25.765297732 Z
- _id: 3
  _time: 2025-05-29 06:42:25.774004654 Z
  _version: 0.10.1/0.42.0/
  since: 2025-05-01 06:42:25.774148662 Z
  what: quality-of-service
  when: 2025-05-29 06:42:25.774114999 Z
