---
- added: 8
  cycles: 1
  deleted: 8
  inserted: 8
  seconds: 17.95361479
  version: 0.42.0
  what: judges-summary
  when: 2025-05-13 13:14:54.031192803 Z
- _id: 1
  _time: 2025-05-13 13:14:54.019095719 Z
  _version: 0.10.1/0.42.0/
  since: 2025-04-15 13:14:54.019293107 Z
  what: quality-of-service
  when: 2025-05-13 13:14:54.019239817 Z
- _id: 2
  _time: 2025-05-13 13:14:54.021568479 Z
  _version: 0.10.1/0.42.0/
  since: 2025-04-15 13:14:54.021666922 Z
  what: quantity-of-deliverables
  when: 2025-05-13 13:14:54.021644831 Z
- _id: 3
  _time: 2025-05-13 13:14:54.027800403 Z
  _version: 0.10.1/0.42.0/
  what: dimensions-of-terrain
  when: 2025-05-13 13:14:54.027910908 Z
