---
- added: 8
  cycles: 1
  deleted: 8
  inserted: 8
  seconds: 6.903762249
  version: 0.42.0
  what: judges-summary
  when: 2025-06-01 20:05:39.181013276 Z
- _id: 1
  _time: 2025-06-01 20:05:39.172268278 Z
  _version: 0.10.1/0.42.0/
  since: 2025-05-04 20:05:39.172471991 Z
  what: quality-of-service
  when: 2025-06-01 20:05:39.172429561 Z
- _id: 2
  _time: 2025-06-01 20:05:39.177014078 Z
  _version: 0.10.1/0.42.0/
  since: 2025-05-04 20:05:39.177111901 Z
  what: quantity-of-deliverables
  when: 2025-06-01 20:05:39.177089479 Z
- _id: 3
  _time: 2025-06-01 20:05:39.180109507 Z
  _version: 0.10.1/0.42.0/
  what: dimensions-of-terrain
  when: 2025-06-01 20:05:39.180186071 Z
