---
- added: 8
  cycles: 1
  deleted: 8
  inserted: 8
  seconds: 13.684865872
  version: 0.42.0
  what: judges-summary
  when: 2025-05-31 13:10:43.829675436 Z
- _id: 1
  _time: 2025-05-31 13:10:43.815765794 Z
  _version: 0.10.1/0.42.0/
  since: 2025-05-03 13:10:43.815956199 Z
  what: quantity-of-deliverables
  when: 2025-05-31 13:10:43.815918429 Z
- _id: 2
  _time: 2025-05-31 13:10:43.823833754 Z
  _version: 0.10.1/0.42.0/
  since: 2025-05-03 13:10:43.824116099 Z
  what: quality-of-service
  when: 2025-05-31 13:10:43.824044095 Z
- _id: 3
  _time: 2025-05-31 13:10:43.826954674 Z
  _version: 0.10.1/0.42.0/
  what: dimensions-of-terrain
  when: 2025-05-31 13:10:43.827033851 Z
