---
- added: 8
  cycles: 1
  deleted: 8
  inserted: 8
  seconds: 10.044040639
  version: 0.42.0
  what: judges-summary
  when: 2025-05-28 11:34:31.984304090 Z
- _id: 1
  _time: 2025-05-28 11:34:31.971341838 Z
  _version: 0.10.1/0.42.0/
  since: 2025-04-30 11:34:31.971529278 Z
  what: quantity-of-deliverables
  when: 2025-05-28 11:34:31.971491037 Z
- _id: 2
  _time: 2025-05-28 11:34:31.976826549 Z
  _version: 0.10.1/0.42.0/
  since: 2025-04-30 11:34:31.976965519 Z
  what: quality-of-service
  when: 2025-05-28 11:34:31.976932467 Z
- _id: 3
  _time: 2025-05-28 11:34:31.983353610 Z
  _version: 0.10.1/0.42.0/
  what: dimensions-of-terrain
  when: 2025-05-28 11:34:31.983431936 Z
