---
- added: 8
  cycles: 1
  deleted: 8
  inserted: 8
  seconds: 7.684002032
  version: 0.42.0
  what: judges-summary
  when: 2025-06-14 03:23:54.759766339 Z
- _id: 1
  _time: 2025-06-14 03:23:54.747142086 Z
  _version: 0.10.1/0.42.0/
  since: 2025-05-17 03:23:54.747328685 Z
  what: quality-of-service
  when: 2025-06-14 03:23:54.747290063 Z
- _id: 2
  _time: 2025-06-14 03:23:54.749863746 Z
  _version: 0.10.1/0.42.0/
  what: dimensions-of-terrain
  when: 2025-06-14 03:23:54.749940399 Z
- _id: 3
  _time: 2025-06-14 03:23:54.751146456 Z
  _version: 0.10.1/0.42.0/
  since: 2025-05-17 03:23:54.751241103 Z
  what: quantity-of-deliverables
  when: 2025-06-14 03:23:54.751218201 Z
