---
- added: 8
  cycles: 1
  deleted: 8
  inserted: 8
  seconds: 9.645475834
  version: 0.42.0
  what: judges-summary
  when: 2025-06-08 05:37:48.923142594 Z
- _id: 1
  _time: 2025-06-08 05:37:48.915998082 Z
  _version: 0.10.1/0.42.0/
  since: 2025-05-11 05:37:48.916186803 Z
  what: quantity-of-deliverables
  when: 2025-06-08 05:37:48.916148482 Z
- _id: 2
  _time: 2025-06-08 05:37:48.920306784 Z
  _version: 0.10.1/0.42.0/
  what: dimensions-of-terrain
  when: 2025-06-08 05:37:48.920417089 Z
- _id: 3
  _time: 2025-06-08 05:37:48.921743449 Z
  _version: 0.10.1/0.42.0/
  since: 2025-05-11 05:37:48.921924506 Z
  what: quality-of-service
  when: 2025-06-08 05:37:48.921887688 Z
