---
- added: 8
  cycles: 1
  deleted: 8
  inserted: 8
  seconds: 6.742690482
  version: 0.42.0
  what: judges-summary
  when: 2025-06-07 13:10:37.640395664 Z
- _id: 1
  _time: 2025-06-07 13:10:37.628458760 Z
  _version: 0.10.1/0.42.0/
  since: 2025-05-10 13:10:37.628687727 Z
  what: quality-of-service
  when: 2025-06-07 13:10:37.628643605 Z
- _id: 2
  _time: 2025-06-07 13:10:37.635286670 Z
  _version: 0.10.1/0.42.0/
  what: dimensions-of-terrain
  when: 2025-06-07 13:10:37.635363834 Z
- _id: 3
  _time: 2025-06-07 13:10:37.637683446 Z
  _version: 0.10.1/0.42.0/
  since: 2025-05-10 13:10:37.637782181 Z
  what: quantity-of-deliverables
  when: 2025-06-07 13:10:37.637759298 Z
