---
- added: 8
  cycles: 1
  deleted: 8
  inserted: 8
  seconds: 18.980648466
  version: 0.42.0
  what: judges-summary
  when: 2025-06-06 13:41:50.432624898 Z
- _id: 1
  _time: 2025-06-06 13:41:50.426106419 Z
  _version: 0.10.1/0.42.0/
  since: 2025-05-09 13:41:50.426290444 Z
  what: quality-of-service
  when: 2025-06-06 13:41:50.426253204 Z
- _id: 2
  _time: 2025-06-06 13:41:50.427973633 Z
  _version: 0.10.1/0.42.0/
  since: 2025-05-09 13:41:50.428110109 Z
  what: quantity-of-deliverables
  when: 2025-06-06 13:41:50.428080183 Z
- _id: 3
  _time: 2025-06-06 13:41:50.431002112 Z
  _version: 0.10.1/0.42.0/
  what: dimensions-of-terrain
  when: 2025-06-06 13:41:50.431111666 Z
