---
- added: 8
  cycles: 1
  deleted: 8
  inserted: 8
  seconds: 6.552726584
  version: 0.42.0
  what: judges-summary
  when: 2025-05-17 10:37:45.640674564 Z
- _id: 1
  _time: 2025-05-17 10:37:45.631804837 Z
  _version: 0.10.1/0.42.0/
  since: 2025-04-19 10:37:45.631983990 Z
  what: quality-of-service
  when: 2025-05-17 10:37:45.631946881 Z
- _id: 2
  _time: 2025-05-17 10:37:45.636662167 Z
  _version: 0.10.1/0.42.0/
  what: dimensions-of-terrain
  when: 2025-05-17 10:37:45.636793031 Z
- _id: 3
  _time: 2025-05-17 10:37:45.639734492 Z
  _version: 0.10.1/0.42.0/
  since: 2025-04-19 10:37:45.639832023 Z
  what: quantity-of-deliverables
  when: 2025-05-17 10:37:45.639809531 Z
