---
- added: 8
  cycles: 1
  deleted: 8
  inserted: 8
  seconds: 9.772498101
  version: 0.42.0
  what: judges-summary
  when: 2025-05-16 20:36:18.300475932 Z
- _id: 1
  _time: 2025-05-16 20:36:18.290273362 Z
  _version: 0.10.1/0.42.0/
  what: dimensions-of-terrain
  when: 2025-05-16 20:36:18.290418112 Z
- _id: 2
  _time: 2025-05-16 20:36:18.294793566 Z
  _version: 0.10.1/0.42.0/
  since: 2025-04-18 20:36:18.294939808 Z
  what: quality-of-service
  when: 2025-05-16 20:36:18.294905294 Z
- _id: 3
  _time: 2025-05-16 20:36:18.298685970 Z
  _version: 0.10.1/0.42.0/
  since: 2025-04-18 20:36:18.298813748 Z
  what: quantity-of-deliverables
  when: 2025-05-16 20:36:18.298785245 Z
