---
- added: 8
  cycles: 1
  deleted: 8
  inserted: 8
  seconds: 7.913252329
  version: 0.42.0
  what: judges-summary
  when: 2025-05-21 22:05:18.413948466 Z
- _id: 1
  _time: 2025-05-21 22:05:18.400493983 Z
  _version: 0.10.1/0.42.0/
  what: dimensions-of-terrain
  when: 2025-05-21 22:05:18.400647050 Z
- _id: 2
  _time: 2025-05-21 22:05:18.408901347 Z
  _version: 0.10.1/0.42.0/
  since: 2025-04-23 22:05:18.409043653 Z
  what: quality-of-service
  when: 2025-05-21 22:05:18.409008798 Z
- _id: 3
  _time: 2025-05-21 22:05:18.410669357 Z
  _version: 0.10.1/0.42.0/
  since: 2025-04-23 22:05:18.410768572 Z
  what: quantity-of-deliverables
  when: 2025-05-21 22:05:18.410745640 Z
