---
- added: 8
  cycles: 1
  deleted: 8
  inserted: 8
  seconds: 17.7338301
  version: 0.42.0
  what: judges-summary
  when: 2025-06-05 20:34:18.868128452 Z
- _id: 1
  _time: 2025-06-05 20:34:18.854221253 Z
  _version: 0.10.1/0.42.0/
  what: dimensions-of-terrain
  when: 2025-06-05 20:34:18.854375622 Z
- _id: 2
  _time: 2025-06-05 20:34:18.856720421 Z
  _version: 0.10.1/0.42.0/
  since: 2025-05-08 20:34:18.856858259 Z
  what: quantity-of-deliverables
  when: 2025-06-05 20:34:18.856825097 Z
- _id: 3
  _time: 2025-06-05 20:34:18.865987074 Z
  _version: 0.10.1/0.42.0/
  since: 2025-05-08 20:34:18.866128148 Z
  what: quality-of-service
  when: 2025-06-05 20:34:18.866094375 Z
