---
- added: 8
  cycles: 1
  deleted: 8
  inserted: 8
  seconds: 7.647247483
  version: 0.42.0
  what: judges-summary
  when: 2025-06-06 00:20:29.443034762 Z
- _id: 1
  _time: 2025-06-06 00:20:29.437042021 Z
  _version: 0.10.1/0.42.0/
  since: 2025-05-09 00:20:29.437218759 Z
  what: quantity-of-deliverables
  when: 2025-06-06 00:20:29.437182622 Z
- _id: 2
  _time: 2025-06-06 00:20:29.438506496 Z
  _version: 0.10.1/0.42.0/
  since: 2025-05-09 00:20:29.438641767 Z
  what: quality-of-service
  when: 2025-06-06 00:20:29.438608997 Z
- _id: 3
  _time: 2025-06-06 00:20:29.441175673 Z
  _version: 0.10.1/0.42.0/
  what: dimensions-of-terrain
  when: 2025-06-06 00:20:29.441257254 Z
