---
- added: 8
  cycles: 1
  deleted: 8
  inserted: 8
  seconds: 17.754720841
  version: 0.42.0
  what: judges-summary
  when: 2025-05-29 21:34:58.982615810 Z
- _id: 1
  _time: 2025-05-29 21:34:58.973856817 Z
  _version: 0.10.1/0.42.0/
  since: 2025-05-01 21:34:58.974065810 Z
  what: quantity-of-deliverables
  when: 2025-05-29 21:34:58.974027157 Z
- _id: 2
  _time: 2025-05-29 21:34:58.979304506 Z
  _version: 0.10.1/0.42.0/
  what: dimensions-of-terrain
  when: 2025-05-29 21:34:58.979410636 Z
- _id: 3
  _time: 2025-05-29 21:34:58.981311693 Z
  _version: 0.10.1/0.42.0/
  since: 2025-05-01 21:34:58.981444121 Z
  what: quality-of-service
  when: 2025-05-29 21:34:58.981411911 Z
