---
- added: 8
  cycles: 1
  deleted: 8
  inserted: 8
  seconds: 9.944943281
  version: 0.42.0
  what: judges-summary
  when: 2025-05-29 16:06:20.510046575 Z
- _id: 1
  _time: 2025-05-29 16:06:20.502842908 Z
  _version: 0.10.1/0.42.0/
  since: 2025-05-01 16:06:20.503054802 Z
  what: quantity-of-deliverables
  when: 2025-05-29 16:06:20.503013685 Z
- _id: 2
  _time: 2025-05-29 16:06:20.506113220 Z
  _version: 0.10.1/0.42.0/
  what: dimensions-of-terrain
  when: 2025-05-29 16:06:20.506217554 Z
- _id: 3
  _time: 2025-05-29 16:06:20.507724647 Z
  _version: 0.10.1/0.42.0/
  since: 2025-05-01 16:06:20.507874837 Z
  what: quality-of-service
  when: 2025-05-29 16:06:20.507840743 Z
