---
- added: 8
  cycles: 1
  deleted: 8
  inserted: 8
  seconds: 6.783611949
  version: 0.42.0
  what: judges-summary
  when: 2025-05-29 01:33:18.352790861 Z
- _id: 1
  _time: 2025-05-29 01:33:18.343540080 Z
  _version: 0.10.1/0.42.0/
  since: 2025-05-01 01:33:18.343724564 Z
  what: quality-of-service
  when: 2025-05-29 01:33:18.343686813 Z
- _id: 2
  _time: 2025-05-29 01:33:18.346090241 Z
  _version: 0.10.1/0.42.0/
  what: dimensions-of-terrain
  when: 2025-05-29 01:33:18.346245981 Z
- _id: 3
  _time: 2025-05-29 01:33:18.350137988 Z
  _version: 0.10.1/0.42.0/
  since: 2025-05-01 01:33:18.350234789 Z
  what: quantity-of-deliverables
  when: 2025-05-29 01:33:18.350212276 Z
