---
- added: 8
  cycles: 1
  deleted: 8
  inserted: 8
  seconds: 9.755790825
  version: 0.42.0
  what: judges-summary
  when: 2025-06-07 16:05:27.492315185 Z
- _id: 1
  _time: 2025-06-07 16:05:27.486526297 Z
  _version: 0.10.1/0.42.0/
  since: 2025-05-10 16:05:27.486711055 Z
  what: quality-of-service
  when: 2025-06-07 16:05:27.486674215 Z
- _id: 2
  _time: 2025-06-07 16:05:27.489171090 Z
  _version: 0.10.1/0.42.0/
  since: 2025-05-10 16:05:27.489272712 Z
  what: quantity-of-deliverables
  when: 2025-06-07 16:05:27.489249999 Z
- _id: 3
  _time: 2025-06-07 16:05:27.490428650 Z
  _version: 0.10.1/0.42.0/
  what: dimensions-of-terrain
  when: 2025-06-07 16:05:27.490503892 Z
