---
- added: 8
  cycles: 1
  deleted: 8
  inserted: 8
  seconds: 7.862530301
  version: 0.42.0
  what: judges-summary
  when: 2025-05-12 17:05:05.187405713 Z
- _id: 1
  _time: 2025-05-12 17:05:05.174466157 Z
  _version: 0.10.1/0.42.0/
  what: dimensions-of-terrain
  when: 2025-05-12 17:05:05.174615826 Z
- _id: 2
  _time: 2025-05-12 17:05:05.176742224 Z
  _version: 0.10.1/0.42.0/
  since: 2025-04-14 17:05:05.176875513 Z
  what: quantity-of-deliverables
  when: 2025-05-12 17:05:05.176843102 Z
- _id: 3
  _time: 2025-05-12 17:05:05.179233656 Z
  _version: 0.10.1/0.42.0/
  since: 2025-04-14 17:05:05.179380841 Z
  what: quality-of-service
  when: 2025-05-12 17:05:05.179341668 Z
