---
- added: 8
  cycles: 1
  deleted: 8
  inserted: 8
  seconds: 10.432296666
  version: 0.42.0
  what: judges-summary
  when: 2025-06-06 07:05:47.586983476 Z
- _id: 1
  _time: 2025-06-06 07:05:47.575942280 Z
  _version: 0.10.1/0.42.0/
  what: dimensions-of-terrain
  when: 2025-06-06 07:05:47.576088883 Z
- _id: 2
  _time: 2025-06-06 07:05:47.578373348 Z
  _version: 0.10.1/0.42.0/
  since: 2025-05-09 07:05:47.578511495 Z
  what: quality-of-service
  when: 2025-06-06 07:05:47.578479446 Z
- _id: 3
  _time: 2025-06-06 07:05:47.580671113 Z
  _version: 0.10.1/0.42.0/
  since: 2025-05-09 07:05:47.580846560 Z
  what: quantity-of-deliverables
  when: 2025-06-06 07:05:47.580804391 Z
