---
- added: 8
  cycles: 1
  deleted: 8
  inserted: 8
  seconds: 10.060784029
  version: 0.42.0
  what: judges-summary
  when: 2025-06-05 09:37:16.406029664 Z
- _id: 1
  _time: 2025-06-05 09:37:16.392533184 Z
  _version: 0.10.1/0.42.0/
  since: 2025-05-08 09:37:16.392724011 Z
  what: quantity-of-deliverables
  when: 2025-06-05 09:37:16.392684757 Z
- _id: 2
  _time: 2025-06-05 09:37:16.403215884 Z
  _version: 0.10.1/0.42.0/
  what: dimensions-of-terrain
  when: 2025-06-05 09:37:16.403370814 Z
- _id: 3
  _time: 2025-06-05 09:37:16.404699261 Z
  _version: 0.10.1/0.42.0/
  since: 2025-05-08 09:37:16.404831628 Z
  what: quality-of-service
  when: 2025-06-05 09:37:16.404799699 Z
