---
- added: 8
  cycles: 1
  deleted: 8
  inserted: 8
  seconds: 17.894398014
  version: 0.42.0
  what: judges-summary
  when: 2025-05-15 11:34:34.577402926 Z
- _id: 1
  _time: 2025-05-15 11:34:34.565766530 Z
  _version: 0.10.1/0.42.0/
  since: 2025-04-17 11:34:34.565951005 Z
  what: quality-of-service
  when: 2025-05-15 11:34:34.565913214 Z
- _id: 2
  _time: 2025-05-15 11:34:34.568517187 Z
  _version: 0.10.1/0.42.0/
  what: dimensions-of-terrain
  when: 2025-05-15 11:34:34.568592888 Z
- _id: 3
  _time: 2025-05-15 11:34:34.573456862 Z
  _version: 0.10.1/0.42.0/
  since: 2025-04-17 11:34:34.573555697 Z
  what: quantity-of-deliverables
  when: 2025-05-15 11:34:34.573532674 Z
