---
- added: 8
  cycles: 1
  deleted: 8
  inserted: 8
  seconds: 9.814855721
  version: 0.42.0
  what: judges-summary
  when: 2025-05-16 07:35:21.651066004 Z
- _id: 1
  _time: 2025-05-16 07:35:21.640711285 Z
  _version: 0.10.1/0.42.0/
  what: dimensions-of-terrain
  when: 2025-05-16 07:35:21.640857426 Z
- _id: 2
  _time: 2025-05-16 07:35:21.643758566 Z
  _version: 0.10.1/0.42.0/
  since: 2025-04-18 07:35:21.643891583 Z
  what: quality-of-service
  when: 2025-05-16 07:35:21.643859414 Z
- _id: 3
  _time: 2025-05-16 07:35:21.650204723 Z
  _version: 0.10.1/0.42.0/
  since: 2025-04-18 07:35:21.650303507 Z
  what: quantity-of-deliverables
  when: 2025-05-16 07:35:21.650280424 Z
