---
- added: 8
  cycles: 1
  deleted: 8
  inserted: 8
  seconds: 10.011065579
  version: 0.42.0
  what: judges-summary
  when: 2025-05-12 07:05:57.484605161 Z
- _id: 1
  _time: 2025-05-12 07:05:57.477291123 Z
  _version: 0.10.1/0.42.0/
  since: 2025-04-14 07:05:57.477480015 Z
  what: quantity-of-deliverables
  when: 2025-05-12 07:05:57.477441834 Z
- _id: 2
  _time: 2025-05-12 07:05:57.478886488 Z
  _version: 0.10.1/0.42.0/
  what: dimensions-of-terrain
  when: 2025-05-12 07:05:57.479103944 Z
- _id: 3
  _time: 2025-05-12 07:05:57.481042910 Z
  _version: 0.10.1/0.42.0/
  since: 2025-04-14 07:05:57.481275314 Z
  what: quality-of-service
  when: 2025-05-12 07:05:57.481215613 Z
