---
- added: 8
  cycles: 1
  deleted: 8
  inserted: 8
  seconds: 8.253789558
  version: 0.42.0
  what: judges-summary
  when: 2025-05-20 14:38:54.254787228 Z
- _id: 1
  _time: 2025-05-20 14:38:54.242006780 Z
  _version: 0.10.1/0.42.0/
  what: dimensions-of-terrain
  when: 2025-05-20 14:38:54.242194459 Z
- _id: 2
  _time: 2025-05-20 14:38:54.247254673 Z
  _version: 0.10.1/0.42.0/
  since: 2025-04-22 14:38:54.247394673 Z
  what: quality-of-service
  when: 2025-05-20 14:38:54.247361812 Z
- _id: 3
  _time: 2025-05-20 14:38:54.250740311 Z
  _version: 0.10.1/0.42.0/
  since: 2025-04-22 14:38:54.250840868 Z
  what: quantity-of-deliverables
  when: 2025-05-20 14:38:54.250818166 Z
