---
- added: 8
  cycles: 1
  deleted: 8
  inserted: 8
  seconds: 8.26921991
  version: 0.42.0
  what: judges-summary
  when: 2025-05-20 20:05:55.072309078 Z
- _id: 1
  _time: 2025-05-20 20:05:55.060384867 Z
  _version: 0.10.1/0.42.0/
  since: 2025-04-22 20:05:55.060570364 Z
  what: quality-of-service
  when: 2025-05-20 20:05:55.060532373 Z
- _id: 2
  _time: 2025-05-20 20:05:55.066357182 Z
  _version: 0.10.1/0.42.0/
  since: 2025-04-22 20:05:55.066455776 Z
  what: quantity-of-deliverables
  when: 2025-05-20 20:05:55.066432763 Z
- _id: 3
  _time: 2025-05-20 20:05:55.069926923 Z
  _version: 0.10.1/0.42.0/
  what: dimensions-of-terrain
  when: 2025-05-20 20:05:55.070002535 Z
