---
- added: 8
  cycles: 1
  deleted: 8
  inserted: 8
  seconds: 9.780351135
  version: 0.42.0
  what: judges-summary
  when: 2025-05-24 12:07:20.686747608 Z
- _id: 1
  _time: 2025-05-24 12:07:20.675625732 Z
  _version: 0.10.1/0.42.0/
  since: 2025-04-26 12:07:20.675808312 Z
  what: quantity-of-deliverables
  when: 2025-05-24 12:07:20.675771904 Z
- _id: 2
  _time: 2025-05-24 12:07:20.678128281 Z
  _version: 0.10.1/0.42.0/
  what: dimensions-of-terrain
  when: 2025-05-24 12:07:20.678379087 Z
- _id: 3
  _time: 2025-05-24 12:07:20.684364385 Z
  _version: 0.10.1/0.42.0/
  since: 2025-04-26 12:07:20.684509565 Z
  what: quality-of-service
  when: 2025-05-24 12:07:20.684476333 Z
