---
- added: 8
  cycles: 1
  deleted: 8
  inserted: 8
  seconds: 10.484209705
  version: 0.42.0
  what: judges-summary
  when: 2025-05-22 16:06:19.841407114 Z
- _id: 1
  _time: 2025-05-22 16:06:19.827902203 Z
  _version: 0.10.1/0.42.0/
  what: dimensions-of-terrain
  when: 2025-05-22 16:06:19.828063494 Z
- _id: 2
  _time: 2025-05-22 16:06:19.837038930 Z
  _version: 0.10.1/0.42.0/
  since: 2025-04-24 16:06:19.837182159 Z
  what: quality-of-service
  when: 2025-05-22 16:06:19.837149117 Z
- _id: 3
  _time: 2025-05-22 16:06:19.840452065 Z
  _version: 0.10.1/0.42.0/
  since: 2025-04-24 16:06:19.840550059 Z
  what: quantity-of-deliverables
  when: 2025-05-22 16:06:19.840527977 Z
