---
- added: 8
  cycles: 1
  deleted: 8
  inserted: 8
  seconds: 7.385082283
  version: 0.42.0
  what: judges-summary
  when: 2025-06-08 21:04:39.966117870 Z
- _id: 1
  _time: 2025-06-08 21:04:39.956198268 Z
  _version: 0.10.1/0.42.0/
  what: dimensions-of-terrain
  when: 2025-06-08 21:04:39.956383677 Z
- _id: 2
  _time: 2025-06-08 21:04:39.958506167 Z
  _version: 0.10.1/0.42.0/
  since: 2025-05-11 21:04:39.958643384 Z
  what: quantity-of-deliverables
  when: 2025-06-08 21:04:39.958610653 Z
- _id: 3
  _time: 2025-06-08 21:04:39.964767875 Z
  _version: 0.10.1/0.42.0/
  since: 2025-05-11 21:04:39.964897929 Z
  what: quality-of-service
  when: 2025-06-08 21:04:39.964866239 Z
