---
- added: 8
  cycles: 1
  deleted: 8
  inserted: 8
  seconds: 14.23267153
  version: 0.42.0
  what: judges-summary
  when: 2025-05-28 14:39:35.136817306 Z
- _id: 1
  _time: 2025-05-28 14:39:35.129395669 Z
  _version: 0.10.1/0.42.0/
  what: dimensions-of-terrain
  when: 2025-05-28 14:39:35.129564406 Z
- _id: 2
  _time: 2025-05-28 14:39:35.131973161 Z
  _version: 0.10.1/0.42.0/
  since: 2025-04-30 14:39:35.132114286 Z
  what: quantity-of-deliverables
  when: 2025-05-28 14:39:35.132080433 Z
- _id: 3
  _time: 2025-05-28 14:39:35.133406735 Z
  _version: 0.10.1/0.42.0/
  since: 2025-04-30 14:39:35.133542972 Z
  what: quality-of-service
  when: 2025-05-28 14:39:35.133510019 Z
