---
- added: 8
  cycles: 1
  deleted: 8
  inserted: 8
  seconds: 6.959065356
  version: 0.42.0
  what: judges-summary
  when: 2025-05-31 06:40:05.448518960 Z
- _id: 1
  _time: 2025-05-31 06:40:05.435524733 Z
  _version: 0.10.1/0.42.0/
  since: 2025-05-03 06:40:05.435756861 Z
  what: quantity-of-deliverables
  when: 2025-05-31 06:40:05.435717186 Z
- _id: 2
  _time: 2025-05-31 06:40:05.441249513 Z
  _version: 0.10.1/0.42.0/
  since: 2025-05-03 06:40:05.441387273 Z
  what: quality-of-service
  when: 2025-05-31 06:40:05.441354591 Z
- _id: 3
  _time: 2025-05-31 06:40:05.444246652 Z
  _version: 0.10.1/0.42.0/
  what: dimensions-of-terrain
  when: 2025-05-31 06:40:05.444379102 Z
