---
- added: 8
  cycles: 1
  deleted: 8
  inserted: 8
  seconds: 7.613776887
  version: 0.42.0
  what: judges-summary
  when: 2025-05-12 04:08:11.288292085 Z
- _id: 1
  _time: 2025-05-12 04:08:11.279160803 Z
  _version: 0.10.1/0.42.0/
  since: 2025-04-14 04:08:11.279340668 Z
  what: quantity-of-deliverables
  when: 2025-05-12 04:08:11.279304240 Z
- _id: 2
  _time: 2025-05-12 04:08:11.281801727 Z
  _version: 0.10.1/0.42.0/
  what: dimensions-of-terrain
  when: 2025-05-12 04:08:11.281943431 Z
- _id: 3
  _time: 2025-05-12 04:08:11.285857264 Z
  _version: 0.10.1/0.42.0/
  since: 2025-04-14 04:08:11.286034775 Z
  what: quality-of-service
  when: 2025-05-12 04:08:11.286002665 Z
