---
- added: 8
  cycles: 1
  deleted: 8
  inserted: 8
  seconds: 13.460609404
  version: 0.42.0
  what: judges-summary
  when: 2025-05-19 17:36:42.057777466 Z
- _id: 1
  _time: 2025-05-19 17:36:42.047888964 Z
  _version: 0.10.1/0.42.0/
  since: 2025-04-21 17:36:42.048075052 Z
  what: quality-of-service
  when: 2025-05-19 17:36:42.048036910 Z
- _id: 2
  _time: 2025-05-19 17:36:42.052512752 Z
  _version: 0.10.1/0.42.0/
  since: 2025-04-21 17:36:42.052612048 Z
  what: quantity-of-deliverables
  when: 2025-05-19 17:36:42.052589175 Z
- _id: 3
  _time: 2025-05-19 17:36:42.053672269 Z
  _version: 0.10.1/0.42.0/
  what: dimensions-of-terrain
  when: 2025-05-19 17:36:42.053746918 Z
