---
- added: 8
  cycles: 1
  deleted: 8
  inserted: 8
  seconds: 7.491256636
  version: 0.42.0
  what: judges-summary
  when: 2025-06-15 05:37:02.737476788 Z
- _id: 1
  _time: 2025-06-15 05:37:02.725732107 Z
  _version: 0.10.1/0.42.0/
  since: 2025-05-18 05:37:02.725916652 Z
  what: quality-of-service
  when: 2025-06-15 05:37:02.725878772 Z
- _id: 2
  _time: 2025-06-15 05:37:02.735182417 Z
  _version: 0.10.1/0.42.0/
  since: 2025-05-18 05:37:02.735282024 Z
  what: quantity-of-deliverables
  when: 2025-06-15 05:37:02.735259602 Z
- _id: 3
  _time: 2025-06-15 05:37:02.736509048 Z
  _version: 0.10.1/0.42.0/
  what: dimensions-of-terrain
  when: 2025-06-15 05:37:02.736584228 Z
