---
- added: 8
  cycles: 1
  deleted: 8
  inserted: 8
  seconds: 10.599567061
  version: 0.42.0
  what: judges-summary
  when: 2025-05-14 13:13:47.895056446 Z
- _id: 1
  _time: 2025-05-14 13:13:47.886374705 Z
  _version: 0.10.1/0.42.0/
  since: 2025-04-16 13:13:47.886564068 Z
  what: quantity-of-deliverables
  when: 2025-05-14 13:13:47.886525827 Z
- _id: 2
  _time: 2025-05-14 13:13:47.887835410 Z
  _version: 0.10.1/0.42.0/
  since: 2025-04-16 13:13:47.887978547 Z
  what: quality-of-service
  when: 2025-05-14 13:13:47.887946508 Z
- _id: 3
  _time: 2025-05-14 13:13:47.889416510 Z
  _version: 0.10.1/0.42.0/
  what: dimensions-of-terrain
  when: 2025-05-14 13:13:47.889505927 Z
