---
- added: 8
  cycles: 1
  deleted: 8
  inserted: 8
  seconds: 10.595965559
  version: 0.42.0
  what: judges-summary
  when: 2025-06-12 18:41:16.038166045 Z
- _id: 1
  _time: 2025-06-12 18:41:16.025410547 Z
  _version: 0.10.1/0.42.0/
  since: 2025-05-15 18:41:16.025651276 Z
  what: quality-of-service
  when: 2025-06-12 18:41:16.025601473 Z
- _id: 2
  _time: 2025-06-12 18:41:16.031912686 Z
  _version: 0.10.1/0.42.0/
  since: 2025-05-15 18:41:16.032127227 Z
  what: quantity-of-deliverables
  when: 2025-06-12 18:41:16.032074358 Z
- _id: 3
  _time: 2025-06-12 18:41:16.037302627 Z
  _version: 0.10.1/0.42.0/
  what: dimensions-of-terrain
  when: 2025-06-12 18:41:16.037381724 Z
