---
- added: 8
  cycles: 1
  deleted: 8
  inserted: 8
  seconds: 7.793096103
  version: 0.42.0
  what: judges-summary
  when: 2025-05-24 09:05:06.927615809 Z
- _id: 1
  _time: 2025-05-24 09:05:06.914534777 Z
  _version: 0.10.1/0.42.0/
  since: 2025-04-26 09:05:06.914721335 Z
  what: quantity-of-deliverables
  when: 2025-05-24 09:05:06.914683624 Z
- _id: 2
  _time: 2025-05-24 09:05:06.916217073 Z
  _version: 0.10.1/0.42.0/
  what: dimensions-of-terrain
  when: 2025-05-24 09:05:06.916317892 Z
- _id: 3
  _time: 2025-05-24 09:05:06.926329557 Z
  _version: 0.10.1/0.42.0/
  since: 2025-04-26 09:05:06.926465771 Z
  what: quality-of-service
  when: 2025-05-24 09:05:06.926432960 Z
