---
- added: 8
  cycles: 1
  deleted: 8
  inserted: 8
  seconds: 10.094920723
  version: 0.42.0
  what: judges-summary
  when: 2025-06-10 03:27:34.057391161 Z
- _id: 1
  _time: 2025-06-10 03:27:34.043783961 Z
  _version: 0.10.1/0.42.0/
  what: dimensions-of-terrain
  when: 2025-06-10 03:27:34.043935547 Z
- _id: 2
  _time: 2025-06-10 03:27:34.048949914 Z
  _version: 0.10.1/0.42.0/
  since: 2025-05-13 03:27:34.049087342 Z
  what: quality-of-service
  when: 2025-06-10 03:27:34.049054901 Z
- _id: 3
  _time: 2025-06-10 03:27:34.055602903 Z
  _version: 0.10.1/0.42.0/
  since: 2025-05-13 03:27:34.055706058 Z
  what: quantity-of-deliverables
  when: 2025-06-10 03:27:34.055683455 Z
