---
- added: 8
  cycles: 1
  deleted: 8
  inserted: 8
  seconds: 16.960835633
  version: 0.42.0
  what: judges-summary
  when: 2025-05-31 05:36:43.371645104 Z
- _id: 1
  _time: 2025-05-31 05:36:43.363831843 Z
  _version: 0.10.1/0.42.0/
  since: 2025-05-03 05:36:43.364015545 Z
  what: quantity-of-deliverables
  when: 2025-05-31 05:36:43.363978396 Z
- _id: 2
  _time: 2025-05-31 05:36:43.366079693 Z
  _version: 0.10.1/0.42.0/
  since: 2025-05-03 05:36:43.366238499 Z
  what: quality-of-service
  when: 2025-05-31 05:36:43.366200749 Z
- _id: 3
  _time: 2025-05-31 05:36:43.367663417 Z
  _version: 0.10.1/0.42.0/
  what: dimensions-of-terrain
  when: 2025-05-31 05:36:43.367738437 Z
