---
- added: 8
  cycles: 1
  deleted: 8
  inserted: 8
  seconds: 14.234302076
  version: 0.42.0
  what: judges-summary
  when: 2025-05-14 10:06:04.010014868 Z
- _id: 1
  _time: 2025-05-14 10:06:04.001963135 Z
  _version: 0.10.1/0.42.0/
  what: dimensions-of-terrain
  when: 2025-05-14 10:06:04.002109098 Z
- _id: 2
  _time: 2025-05-14 10:06:04.006754140 Z
  _version: 0.10.1/0.42.0/
  since: 2025-04-16 10:06:04.006895915 Z
  what: quality-of-service
  when: 2025-05-14 10:06:04.006861561 Z
- _id: 3
  _time: 2025-05-14 10:06:04.009107163 Z
  _version: 0.10.1/0.42.0/
  since: 2025-04-16 10:06:04.009205527 Z
  what: quantity-of-deliverables
  when: 2025-05-14 10:06:04.009182664 Z
