---
- added: 8
  cycles: 1
  deleted: 8
  inserted: 8
  seconds: 7.648189729
  version: 0.42.0
  what: judges-summary
  when: 2025-06-05 20:05:17.076758105 Z
- _id: 1
  _time: 2025-06-05 20:05:17.064734700 Z
  _version: 0.10.1/0.42.0/
  since: 2025-05-08 20:05:17.064932391 Z
  what: quality-of-service
  when: 2025-06-05 20:05:17.064892596 Z
- _id: 2
  _time: 2025-06-05 20:05:17.068407329 Z
  _version: 0.10.1/0.42.0/
  since: 2025-05-08 20:05:17.068511605 Z
  what: quantity-of-deliverables
  when: 2025-06-05 20:05:17.068486929 Z
- _id: 3
  _time: 2025-06-05 20:05:17.073885865 Z
  _version: 0.10.1/0.42.0/
  what: dimensions-of-terrain
  when: 2025-06-05 20:05:17.073967538 Z
