---
- added: 8
  cycles: 1
  deleted: 8
  inserted: 8
  seconds: 17.76431048
  version: 0.42.0
  what: judges-summary
  when: 2025-05-21 20:06:08.972438172 Z
- _id: 1
  _time: 2025-05-21 20:06:08.965873719 Z
  _version: 0.10.1/0.42.0/
  since: 2025-04-23 20:06:08.966049978 Z
  what: quality-of-service
  when: 2025-05-21 20:06:08.966014752 Z
- _id: 2
  _time: 2025-05-21 20:06:08.967614563 Z
  _version: 0.10.1/0.42.0/
  what: dimensions-of-terrain
  when: 2025-05-21 20:06:08.967689332 Z
- _id: 3
  _time: 2025-05-21 20:06:08.968959434 Z
  _version: 0.10.1/0.42.0/
  since: 2025-04-23 20:06:08.969054662 Z
  what: quantity-of-deliverables
  when: 2025-05-21 20:06:08.969032010 Z
