---
- added: 8
  cycles: 1
  deleted: 8
  inserted: 8
  seconds: 14.083417747
  version: 0.42.0
  what: judges-summary
  when: 2025-05-30 18:06:47.863418873 Z
- _id: 1
  _time: 2025-05-30 18:06:47.854881635 Z
  _version: 0.10.1/0.42.0/
  since: 2025-05-02 18:06:47.855090754 Z
  what: quality-of-service
  when: 2025-05-30 18:06:47.855027096 Z
- _id: 2
  _time: 2025-05-30 18:06:47.859408029 Z
  _version: 0.10.1/0.42.0/
  what: dimensions-of-terrain
  when: 2025-05-30 18:06:47.859485033 Z
- _id: 3
  _time: 2025-05-30 18:06:47.862513957 Z
  _version: 0.10.1/0.42.0/
  since: 2025-05-02 18:06:47.862609956 Z
  what: quantity-of-deliverables
  when: 2025-05-30 18:06:47.862587505 Z
