---
- added: 8
  cycles: 1
  deleted: 8
  inserted: 8
  seconds: 7.957521372
  version: 0.42.0
  what: judges-summary
  when: 2025-06-04 19:33:47.591691510 Z
- _id: 1
  _time: 2025-06-04 19:33:47.582618646 Z
  _version: 0.10.1/0.42.0/
  what: dimensions-of-terrain
  when: 2025-06-04 19:33:47.582767357 Z
- _id: 2
  _time: 2025-06-04 19:33:47.584928894 Z
  _version: 0.10.1/0.42.0/
  since: 2025-05-07 19:33:47.585066023 Z
  what: quality-of-service
  when: 2025-06-04 19:33:47.585033051 Z
- _id: 3
  _time: 2025-06-04 19:33:47.590747747 Z
  _version: 0.10.1/0.42.0/
  since: 2025-05-07 19:33:47.590846434 Z
  what: quantity-of-deliverables
  when: 2025-06-04 19:33:47.590823320 Z
