---
- added: 8
  cycles: 1
  deleted: 8
  inserted: 8
  seconds: 10.661568727
  version: 0.42.0
  what: judges-summary
  when: 2025-05-15 15:05:52.230029923 Z
- _id: 1
  _time: 2025-05-15 15:05:52.216286384 Z
  _version: 0.10.1/0.42.0/
  what: dimensions-of-terrain
  when: 2025-05-15 15:05:52.216440744 Z
- _id: 2
  _time: 2025-05-15 15:05:52.219652280 Z
  _version: 0.10.1/0.42.0/
  since: 2025-04-17 15:05:52.219791231 Z
  what: quantity-of-deliverables
  when: 2025-05-15 15:05:52.219757478 Z
- _id: 3
  _time: 2025-05-15 15:05:52.222211164 Z
  _version: 0.10.1/0.42.0/
  since: 2025-04-17 15:05:52.222350856 Z
  what: quality-of-service
  when: 2025-05-15 15:05:52.222316692 Z
