---
- added: 8
  cycles: 1
  deleted: 8
  inserted: 8
  seconds: 9.886801927
  version: 0.42.0
  what: judges-summary
  when: 2025-05-22 10:06:04.015372809 Z
- _id: 1
  _time: 2025-05-22 10:06:04.002672488 Z
  _version: 0.10.1/0.42.0/
  since: 2025-04-24 10:06:04.002879514 Z
  what: quantity-of-deliverables
  when: 2025-05-22 10:06:04.002839630 Z
- _id: 2
  _time: 2025-05-22 10:06:04.005224193 Z
  _version: 0.10.1/0.42.0/
  since: 2025-04-24 10:06:04.005361850 Z
  what: quality-of-service
  when: 2025-05-22 10:06:04.005329981 Z
- _id: 3
  _time: 2025-05-22 10:06:04.011355095 Z
  _version: 0.10.1/0.42.0/
  what: dimensions-of-terrain
  when: 2025-05-22 10:06:04.011431828 Z
