---
- added: 8
  cycles: 1
  deleted: 8
  inserted: 8
  seconds: 7.727768677
  version: 0.42.0
  what: judges-summary
  when: 2025-05-21 21:04:52.783027610 Z
- _id: 1
  _time: 2025-05-21 21:04:52.773335528 Z
  _version: 0.10.1/0.42.0/
  since: 2025-04-23 21:04:52.773547845 Z
  what: quality-of-service
  when: 2025-05-21 21:04:52.773509464 Z
- _id: 2
  _time: 2025-05-21 21:04:52.777346247 Z
  _version: 0.10.1/0.42.0/
  what: dimensions-of-terrain
  when: 2025-05-21 21:04:52.777505846 Z
- _id: 3
  _time: 2025-05-21 21:04:52.781203359 Z
  _version: 0.10.1/0.42.0/
  since: 2025-04-23 21:04:52.781301333 Z
  what: quantity-of-deliverables
  when: 2025-05-21 21:04:52.781278670 Z
