---
- added: 8
  cycles: 1
  deleted: 8
  inserted: 8
  seconds: 10.534005805
  version: 0.42.0
  what: judges-summary
  when: 2025-05-27 13:14:31.409757610 Z
- _id: 1
  _time: 2025-05-27 13:14:31.399773293 Z
  _version: 0.10.1/0.42.0/
  what: dimensions-of-terrain
  when: 2025-05-27 13:14:31.399917491 Z
- _id: 2
  _time: 2025-05-27 13:14:31.402115175 Z
  _version: 0.10.1/0.42.0/
  since: 2025-04-29 13:14:31.402248954 Z
  what: quantity-of-deliverables
  when: 2025-05-27 13:14:31.402216484 Z
- _id: 3
  _time: 2025-05-27 13:14:31.407263501 Z
  _version: 0.10.1/0.42.0/
  since: 2025-04-29 13:14:31.407400476 Z
  what: quality-of-service
  when: 2025-05-27 13:14:31.407366763 Z
