---
- added: 8
  cycles: 1
  deleted: 8
  inserted: 8
  seconds: 14.322637271
  version: 0.42.0
  what: judges-summary
  when: 2025-05-23 16:39:37.207236473 Z
- _id: 1
  _time: 2025-05-23 16:39:37.193624256 Z
  _version: 0.10.1/0.42.0/
  since: 2025-04-25 16:39:37.193861130 Z
  what: quantity-of-deliverables
  when: 2025-05-23 16:39:37.193820684 Z
- _id: 2
  _time: 2025-05-23 16:39:37.196330065 Z
  _version: 0.10.1/0.42.0/
  since: 2025-04-25 16:39:37.196462653 Z
  what: quality-of-service
  when: 2025-05-23 16:39:37.196430363 Z
- _id: 3
  _time: 2025-05-23 16:39:37.203169124 Z
  _version: 0.10.1/0.42.0/
  what: dimensions-of-terrain
  when: 2025-05-23 16:39:37.203246108 Z
