---
- added: 8
  cycles: 1
  deleted: 8
  inserted: 8
  seconds: 7.963531076
  version: 0.42.0
  what: judges-summary
  when: 2025-06-10 00:49:18.704145064 Z
- _id: 1
  _time: 2025-06-10 00:49:18.690053820 Z
  _version: 0.10.1/0.42.0/
  what: dimensions-of-terrain
  when: 2025-06-10 00:49:18.690201998 Z
- _id: 2
  _time: 2025-06-10 00:49:18.692493988 Z
  _version: 0.10.1/0.42.0/
  since: 2025-05-13 00:49:18.692628621 Z
  what: quantity-of-deliverables
  when: 2025-06-10 00:49:18.692596350 Z
- _id: 3
  _time: 2025-06-10 00:49:18.695968020 Z
  _version: 0.10.1/0.42.0/
  since: 2025-05-13 00:49:18.696206698 Z
  what: quality-of-service
  when: 2025-06-10 00:49:18.696148800 Z
