---
- added: 8
  cycles: 1
  deleted: 8
  inserted: 8
  seconds: 9.883545912
  version: 0.42.0
  what: judges-summary
  when: 2025-06-12 23:35:23.076978435 Z
- _id: 1
  _time: 2025-06-12 23:35:23.068625078 Z
  _version: 0.10.1/0.42.0/
  what: dimensions-of-terrain
  when: 2025-06-12 23:35:23.068773706 Z
- _id: 2
  _time: 2025-06-12 23:35:23.071095755 Z
  _version: 0.10.1/0.42.0/
  since: 2025-05-15 23:35:23.071238732 Z
  what: quality-of-service
  when: 2025-06-12 23:35:23.071204057 Z
- _id: 3
  _time: 2025-06-12 23:35:23.073703906 Z
  _version: 0.10.1/0.42.0/
  since: 2025-05-15 23:35:23.073802961 Z
  what: quantity-of-deliverables
  when: 2025-06-12 23:35:23.073780248 Z
