---
- added: 8
  cycles: 1
  deleted: 8
  inserted: 8
  seconds: 9.835418528
  version: 0.42.0
  what: judges-summary
  when: 2025-05-30 07:05:43.511573409 Z
- _id: 1
  _time: 2025-05-30 07:05:43.498413306 Z
  _version: 0.10.1/0.42.0/
  what: dimensions-of-terrain
  when: 2025-05-30 07:05:43.498566443 Z
- _id: 2
  _time: 2025-05-30 07:05:43.502516952 Z
  _version: 0.10.1/0.42.0/
  since: 2025-05-02 07:05:43.502654429 Z
  what: quality-of-service
  when: 2025-05-30 07:05:43.502621447 Z
- _id: 3
  _time: 2025-05-30 07:05:43.510615941 Z
  _version: 0.10.1/0.42.0/
  since: 2025-05-02 07:05:43.510751574 Z
  what: quantity-of-deliverables
  when: 2025-05-30 07:05:43.510692243 Z
