---
- added: 8
  cycles: 1
  deleted: 8
  inserted: 8
  seconds: 9.778326221
  version: 0.42.0
  what: judges-summary
  when: 2025-05-14 00:20:29.203928698 Z
- _id: 1
  _time: 2025-05-14 00:20:29.194713096 Z
  _version: 0.10.1/0.42.0/
  since: 2025-04-16 00:20:29.194893233 Z
  what: quality-of-service
  when: 2025-05-14 00:20:29.194856314 Z
- _id: 2
  _time: 2025-05-14 00:20:29.198889428 Z
  _version: 0.10.1/0.42.0/
  what: dimensions-of-terrain
  when: 2025-05-14 00:20:29.198967514 Z
- _id: 3
  _time: 2025-05-14 00:20:29.201119976 Z
  _version: 0.10.1/0.42.0/
  since: 2025-04-16 00:20:29.201218540 Z
  what: quantity-of-deliverables
  when: 2025-05-14 00:20:29.201195958 Z
