---
- added: 8
  cycles: 1
  deleted: 8
  inserted: 8
  seconds: 0.827319888
  version: 0.42.0
  what: judges-summary
  when: 2025-05-21 03:23:08.155249046 Z
- _id: 1
  _time: 2025-05-21 03:23:08.144545082 Z
  _version: 0.10.1/0.42.0/
  since: 2025-04-23 03:23:08.144894772 Z
  what: quantity-of-deliverables
  when: 2025-05-21 03:23:08.144849017 Z
- _id: 2
  _time: 2025-05-21 03:23:08.151550444 Z
  _version: 0.10.1/0.42.0/
  since: 2025-04-23 03:23:08.151704380 Z
  what: quality-of-service
  when: 2025-05-21 03:23:08.151670527 Z
- _id: 3
  _time: 2025-05-21 03:23:08.154354935 Z
  _version: 0.10.1/0.42.0/
  what: dimensions-of-terrain
  when: 2025-05-21 03:23:08.154435825 Z
