---
- added: 8
  cycles: 1
  deleted: 8
  inserted: 8
  seconds: 18.362980662
  version: 0.42.0
  what: judges-summary
  when: 2025-06-11 10:06:18.753754396 Z
- _id: 1
  _time: 2025-06-11 10:06:18.740279973 Z
  _version: 0.10.1/0.42.0/
  what: dimensions-of-terrain
  when: 2025-06-11 10:06:18.740429242 Z
- _id: 2
  _time: 2025-06-11 10:06:18.750147909 Z
  _version: 0.10.1/0.42.0/
  since: 2025-05-14 10:06:18.750283864 Z
  what: quality-of-service
  when: 2025-06-11 10:06:18.750251223 Z
- _id: 3
  _time: 2025-06-11 10:06:18.751793804 Z
  _version: 0.10.1/0.42.0/
  since: 2025-05-14 10:06:18.751890305 Z
  what: quantity-of-deliverables
  when: 2025-06-11 10:06:18.751867432 Z
