---
- added: 8
  cycles: 1
  deleted: 8
  inserted: 8
  seconds: 8.24746079
  version: 0.42.0
  what: judges-summary
  when: 2025-05-13 20:05:55.835584433 Z
- _id: 1
  _time: 2025-05-13 20:05:55.824649022 Z
  _version: 0.10.1/0.42.0/
  what: dimensions-of-terrain
  when: 2025-05-13 20:05:55.824832766 Z
- _id: 2
  _time: 2025-05-13 20:05:55.828192827 Z
  _version: 0.10.1/0.42.0/
  since: 2025-04-15 20:05:55.828326968 Z
  what: quantity-of-deliverables
  when: 2025-05-13 20:05:55.828294457 Z
- _id: 3
  _time: 2025-05-13 20:05:55.831559435 Z
  _version: 0.10.1/0.42.0/
  since: 2025-04-15 20:05:55.831692173 Z
  what: quality-of-service
  when: 2025-05-13 20:05:55.831660033 Z
