---
- added: 8
  cycles: 1
  deleted: 8
  inserted: 8
  seconds: 7.610232781
  version: 0.42.0
  what: judges-summary
  when: 2025-05-21 08:40:09.171716351 Z
- _id: 1
  _time: 2025-05-21 08:40:09.161853492 Z
  _version: 0.10.1/0.42.0/
  since: 2025-04-23 08:40:09.162030524 Z
  what: quality-of-service
  when: 2025-05-21 08:40:09.161994627 Z
- _id: 2
  _time: 2025-05-21 08:40:09.165154115 Z
  _version: 0.10.1/0.42.0/
  what: dimensions-of-terrain
  when: 2025-05-21 08:40:09.165247931 Z
- _id: 3
  _time: 2025-05-21 08:40:09.168924408 Z
  _version: 0.10.1/0.42.0/
  since: 2025-04-23 08:40:09.169097372 Z
  what: quantity-of-deliverables
  when: 2025-05-21 08:40:09.169059972 Z
