---
- added: 8
  cycles: 1
  deleted: 8
  inserted: 8
  seconds: 7.883001797
  version: 0.42.0
  what: judges-summary
  when: 2025-05-29 13:13:32.256107664 Z
- _id: 1
  _time: 2025-05-29 13:13:32.246435156 Z
  _version: 0.10.1/0.42.0/
  since: 2025-05-01 13:13:32.246615162 Z
  what: quality-of-service
  when: 2025-05-29 13:13:32.246578303 Z
- _id: 2
  _time: 2025-05-29 13:13:32.252319651 Z
  _version: 0.10.1/0.42.0/
  what: dimensions-of-terrain
  when: 2025-05-29 13:13:32.252398148 Z
- _id: 3
  _time: 2025-05-29 13:13:32.254315572 Z
  _version: 0.10.1/0.42.0/
  since: 2025-05-01 13:13:32.254413174 Z
  what: quantity-of-deliverables
  when: 2025-05-29 13:13:32.254390442 Z
