---
- added: 8
  cycles: 1
  deleted: 8
  inserted: 8
  seconds: 8.233613262
  version: 0.42.0
  what: judges-summary
  when: 2025-06-09 13:42:18.146816379 Z
- _id: 1
  _time: 2025-06-09 13:42:18.139939010 Z
  _version: 0.10.1/0.42.0/
  since: 2025-05-12 13:42:18.140145644 Z
  what: quality-of-service
  when: 2025-06-09 13:42:18.140089530 Z
- _id: 2
  _time: 2025-06-09 13:42:18.142492942 Z
  _version: 0.10.1/0.42.0/
  what: dimensions-of-terrain
  when: 2025-06-09 13:42:18.142575586 Z
- _id: 3
  _time: 2025-06-09 13:42:18.143773545 Z
  _version: 0.10.1/0.42.0/
  since: 2025-05-12 13:42:18.143867680 Z
  what: quantity-of-deliverables
  when: 2025-06-09 13:42:18.143845549 Z
