---
- added: 8
  cycles: 1
  deleted: 8
  inserted: 8
  seconds: 9.722055978
  version: 0.42.0
  what: judges-summary
  when: 2025-06-15 00:49:31.762495814 Z
- _id: 1
  _time: 2025-06-15 00:49:31.753379430 Z
  _version: 0.10.1/0.42.0/
  what: dimensions-of-terrain
  when: 2025-06-15 00:49:31.753525385 Z
- _id: 2
  _time: 2025-06-15 00:49:31.757912205 Z
  _version: 0.10.1/0.42.0/
  since: 2025-05-18 00:49:31.758056897 Z
  what: quantity-of-deliverables
  when: 2025-06-15 00:49:31.758023484 Z
- _id: 3
  _time: 2025-06-15 00:49:31.759567918 Z
  _version: 0.10.1/0.42.0/
  since: 2025-05-18 00:49:31.759701219 Z
  what: quality-of-service
  when: 2025-06-15 00:49:31.759668387 Z
