---
- added: 8
  cycles: 1
  deleted: 8
  inserted: 8
  seconds: 8.15006892
  version: 0.42.0
  what: judges-summary
  when: 2025-05-22 18:41:09.316201312 Z
- _id: 1
  _time: 2025-05-22 18:41:09.307465140 Z
  _version: 0.10.1/0.42.0/
  since: 2025-04-24 18:41:09.307655898 Z
  what: quality-of-service
  when: 2025-05-22 18:41:09.307617876 Z
- _id: 2
  _time: 2025-05-22 18:41:09.311887621 Z
  _version: 0.10.1/0.42.0/
  what: dimensions-of-terrain
  when: 2025-05-22 18:41:09.311972470 Z
- _id: 3
  _time: 2025-05-22 18:41:09.314373467 Z
  _version: 0.10.1/0.42.0/
  since: 2025-04-24 18:41:09.314474907 Z
  what: quantity-of-deliverables
  when: 2025-05-22 18:41:09.314451954 Z
