---
- added: 8
  cycles: 1
  deleted: 8
  inserted: 8
  seconds: 7.74368295
  version: 0.42.0
  what: judges-summary
  when: 2025-06-13 04:10:38.156802679 Z
- _id: 1
  _time: 2025-06-13 04:10:38.146677995 Z
  _version: 0.10.1/0.42.0/
  what: dimensions-of-terrain
  when: 2025-06-13 04:10:38.146830081 Z
- _id: 2
  _time: 2025-06-13 04:10:38.150124275 Z
  _version: 0.10.1/0.42.0/
  since: 2025-05-16 04:10:38.150303542 Z
  what: quality-of-service
  when: 2025-06-13 04:10:38.150232348 Z
- _id: 3
  _time: 2025-06-13 04:10:38.153866229 Z
  _version: 0.10.1/0.42.0/
  since: 2025-05-16 04:10:38.153969773 Z
  what: quantity-of-deliverables
  when: 2025-06-13 04:10:38.153945949 Z
