---
- added: 8
  cycles: 1
  deleted: 8
  inserted: 8
  seconds: 7.768919428
  version: 0.42.0
  what: judges-summary
  when: 2025-05-16 13:13:15.054752266 Z
- _id: 1
  _time: 2025-05-16 13:13:15.047407558 Z
  _version: 0.10.1/0.42.0/
  since: 2025-04-18 13:13:15.047634702 Z
  what: quality-of-service
  when: 2025-05-16 13:13:15.047594487 Z
- _id: 2
  _time: 2025-05-16 13:13:15.051127700 Z
  _version: 0.10.1/0.42.0/
  since: 2025-04-18 13:13:15.051230301 Z
  what: quantity-of-deliverables
  when: 2025-05-16 13:13:15.051207338 Z
- _id: 3
  _time: 2025-05-16 13:13:15.052994450 Z
  _version: 0.10.1/0.42.0/
  what: dimensions-of-terrain
  when: 2025-05-16 13:13:15.053072266 Z
