---
- added: 8
  cycles: 1
  deleted: 8
  inserted: 8
  seconds: 7.848547366
  version: 0.42.0
  what: judges-summary
  when: 2025-06-06 12:08:29.849292370 Z
- _id: 1
  _time: 2025-06-06 12:08:29.842480364 Z
  _version: 0.10.1/0.42.0/
  since: 2025-05-09 12:08:29.842664750 Z
  what: quality-of-service
  when: 2025-06-06 12:08:29.842628001 Z
- _id: 2
  _time: 2025-06-06 12:08:29.846974741 Z
  _version: 0.10.1/0.42.0/
  what: dimensions-of-terrain
  when: 2025-06-06 12:08:29.847051645 Z
- _id: 3
  _time: 2025-06-06 12:08:29.848331317 Z
  _version: 0.10.1/0.42.0/
  since: 2025-05-09 12:08:29.848425945 Z
  what: quantity-of-deliverables
  when: 2025-06-06 12:08:29.848404004 Z
