---
- added: 8
  cycles: 1
  deleted: 8
  inserted: 8
  seconds: 7.945915876
  version: 0.42.0
  what: judges-summary
  when: 2025-06-04 06:42:25.084828121 Z
- _id: 1
  _time: 2025-06-04 06:42:25.079186671 Z
  _version: 0.10.1/0.42.0/
  since: 2025-05-07 06:42:25.079369541 Z
  what: quantity-of-deliverables
  when: 2025-06-04 06:42:25.079332452 Z
- _id: 2
  _time: 2025-06-04 06:42:25.081346972 Z
  _version: 0.10.1/0.42.0/
  since: 2025-05-07 06:42:25.081483436 Z
  what: quality-of-service
  when: 2025-06-04 06:42:25.081450675 Z
- _id: 3
  _time: 2025-06-04 06:42:25.082961094 Z
  _version: 0.10.1/0.42.0/
  what: dimensions-of-terrain
  when: 2025-06-04 06:42:25.083038789 Z
