---
- added: 8
  cycles: 1
  deleted: 8
  inserted: 8
  seconds: 8.230372142
  version: 0.42.0
  what: judges-summary
  when: 2025-05-19 09:37:38.209884165 Z
- _id: 1
  _time: 2025-05-19 09:37:38.200408490 Z
  _version: 0.10.1/0.42.0/
  since: 2025-04-21 09:37:38.200590401 Z
  what: quality-of-service
  when: 2025-05-19 09:37:38.200552911 Z
- _id: 2
  _time: 2025-05-19 09:37:38.202886823 Z
  _version: 0.10.1/0.42.0/
  since: 2025-04-21 09:37:38.202987222 Z
  what: quantity-of-deliverables
  when: 2025-05-19 09:37:38.202964980 Z
- _id: 3
  _time: 2025-05-19 09:37:38.208969393 Z
  _version: 0.10.1/0.42.0/
  what: dimensions-of-terrain
  when: 2025-05-19 09:37:38.209046648 Z
