---
- added: 8
  cycles: 1
  deleted: 8
  inserted: 8
  seconds: 6.917828447
  version: 0.42.0
  what: judges-summary
  when: 2025-06-13 22:37:49.756728817 Z
- _id: 1
  _time: 2025-06-13 22:37:49.749745818 Z
  _version: 0.10.1/0.42.0/
  what: dimensions-of-terrain
  when: 2025-06-13 22:37:49.749894455 Z
- _id: 2
  _time: 2025-06-13 22:37:49.753241963 Z
  _version: 0.10.1/0.42.0/
  since: 2025-05-16 22:37:49.753381423 Z
  what: quality-of-service
  when: 2025-06-13 22:37:49.753346959 Z
- _id: 3
  _time: 2025-06-13 22:37:49.754978257 Z
  _version: 0.10.1/0.42.0/
  since: 2025-05-16 22:37:49.755076230 Z
  what: quantity-of-deliverables
  when: 2025-06-13 22:37:49.755053197 Z
