---
- added: 8
  cycles: 1
  deleted: 8
  inserted: 8
  seconds: 0.73354303
  version: 0.42.0
  what: judges-summary
  when: 2025-05-15 06:07:06.821349200 Z
- _id: 1
  _time: 2025-05-15 06:07:06.808606008 Z
  _version: 0.10.1/0.42.0/
  what: dimensions-of-terrain
  when: 2025-05-15 06:07:06.808774894 Z
- _id: 2
  _time: 2025-05-15 06:07:06.815458597 Z
  _version: 0.10.1/0.42.0/
  since: 2025-04-17 06:07:06.815690721 Z
  what: quality-of-service
  when: 2025-05-15 06:07:06.815628895 Z
- _id: 3
  _time: 2025-05-15 06:07:06.819686853 Z
  _version: 0.10.1/0.42.0/
  since: 2025-04-17 06:07:06.819817206 Z
  what: quantity-of-deliverables
  when: 2025-05-15 06:07:06.819794674 Z
