---
- added: 8
  cycles: 1
  deleted: 8
  inserted: 8
  seconds: 7.923360992
  version: 0.42.0
  what: judges-summary
  when: 2025-06-13 18:41:23.313244578 Z
- _id: 1
  _time: 2025-06-13 18:41:23.302630988 Z
  _version: 0.10.1/0.42.0/
  since: 2025-05-16 18:41:23.302807188 Z
  what: quantity-of-deliverables
  when: 2025-06-13 18:41:23.302771290 Z
- _id: 2
  _time: 2025-06-13 18:41:23.306349141 Z
  _version: 0.10.1/0.42.0/
  what: dimensions-of-terrain
  when: 2025-06-13 18:41:23.306534217 Z
- _id: 3
  _time: 2025-06-13 18:41:23.311181606 Z
  _version: 0.10.1/0.42.0/
  since: 2025-05-16 18:41:23.311317019 Z
  what: quality-of-service
  when: 2025-06-13 18:41:23.311284869 Z
