---
- added: 8
  cycles: 1
  deleted: 8
  inserted: 8
  seconds: 18.165987644
  version: 0.42.0
  what: judges-summary
  when: 2025-06-10 11:05:13.210638007 Z
- _id: 1
  _time: 2025-06-10 11:05:13.199751781 Z
  _version: 0.10.1/0.42.0/
  since: 2025-05-13 11:05:13.199933461 Z
  what: quantity-of-deliverables
  when: 2025-06-10 11:05:13.199896863 Z
- _id: 2
  _time: 2025-06-10 11:05:13.202296837 Z
  _version: 0.10.1/0.42.0/
  since: 2025-05-13 11:05:13.202431590 Z
  what: quality-of-service
  when: 2025-06-10 11:05:13.202399930 Z
- _id: 3
  _time: 2025-06-10 11:05:13.204502728 Z
  _version: 0.10.1/0.42.0/
  what: dimensions-of-terrain
  when: 2025-06-10 11:05:13.204578340 Z
