---
- added: 8
  cycles: 1
  deleted: 8
  inserted: 8
  seconds: 7.497652374
  version: 0.42.0
  what: judges-summary
  when: 2025-05-14 16:39:56.635410534 Z
- _id: 1
  _time: 2025-05-14 16:39:56.627371982 Z
  _version: 0.10.1/0.42.0/
  since: 2025-04-16 16:39:56.627589728 Z
  what: quantity-of-deliverables
  when: 2025-05-14 16:39:56.627549493 Z
- _id: 2
  _time: 2025-05-14 16:39:56.631595193 Z
  _version: 0.10.1/0.42.0/
  what: dimensions-of-terrain
  when: 2025-05-14 16:39:56.631706100 Z
- _id: 3
  _time: 2025-05-14 16:39:56.634124247 Z
  _version: 0.10.1/0.42.0/
  since: 2025-04-16 16:39:56.634264177 Z
  what: quality-of-service
  when: 2025-05-14 16:39:56.634230104 Z
