---
- added: 8
  cycles: 1
  deleted: 8
  inserted: 8
  seconds: 7.984048994
  version: 0.42.0
  what: judges-summary
  when: 2025-06-02 08:07:53.650552294 Z
- _id: 1
  _time: 2025-06-02 08:07:53.638031833 Z
  _version: 0.10.1/0.42.0/
  since: 2025-05-05 08:07:53.638219144 Z
  what: quantity-of-deliverables
  when: 2025-06-02 08:07:53.638181203 Z
- _id: 2
  _time: 2025-06-02 08:07:53.643262948 Z
  _version: 0.10.1/0.42.0/
  what: dimensions-of-terrain
  when: 2025-06-02 08:07:53.643369808 Z
- _id: 3
  _time: 2025-06-02 08:07:53.649242883 Z
  _version: 0.10.1/0.42.0/
  since: 2025-05-05 08:07:53.649381833 Z
  what: quality-of-service
  when: 2025-06-02 08:07:53.649348291 Z
