---
- added: 8
  cycles: 1
  deleted: 8
  inserted: 8
  seconds: 8.706779761
  version: 0.42.0
  what: judges-summary
  when: 2025-05-15 08:06:53.499272093 Z
- _id: 1
  _time: 2025-05-15 08:06:53.485780504 Z
  _version: 0.10.1/0.42.0/
  what: dimensions-of-terrain
  when: 2025-05-15 08:06:53.485933124 Z
- _id: 2
  _time: 2025-05-15 08:06:53.493311335 Z
  _version: 0.10.1/0.42.0/
  since: 2025-04-17 08:06:53.493495826 Z
  what: quality-of-service
  when: 2025-05-15 08:06:53.493427446 Z
- _id: 3
  _time: 2025-05-15 08:06:53.495044898 Z
  _version: 0.10.1/0.42.0/
  since: 2025-04-17 08:06:53.495145068 Z
  what: quantity-of-deliverables
  when: 2025-05-15 08:06:53.495121253 Z
