---
- added: 8
  cycles: 1
  deleted: 8
  inserted: 8
  seconds: 13.757589386
  version: 0.42.0
  what: judges-summary
  when: 2025-05-16 15:36:03.787099451 Z
- _id: 1
  _time: 2025-05-16 15:36:03.773401336 Z
  _version: 0.10.1/0.42.0/
  since: 2025-04-18 15:36:03.773590429 Z
  what: quantity-of-deliverables
  when: 2025-05-16 15:36:03.773552669 Z
- _id: 2
  _time: 2025-05-16 15:36:03.782318213 Z
  _version: 0.10.1/0.42.0/
  since: 2025-04-18 15:36:03.782562578 Z
  what: quality-of-service
  when: 2025-05-16 15:36:03.782501845 Z
- _id: 3
  _time: 2025-05-16 15:36:03.784861827 Z
  _version: 0.10.1/0.42.0/
  what: dimensions-of-terrain
  when: 2025-05-16 15:36:03.784948900 Z
