---
- added: 8
  cycles: 1
  deleted: 8
  inserted: 8
  seconds: 17.061808205
  version: 0.42.0
  what: judges-summary
  when: 2025-05-18 09:34:54.275258298 Z
- _id: 1
  _time: 2025-05-18 09:34:54.269181559 Z
  _version: 0.10.1/0.42.0/
  what: dimensions-of-terrain
  when: 2025-05-18 09:34:54.269324747 Z
- _id: 2
  _time: 2025-05-18 09:34:54.271624644 Z
  _version: 0.10.1/0.42.0/
  since: 2025-04-20 09:34:54.271760248 Z
  what: quality-of-service
  when: 2025-05-18 09:34:54.271726755 Z
- _id: 3
  _time: 2025-05-18 09:34:54.274361949 Z
  _version: 0.10.1/0.42.0/
  since: 2025-04-20 09:34:54.274458580 Z
  what: quantity-of-deliverables
  when: 2025-05-18 09:34:54.274436269 Z
