---
- added: 8
  cycles: 1
  deleted: 8
  inserted: 8
  seconds: 7.190581015
  version: 0.42.0
  what: judges-summary
  when: 2025-06-04 05:05:53.851059732 Z
- _id: 1
  _time: 2025-06-04 05:05:53.839487080 Z
  _version: 0.10.1/0.42.0/
  since: 2025-05-07 05:05:53.839671807 Z
  what: quality-of-service
  when: 2025-06-04 05:05:53.839634948 Z
- _id: 2
  _time: 2025-06-04 05:05:53.846044457 Z
  _version: 0.10.1/0.42.0/
  what: dimensions-of-terrain
  when: 2025-06-04 05:05:53.846124327 Z
- _id: 3
  _time: 2025-06-04 05:05:53.850129868 Z
  _version: 0.10.1/0.42.0/
  since: 2025-05-07 05:05:53.850229565 Z
  what: quantity-of-deliverables
  when: 2025-06-04 05:05:53.850206322 Z
