---
- added: 8
  cycles: 1
  deleted: 8
  inserted: 8
  seconds: 10.669819732
  version: 0.42.0
  what: judges-summary
  when: 2025-06-12 13:14:44.862299833 Z
- _id: 1
  _time: 2025-06-12 13:14:44.851644863 Z
  _version: 0.10.1/0.42.0/
  since: 2025-05-15 13:14:44.851861056 Z
  what: quantity-of-deliverables
  when: 2025-06-12 13:14:44.851822534 Z
- _id: 2
  _time: 2025-06-12 13:14:44.855828278 Z
  _version: 0.10.1/0.42.0/
  since: 2025-05-15 13:14:44.855968679 Z
  what: quality-of-service
  when: 2025-06-12 13:14:44.855935658 Z
- _id: 3
  _time: 2025-06-12 13:14:44.857899500 Z
  _version: 0.10.1/0.42.0/
  what: dimensions-of-terrain
  when: 2025-06-12 13:14:44.858010026 Z
