---
- added: 8
  cycles: 1
  deleted: 8
  inserted: 8
  seconds: 13.684826744
  version: 0.42.0
  what: judges-summary
  when: 2025-05-28 02:35:12.374061812 Z
- _id: 1
  _time: 2025-05-28 02:35:12.367843489 Z
  _version: 0.10.1/0.42.0/
  since: 2025-04-30 02:35:12.368156064 Z
  what: quality-of-service
  when: 2025-05-28 02:35:12.368081635 Z
- _id: 2
  _time: 2025-05-28 02:35:12.371110821 Z
  _version: 0.10.1/0.42.0/
  since: 2025-04-30 02:35:12.371212161 Z
  what: quantity-of-deliverables
  when: 2025-05-28 02:35:12.371189058 Z
- _id: 3
  _time: 2025-05-28 02:35:12.373141250 Z
  _version: 0.10.1/0.42.0/
  what: dimensions-of-terrain
  when: 2025-05-28 02:35:12.373215248 Z
