---
- added: 8
  cycles: 1
  deleted: 8
  inserted: 8
  seconds: 9.652254651
  version: 0.42.0
  what: judges-summary
  when: 2025-05-22 02:34:38.730049393 Z
- _id: 1
  _time: 2025-05-22 02:34:38.718267206 Z
  _version: 0.10.1/0.42.0/
  since: 2025-04-24 02:34:38.718477559 Z
  what: quality-of-service
  when: 2025-05-22 02:34:38.718438846 Z
- _id: 2
  _time: 2025-05-22 02:34:38.725016180 Z
  _version: 0.10.1/0.42.0/
  since: 2025-04-24 02:34:38.725113963 Z
  what: quantity-of-deliverables
  when: 2025-05-22 02:34:38.725091711 Z
- _id: 3
  _time: 2025-05-22 02:34:38.727582511 Z
  _version: 0.10.1/0.42.0/
  what: dimensions-of-terrain
  when: 2025-05-22 02:34:38.727658383 Z
