---
- added: 8
  cycles: 1
  deleted: 8
  inserted: 8
  seconds: 7.7077565
  version: 0.42.0
  what: judges-summary
  when: 2025-05-20 11:34:28.300080849 Z
- _id: 1
  _time: 2025-05-20 11:34:28.293061739 Z
  _version: 0.10.1/0.42.0/
  since: 2025-04-22 11:34:28.293248055 Z
  what: quantity-of-deliverables
  when: 2025-05-20 11:34:28.293211157 Z
- _id: 2
  _time: 2025-05-20 11:34:28.295790660 Z
  _version: 0.10.1/0.42.0/
  since: 2025-04-22 11:34:28.295921173 Z
  what: quality-of-service
  when: 2025-05-20 11:34:28.295890466 Z
- _id: 3
  _time: 2025-05-20 11:34:28.299159421 Z
  _version: 0.10.1/0.42.0/
  what: dimensions-of-terrain
  when: 2025-05-20 11:34:28.299235503 Z
