---
- added: 8
  cycles: 1
  deleted: 8
  inserted: 8
  seconds: 7.938355942
  version: 0.42.0
  what: judges-summary
  when: 2025-06-06 03:25:59.379471919 Z
- _id: 1
  _time: 2025-06-06 03:25:59.364832494 Z
  _version: 0.10.1/0.42.0/
  what: dimensions-of-terrain
  when: 2025-06-06 03:25:59.364986070 Z
- _id: 2
  _time: 2025-06-06 03:25:59.370016161 Z
  _version: 0.10.1/0.42.0/
  since: 2025-05-09 03:25:59.370195475 Z
  what: quality-of-service
  when: 2025-06-06 03:25:59.370160440 Z
- _id: 3
  _time: 2025-06-06 03:25:59.377420491 Z
  _version: 0.10.1/0.42.0/
  since: 2025-05-09 03:25:59.377522270 Z
  what: quantity-of-deliverables
  when: 2025-06-06 03:25:59.377498075 Z
