---
- added: 8
  cycles: 1
  deleted: 8
  inserted: 8
  seconds: 10.161491135
  version: 0.42.0
  what: judges-summary
  when: 2025-05-20 20:37:17.440036800 Z
- _id: 1
  _time: 2025-05-20 20:37:17.427167467 Z
  _version: 0.10.1/0.42.0/
  since: 2025-04-22 20:37:17.427386117 Z
  what: quantity-of-deliverables
  when: 2025-05-20 20:37:17.427343597 Z
- _id: 2
  _time: 2025-05-20 20:37:17.436330123 Z
  _version: 0.10.1/0.42.0/
  since: 2025-04-22 20:37:17.436498187 Z
  what: quality-of-service
  when: 2025-05-20 20:37:17.436460657 Z
- _id: 3
  _time: 2025-05-20 20:37:17.438035417 Z
  _version: 0.10.1/0.42.0/
  what: dimensions-of-terrain
  when: 2025-05-20 20:37:17.438119976 Z
