---
- added: 8
  cycles: 1
  deleted: 8
  inserted: 8
  seconds: 10.776218649
  version: 0.42.0
  what: judges-summary
  when: 2025-06-03 10:39:46.267227483 Z
- _id: 1
  _time: 2025-06-03 10:39:46.256897361 Z
  _version: 0.10.1/0.42.0/
  since: 2025-05-06 10:39:46.257081634 Z
  what: quantity-of-deliverables
  when: 2025-06-03 10:39:46.257042131 Z
- _id: 2
  _time: 2025-06-03 10:39:46.258720650 Z
  _version: 0.10.1/0.42.0/
  what: dimensions-of-terrain
  when: 2025-06-03 10:39:46.258827890 Z
- _id: 3
  _time: 2025-06-03 10:39:46.263065610 Z
  _version: 0.10.1/0.42.0/
  since: 2025-05-06 10:39:46.263204860 Z
  what: quality-of-service
  when: 2025-06-03 10:39:46.263171708 Z
