---
- added: 8
  cycles: 1
  deleted: 8
  inserted: 8
  seconds: 10.191147112
  version: 0.42.0
  what: judges-summary
  when: 2025-06-13 22:05:30.891055829 Z
- _id: 1
  _time: 2025-06-13 22:05:30.877645189 Z
  _version: 0.10.1/0.42.0/
  what: dimensions-of-terrain
  when: 2025-06-13 22:05:30.877795410 Z
- _id: 2
  _time: 2025-06-13 22:05:30.882896594 Z
  _version: 0.10.1/0.42.0/
  since: 2025-05-16 22:05:30.883062755 Z
  what: quantity-of-deliverables
  when: 2025-06-13 22:05:30.882998875 Z
- _id: 3
  _time: 2025-06-13 22:05:30.887766981 Z
  _version: 0.10.1/0.42.0/
  since: 2025-05-16 22:05:30.887899790 Z
  what: quality-of-service
  when: 2025-06-13 22:05:30.887868542 Z
