---
- added: 8
  cycles: 1
  deleted: 8
  inserted: 8
  seconds: 13.204250399
  version: 0.42.0
  what: judges-summary
  when: 2025-05-18 04:09:26.699711628 Z
- _id: 1
  _time: 2025-05-18 04:09:26.688002745 Z
  _version: 0.10.1/0.42.0/
  since: 2025-04-20 04:09:26.688179496 Z
  what: quantity-of-deliverables
  when: 2025-05-18 04:09:26.688143168 Z
- _id: 2
  _time: 2025-05-18 04:09:26.691882471 Z
  _version: 0.10.1/0.42.0/
  what: dimensions-of-terrain
  when: 2025-05-18 04:09:26.691987036 Z
- _id: 3
  _time: 2025-05-18 04:09:26.693891933 Z
  _version: 0.10.1/0.42.0/
  since: 2025-04-20 04:09:26.694231248 Z
  what: quality-of-service
  when: 2025-05-18 04:09:26.694149055 Z
