---
- added: 8
  cycles: 1
  deleted: 8
  inserted: 8
  seconds: 17.751407563
  version: 0.42.0
  what: judges-summary
  when: 2025-06-02 15:38:14.130507385 Z
- _id: 1
  _time: 2025-06-02 15:38:14.119331389 Z
  _version: 0.10.1/0.42.0/
  since: 2025-05-05 15:38:14.119516274 Z
  what: quality-of-service
  when: 2025-06-02 15:38:14.119478764 Z
- _id: 2
  _time: 2025-06-02 15:38:14.121728368 Z
  _version: 0.10.1/0.42.0/
  since: 2025-05-05 15:38:14.121825039 Z
  what: quantity-of-deliverables
  when: 2025-06-02 15:38:14.121802156 Z
- _id: 3
  _time: 2025-06-02 15:38:14.126640026 Z
  _version: 0.10.1/0.42.0/
  what: dimensions-of-terrain
  when: 2025-06-02 15:38:14.126717671 Z
