---
- added: 8
  cycles: 1
  deleted: 8
  inserted: 8
  seconds: 7.812764759
  version: 0.42.0
  what: judges-summary
  when: 2025-06-13 16:06:01.168451879 Z
- _id: 1
  _time: 2025-06-13 16:06:01.159774810 Z
  _version: 0.10.1/0.42.0/
  since: 2025-05-16 16:06:01.159963715 Z
  what: quality-of-service
  when: 2025-06-13 16:06:01.159924933 Z
- _id: 2
  _time: 2025-06-13 16:06:01.162258089 Z
  _version: 0.10.1/0.42.0/
  since: 2025-05-16 16:06:01.162357355 Z
  what: quantity-of-deliverables
  when: 2025-06-13 16:06:01.162334382 Z
- _id: 3
  _time: 2025-06-13 16:06:01.166393373 Z
  _version: 0.10.1/0.42.0/
  what: dimensions-of-terrain
  when: 2025-06-13 16:06:01.166469556 Z
