---
- added: 8
  cycles: 1
  deleted: 8
  inserted: 8
  seconds: 13.09379704
  version: 0.42.0
  what: judges-summary
  when: 2025-05-15 03:23:02.778478299 Z
- _id: 1
  _time: 2025-05-15 03:23:02.765058203 Z
  _version: 0.10.1/0.42.0/
  what: dimensions-of-terrain
  when: 2025-05-15 03:23:02.765214193 Z
- _id: 2
  _time: 2025-05-15 03:23:02.770222619 Z
  _version: 0.10.1/0.42.0/
  since: 2025-04-17 03:23:02.770359814 Z
  what: quantity-of-deliverables
  when: 2025-05-15 03:23:02.770326803 Z
- _id: 3
  _time: 2025-05-15 03:23:02.777179586 Z
  _version: 0.10.1/0.42.0/
  since: 2025-04-17 03:23:02.777313925 Z
  what: quality-of-service
  when: 2025-05-15 03:23:02.777281275 Z
