---
- added: 8
  cycles: 1
  deleted: 8
  inserted: 8
  seconds: 18.517294382
  version: 0.42.0
  what: judges-summary
  when: 2025-05-15 14:05:44.617907081 Z
- _id: 1
  _time: 2025-05-15 14:05:44.603263742 Z
  _version: 0.10.1/0.42.0/
  what: dimensions-of-terrain
  when: 2025-05-15 14:05:44.603411899 Z
- _id: 2
  _time: 2025-05-15 14:05:44.606714526 Z
  _version: 0.10.1/0.42.0/
  since: 2025-04-17 14:05:44.606852104 Z
  what: quality-of-service
  when: 2025-05-15 14:05:44.606818000 Z
- _id: 3
  _time: 2025-05-15 14:05:44.613745882 Z
  _version: 0.10.1/0.42.0/
  since: 2025-04-17 14:05:44.613846049 Z
  what: quantity-of-deliverables
  when: 2025-05-15 14:05:44.613823026 Z
