---
- added: 8
  cycles: 1
  deleted: 8
  inserted: 8
  seconds: 7.5411146
  version: 0.42.0
  what: judges-summary
  when: 2025-06-02 05:06:27.184899100 Z
- _id: 1
  _time: 2025-06-02 05:06:27.171428756 Z
  _version: 0.10.1/0.42.0/
  what: dimensions-of-terrain
  when: 2025-06-02 05:06:27.171577493 Z
- _id: 2
  _time: 2025-06-02 05:06:27.180525862 Z
  _version: 0.10.1/0.42.0/
  since: 2025-05-05 05:06:27.180664149 Z
  what: quantity-of-deliverables
  when: 2025-06-02 05:06:27.180630246 Z
- _id: 3
  _time: 2025-06-02 05:06:27.183569352 Z
  _version: 0.10.1/0.42.0/
  since: 2025-05-05 05:06:27.183706698 Z
  what: quality-of-service
  when: 2025-06-02 05:06:27.183673977 Z
