---
- added: 8
  cycles: 1
  deleted: 8
  inserted: 8
  seconds: 10.082262382
  version: 0.42.0
  what: judges-summary
  when: 2025-05-22 12:08:38.091970412 Z
- _id: 1
  _time: 2025-05-22 12:08:38.081937534 Z
  _version: 0.10.1/0.42.0/
  what: dimensions-of-terrain
  when: 2025-05-22 12:08:38.082085030 Z
- _id: 2
  _time: 2025-05-22 12:08:38.087491806 Z
  _version: 0.10.1/0.42.0/
  since: 2025-04-24 12:08:38.087640334 Z
  what: quality-of-service
  when: 2025-05-22 12:08:38.087605389 Z
- _id: 3
  _time: 2025-05-22 12:08:38.091048696 Z
  _version: 0.10.1/0.42.0/
  since: 2025-04-24 12:08:38.091149224 Z
  what: quantity-of-deliverables
  when: 2025-05-22 12:08:38.091126081 Z
