---
- added: 8
  cycles: 1
  deleted: 8
  inserted: 8
  seconds: 7.333488711
  version: 0.42.0
  what: judges-summary
  when: 2025-05-11 23:34:23.424877854 Z
- _id: 1
  _time: 2025-05-11 23:34:23.417248804 Z
  _version: 0.10.1/0.42.0/
  since: 2025-04-13 23:34:23.417456553 Z
  what: quantity-of-deliverables
  when: 2025-05-11 23:34:23.417416598 Z
- _id: 2
  _time: 2025-05-11 23:34:23.419531159 Z
  _version: 0.10.1/0.42.0/
  since: 2025-04-13 23:34:23.419663237 Z
  what: quality-of-service
  when: 2025-05-11 23:34:23.419631157 Z
- _id: 3
  _time: 2025-05-11 23:34:23.423965465 Z
  _version: 0.10.1/0.42.0/
  what: dimensions-of-terrain
  when: 2025-05-11 23:34:23.424041618 Z
