---
- added: 8
  cycles: 1
  deleted: 8
  inserted: 8
  seconds: 9.444738019
  version: 0.42.0
  what: judges-summary
  when: 2025-05-18 16:38:07.898894419 Z
- _id: 1
  _time: 2025-05-18 16:38:07.890709985 Z
  _version: 0.10.1/0.42.0/
  what: dimensions-of-terrain
  when: 2025-05-18 16:38:07.890854225 Z
- _id: 2
  _time: 2025-05-18 16:38:07.895130407 Z
  _version: 0.10.1/0.42.0/
  since: 2025-04-20 16:38:07.895371099 Z
  what: quantity-of-deliverables
  when: 2025-05-18 16:38:07.895308922 Z
- _id: 3
  _time: 2025-05-18 16:38:07.897514610 Z
  _version: 0.10.1/0.42.0/
  since: 2025-04-20 16:38:07.897649994 Z
  what: quality-of-service
  when: 2025-05-18 16:38:07.897617433 Z
