---
- added: 8
  cycles: 1
  deleted: 8
  inserted: 8
  seconds: 13.729603288
  version: 0.42.0
  what: judges-summary
  when: 2025-05-19 14:05:50.909742735 Z
- _id: 1
  _time: 2025-05-19 14:05:50.896453978 Z
  _version: 0.10.1/0.42.0/
  since: 2025-04-21 14:05:50.896644115 Z
  what: quantity-of-deliverables
  when: 2025-05-19 14:05:50.896605182 Z
- _id: 2
  _time: 2025-05-19 14:05:50.898266561 Z
  _version: 0.10.1/0.42.0/
  what: dimensions-of-terrain
  when: 2025-05-19 14:05:50.898370045 Z
- _id: 3
  _time: 2025-05-19 14:05:50.903074778 Z
  _version: 0.10.1/0.42.0/
  since: 2025-04-21 14:05:50.903210363 Z
  what: quality-of-service
  when: 2025-05-19 14:05:50.903177511 Z
