---
- added: 8
  cycles: 1
  deleted: 8
  inserted: 8
  seconds: 7.88664842
  version: 0.42.0
  what: judges-summary
  when: 2025-05-30 09:36:22.593008027 Z
- _id: 1
  _time: 2025-05-30 09:36:22.580055202 Z
  _version: 0.10.1/0.42.0/
  since: 2025-05-02 09:36:22.580277728 Z
  what: quantity-of-deliverables
  when: 2025-05-30 09:36:22.580212446 Z
- _id: 2
  _time: 2025-05-30 09:36:22.584444945 Z
  _version: 0.10.1/0.42.0/
  since: 2025-05-02 09:36:22.584579797 Z
  what: quality-of-service
  when: 2025-05-30 09:36:22.584546936 Z
- _id: 3
  _time: 2025-05-30 09:36:22.587206572 Z
  _version: 0.10.1/0.42.0/
  what: dimensions-of-terrain
  when: 2025-05-30 09:36:22.587312982 Z
