---
- added: 8
  cycles: 1
  deleted: 8
  inserted: 8
  seconds: 9.87665667
  version: 0.42.0
  what: judges-summary
  when: 2025-05-27 18:05:52.530252387 Z
- _id: 1
  _time: 2025-05-27 18:05:52.516182008 Z
  _version: 0.10.1/0.42.0/
  what: dimensions-of-terrain
  when: 2025-05-27 18:05:52.516333509 Z
- _id: 2
  _time: 2025-05-27 18:05:52.522047880 Z
  _version: 0.10.1/0.42.0/
  since: 2025-04-29 18:05:52.522192889 Z
  what: quantity-of-deliverables
  when: 2025-05-27 18:05:52.522157995 Z
- _id: 3
  _time: 2025-05-27 18:05:52.528907137 Z
  _version: 0.10.1/0.42.0/
  since: 2025-04-29 18:05:52.529085207 Z
  what: quality-of-service
  when: 2025-05-27 18:05:52.529048900 Z
