---
- added: 8
  cycles: 1
  deleted: 8
  inserted: 8
  seconds: 8.156595772
  version: 0.42.0
  what: judges-summary
  when: 2025-06-02 16:06:10.403104857 Z
- _id: 1
  _time: 2025-06-02 16:06:10.388206105 Z
  _version: 0.10.1/0.42.0/
  what: dimensions-of-terrain
  when: 2025-06-02 16:06:10.388393376 Z
- _id: 2
  _time: 2025-06-02 16:06:10.396415792 Z
  _version: 0.10.1/0.42.0/
  since: 2025-05-05 16:06:10.396568207 Z
  what: quantity-of-deliverables
  when: 2025-06-02 16:06:10.396534173 Z
- _id: 3
  _time: 2025-06-02 16:06:10.398371249 Z
  _version: 0.10.1/0.42.0/
  since: 2025-05-05 16:06:10.398656543 Z
  what: quality-of-service
  when: 2025-06-02 16:06:10.398585700 Z
