---
- added: 8
  cycles: 1
  deleted: 8
  inserted: 8
  seconds: 10.375517638
  version: 0.42.0
  what: judges-summary
  when: 2025-05-15 23:34:58.368738830 Z
- _id: 1
  _time: 2025-05-15 23:34:58.361706223 Z
  _version: 0.10.1/0.42.0/
  since: 2025-04-17 23:34:58.361895117 Z
  what: quantity-of-deliverables
  when: 2025-05-15 23:34:58.361855442 Z
- _id: 2
  _time: 2025-05-15 23:34:58.365193903 Z
  _version: 0.10.1/0.42.0/
  since: 2025-04-17 23:34:58.365331661 Z
  what: quality-of-service
  when: 2025-05-15 23:34:58.365299711 Z
- _id: 3
  _time: 2025-05-15 23:34:58.367777841 Z
  _version: 0.10.1/0.42.0/
  what: dimensions-of-terrain
  when: 2025-05-15 23:34:58.367855727 Z
