---
- added: 8
  cycles: 1
  deleted: 8
  inserted: 8
  seconds: 17.570019003
  version: 0.42.0
  what: judges-summary
  when: 2025-06-04 07:06:04.117171817 Z
- _id: 1
  _time: 2025-06-04 07:06:04.110340492 Z
  _version: 0.10.1/0.42.0/
  what: dimensions-of-terrain
  when: 2025-06-04 07:06:04.110628237 Z
- _id: 2
  _time: 2025-06-04 07:06:04.113491698 Z
  _version: 0.10.1/0.42.0/
  since: 2025-05-07 07:06:04.113632570 Z
  what: quantity-of-deliverables
  when: 2025-06-04 07:06:04.113599218 Z
- _id: 3
  _time: 2025-06-04 07:06:04.115038302 Z
  _version: 0.10.1/0.42.0/
  since: 2025-05-07 07:06:04.115174044 Z
  what: quality-of-service
  when: 2025-06-04 07:06:04.115141504 Z
