---
- added: 8
  cycles: 1
  deleted: 8
  inserted: 8
  seconds: 10.099509824
  version: 0.42.0
  what: judges-summary
  when: 2025-06-05 16:40:43.446259970 Z
- _id: 1
  _time: 2025-06-05 16:40:43.437185745 Z
  _version: 0.10.1/0.42.0/
  what: dimensions-of-terrain
  when: 2025-06-05 16:40:43.437339443 Z
- _id: 2
  _time: 2025-06-05 16:40:43.441707269 Z
  _version: 0.10.1/0.42.0/
  since: 2025-05-08 16:40:43.441851038 Z
  what: quantity-of-deliverables
  when: 2025-06-05 16:40:43.441816954 Z
- _id: 3
  _time: 2025-06-05 16:40:43.443230830 Z
  _version: 0.10.1/0.42.0/
  since: 2025-05-08 16:40:43.443363318 Z
  what: quality-of-service
  when: 2025-06-05 16:40:43.443331228 Z
