---
- added: 8
  cycles: 1
  deleted: 8
  inserted: 8
  seconds: 9.571552481
  version: 0.42.0
  what: judges-summary
  when: 2025-06-04 04:10:07.018862736 Z
- _id: 1
  _time: 2025-06-04 04:10:07.009916904 Z
  _version: 0.10.1/0.42.0/
  since: 2025-05-07 04:10:07.010102530 Z
  what: quality-of-service
  when: 2025-06-04 04:10:07.010064319 Z
- _id: 2
  _time: 2025-06-04 04:10:07.012252250 Z
  _version: 0.10.1/0.42.0/
  what: dimensions-of-terrain
  when: 2025-06-04 04:10:07.012330066 Z
- _id: 3
  _time: 2025-06-04 04:10:07.015251917 Z
  _version: 0.10.1/0.42.0/
  since: 2025-05-07 04:10:07.015354829 Z
  what: quantity-of-deliverables
  when: 2025-06-04 04:10:07.015330103 Z
