---
- added: 8
  cycles: 1
  deleted: 8
  inserted: 8
  seconds: 9.562418546
  version: 0.42.0
  what: judges-summary
  when: 2025-05-25 04:09:45.916957396 Z
- _id: 1
  _time: 2025-05-25 04:09:45.903228858 Z
  _version: 0.10.1/0.42.0/
  what: dimensions-of-terrain
  when: 2025-05-25 04:09:45.903379780 Z
- _id: 2
  _time: 2025-05-25 04:09:45.910408352 Z
  _version: 0.10.1/0.42.0/
  since: 2025-04-27 04:09:45.910546460 Z
  what: quantity-of-deliverables
  when: 2025-05-25 04:09:45.910512426 Z
- _id: 3
  _time: 2025-05-25 04:09:45.913574892 Z
  _version: 0.10.1/0.42.0/
  since: 2025-04-27 04:09:45.913707831 Z
  what: quality-of-service
  when: 2025-05-25 04:09:45.913675831 Z
