---
- added: 8
  cycles: 1
  deleted: 8
  inserted: 8
  seconds: 9.6843901
  version: 0.42.0
  what: judges-summary
  when: 2025-05-25 19:33:53.208076504 Z
- _id: 1
  _time: 2025-05-25 19:33:53.194546756 Z
  _version: 0.10.1/0.42.0/
  what: dimensions-of-terrain
  when: 2025-05-25 19:33:53.194692737 Z
- _id: 2
  _time: 2025-05-25 19:33:53.204327498 Z
  _version: 0.10.1/0.42.0/
  since: 2025-04-27 19:33:53.204465555 Z
  what: quality-of-service
  when: 2025-05-25 19:33:53.204432373 Z
- _id: 3
  _time: 2025-05-25 19:33:53.206100818 Z
  _version: 0.10.1/0.42.0/
  since: 2025-04-27 19:33:53.206196266 Z
  what: quantity-of-deliverables
  when: 2025-05-25 19:33:53.206172882 Z
