---
- added: 8
  cycles: 1
  deleted: 8
  inserted: 8
  seconds: 9.444419711
  version: 0.42.0
  what: judges-summary
  when: 2025-06-01 05:05:59.601747870 Z
- _id: 1
  _time: 2025-06-01 05:05:59.587205618 Z
  _version: 0.10.1/0.42.0/
  what: dimensions-of-terrain
  when: 2025-06-01 05:05:59.587357352 Z
- _id: 2
  _time: 2025-06-01 05:05:59.589584518 Z
  _version: 0.10.1/0.42.0/
  since: 2025-05-04 05:05:59.589718458 Z
  what: quantity-of-deliverables
  when: 2025-06-01 05:05:59.589686689 Z
- _id: 3
  _time: 2025-06-01 05:05:59.596886361 Z
  _version: 0.10.1/0.42.0/
  since: 2025-05-04 05:05:59.597026653 Z
  what: quality-of-service
  when: 2025-06-01 05:05:59.596993932 Z
