---
- added: 8
  cycles: 1
  deleted: 8
  inserted: 8
  seconds: 17.202150903
  version: 0.42.0
  what: judges-summary
  when: 2025-06-03 22:38:10.477580080 Z
- _id: 1
  _time: 2025-06-03 22:38:10.466963024 Z
  _version: 0.10.1/0.42.0/
  what: dimensions-of-terrain
  when: 2025-06-03 22:38:10.467108877 Z
- _id: 2
  _time: 2025-06-03 22:38:10.475028799 Z
  _version: 0.10.1/0.42.0/
  since: 2025-05-06 22:38:10.475163541 Z
  what: quality-of-service
  when: 2025-06-03 22:38:10.475130479 Z
- _id: 3
  _time: 2025-06-03 22:38:10.476740188 Z
  _version: 0.10.1/0.42.0/
  since: 2025-05-06 22:38:10.476838211 Z
  what: quantity-of-deliverables
  when: 2025-06-03 22:38:10.476815128 Z
