---
- added: 8
  cycles: 1
  deleted: 8
  inserted: 8
  seconds: 7.455904282
  version: 0.42.0
  what: judges-summary
  when: 2025-06-04 01:33:31.844873572 Z
- _id: 1
  _time: 2025-06-04 01:33:31.838720857 Z
  _version: 0.10.1/0.42.0/
  since: 2025-05-07 01:33:31.838910584 Z
  what: quantity-of-deliverables
  when: 2025-06-04 01:33:31.838872983 Z
- _id: 2
  _time: 2025-06-04 01:33:31.842285552 Z
  _version: 0.10.1/0.42.0/
  since: 2025-05-07 01:33:31.842425525 Z
  what: quality-of-service
  when: 2025-06-04 01:33:31.842392763 Z
- _id: 3
  _time: 2025-06-04 01:33:31.843926115 Z
  _version: 0.10.1/0.42.0/
  what: dimensions-of-terrain
  when: 2025-06-04 01:33:31.844005403 Z
