---
- added: 8
  cycles: 1
  deleted: 8
  inserted: 8
  seconds: 6.843553991
  version: 0.42.0
  what: judges-summary
  when: 2025-06-13 03:48:31.033310422 Z
- _id: 1
  _time: 2025-06-13 03:48:31.022154309 Z
  _version: 0.10.1/0.42.0/
  what: dimensions-of-terrain
  when: 2025-06-13 03:48:31.022319018 Z
- _id: 2
  _time: 2025-06-13 03:48:31.028284495 Z
  _version: 0.10.1/0.42.0/
  since: 2025-05-16 03:48:31.028425139 Z
  what: quantity-of-deliverables
  when: 2025-06-13 03:48:31.028391395 Z
- _id: 3
  _time: 2025-06-13 03:48:31.029764834 Z
  _version: 0.10.1/0.42.0/
  since: 2025-05-16 03:48:31.029898826 Z
  what: quality-of-service
  when: 2025-06-13 03:48:31.029867077 Z
