---
- added: 8
  cycles: 1
  deleted: 8
  inserted: 8
  seconds: 7.788096865
  version: 0.42.0
  what: judges-summary
  when: 2025-06-15 11:33:52.242982813 Z
- _id: 1
  _time: 2025-06-15 11:33:52.230180872 Z
  _version: 0.10.1/0.42.0/
  since: 2025-05-18 11:33:52.230365448 Z
  what: quality-of-service
  when: 2025-06-15 11:33:52.230327417 Z
- _id: 2
  _time: 2025-06-15 11:33:52.234995134 Z
  _version: 0.10.1/0.42.0/
  what: dimensions-of-terrain
  when: 2025-06-15 11:33:52.235183226 Z
- _id: 3
  _time: 2025-06-15 11:33:52.236963290 Z
  _version: 0.10.1/0.42.0/
  since: 2025-05-18 11:33:52.237162943 Z
  what: quantity-of-deliverables
  when: 2025-06-15 11:33:52.237120644 Z
