---
- added: 8
  cycles: 1
  deleted: 8
  inserted: 8
  seconds: 7.788798214
  version: 0.42.0
  what: judges-summary
  when: 2025-05-14 15:05:48.493772498 Z
- _id: 1
  _time: 2025-05-14 15:05:48.484436406 Z
  _version: 0.10.1/0.42.0/
  since: 2025-04-16 15:05:48.484623795 Z
  what: quality-of-service
  when: 2025-05-14 15:05:48.484584422 Z
- _id: 2
  _time: 2025-05-14 15:05:48.486298813 Z
  _version: 0.10.1/0.42.0/
  since: 2025-04-16 15:05:48.486396765 Z
  what: quantity-of-deliverables
  when: 2025-05-14 15:05:48.486374334 Z
- _id: 3
  _time: 2025-05-14 15:05:48.492770919 Z
  _version: 0.10.1/0.42.0/
  what: dimensions-of-terrain
  when: 2025-05-14 15:05:48.492853653 Z
