---
- added: 8
  cycles: 1
  deleted: 8
  inserted: 8
  seconds: 6.526788964
  version: 0.42.0
  what: judges-summary
  when: 2025-05-31 00:20:01.637820339 Z
- _id: 1
  _time: 2025-05-31 00:20:01.629310834 Z
  _version: 0.10.1/0.42.0/
  since: 2025-05-03 00:20:01.629492944 Z
  what: quality-of-service
  when: 2025-05-31 00:20:01.629455113 Z
- _id: 2
  _time: 2025-05-31 00:20:01.631522032 Z
  _version: 0.10.1/0.42.0/
  what: dimensions-of-terrain
  when: 2025-05-31 00:20:01.631598094 Z
- _id: 3
  _time: 2025-05-31 00:20:01.635582541 Z
  _version: 0.10.1/0.42.0/
  since: 2025-05-03 00:20:01.635682979 Z
  what: quantity-of-deliverables
  when: 2025-05-31 00:20:01.635659665 Z
