---
- added: 8
  cycles: 1
  deleted: 8
  inserted: 8
  seconds: 6.609990301
  version: 0.42.0
  what: judges-summary
  when: 2025-06-01 02:47:01.924561897 Z
- _id: 1
  _time: 2025-06-01 02:47:01.911885088 Z
  _version: 0.10.1/0.42.0/
  since: 2025-05-04 02:47:01.912149733 Z
  what: quantity-of-deliverables
  when: 2025-06-01 02:47:01.912093218 Z
- _id: 2
  _time: 2025-06-01 02:47:01.918830969 Z
  _version: 0.10.1/0.42.0/
  since: 2025-05-04 02:47:01.918969268 Z
  what: quality-of-service
  when: 2025-06-01 02:47:01.918936056 Z
- _id: 3
  _time: 2025-06-01 02:47:01.921006177 Z
  _version: 0.10.1/0.42.0/
  what: dimensions-of-terrain
  when: 2025-06-01 02:47:01.921111444 Z
