---
- added: 8
  cycles: 1
  deleted: 8
  inserted: 8
  seconds: 9.739720353
  version: 0.42.0
  what: judges-summary
  when: 2025-06-12 05:05:52.054390039 Z
- _id: 1
  _time: 2025-06-12 05:05:52.046158815 Z
  _version: 0.10.1/0.42.0/
  what: dimensions-of-terrain
  when: 2025-06-12 05:05:52.046446370 Z
- _id: 2
  _time: 2025-06-12 05:05:52.049585470 Z
  _version: 0.10.1/0.42.0/
  since: 2025-05-15 05:05:52.049835756 Z
  what: quality-of-service
  when: 2025-06-12 05:05:52.049769473 Z
- _id: 3
  _time: 2025-06-12 05:05:52.053362023 Z
  _version: 0.10.1/0.42.0/
  since: 2025-05-15 05:05:52.053461959 Z
  what: quantity-of-deliverables
  when: 2025-06-12 05:05:52.053438415 Z
