---
- added: 8
  cycles: 1
  deleted: 8
  inserted: 8
  seconds: 13.791365809
  version: 0.42.0
  what: judges-summary
  when: 2025-06-11 05:38:33.848926935 Z
- _id: 1
  _time: 2025-06-11 05:38:33.834978149 Z
  _version: 0.10.1/0.42.0/
  what: dimensions-of-terrain
  when: 2025-06-11 05:38:33.835130596 Z
- _id: 2
  _time: 2025-06-11 05:38:33.837420981 Z
  _version: 0.10.1/0.42.0/
  since: 2025-05-14 05:38:33.837596791 Z
  what: quantity-of-deliverables
  when: 2025-06-11 05:38:33.837547990 Z
- _id: 3
  _time: 2025-06-11 05:38:33.845880231 Z
  _version: 0.10.1/0.42.0/
  since: 2025-05-14 05:38:33.846021326 Z
  what: quality-of-service
  when: 2025-06-11 05:38:33.845988685 Z
