---
- added: 8
  cycles: 1
  deleted: 8
  inserted: 8
  seconds: 6.813256777
  version: 0.42.0
  what: judges-summary
  when: 2025-05-25 08:06:09.920805626 Z
- _id: 1
  _time: 2025-05-25 08:06:09.910873559 Z
  _version: 0.10.1/0.42.0/
  since: 2025-04-27 08:06:09.911052634 Z
  what: quantity-of-deliverables
  when: 2025-05-25 08:06:09.911016577 Z
- _id: 2
  _time: 2025-05-25 08:06:09.913267352 Z
  _version: 0.10.1/0.42.0/
  what: dimensions-of-terrain
  when: 2025-05-25 08:06:09.913508544 Z
- _id: 3
  _time: 2025-05-25 08:06:09.918530146 Z
  _version: 0.10.1/0.42.0/
  since: 2025-04-27 08:06:09.918667724 Z
  what: quality-of-service
  when: 2025-05-25 08:06:09.918635113 Z
