---
- added: 8
  cycles: 1
  deleted: 8
  inserted: 8
  seconds: 7.507303887
  version: 0.42.0
  what: judges-summary
  when: 2025-05-27 03:46:24.728360629 Z
- _id: 1
  _time: 2025-05-27 03:46:24.719061882 Z
  _version: 0.10.1/0.42.0/
  since: 2025-04-29 03:46:24.719245996 Z
  what: quantity-of-deliverables
  when: 2025-05-27 03:46:24.719208926 Z
- _id: 2
  _time: 2025-05-27 03:46:24.720868510 Z
  _version: 0.10.1/0.42.0/
  what: dimensions-of-terrain
  when: 2025-05-27 03:46:24.720972013 Z
- _id: 3
  _time: 2025-05-27 03:46:24.722263248 Z
  _version: 0.10.1/0.42.0/
  since: 2025-04-29 03:46:24.722397178 Z
  what: quality-of-service
  when: 2025-05-27 03:46:24.722363726 Z
