---
- added: 8
  cycles: 1
  deleted: 8
  inserted: 8
  seconds: 10.454749508
  version: 0.42.0
  what: judges-summary
  when: 2025-05-14 16:06:04.696939805 Z
- _id: 1
  _time: 2025-05-14 16:06:04.685515763 Z
  _version: 0.10.1/0.42.0/
  what: dimensions-of-terrain
  when: 2025-05-14 16:06:04.685705435 Z
- _id: 2
  _time: 2025-05-14 16:06:04.688920155 Z
  _version: 0.10.1/0.42.0/
  since: 2025-04-16 16:06:04.689055436 Z
  what: quality-of-service
  when: 2025-05-14 16:06:04.689022655 Z
- _id: 3
  _time: 2025-05-14 16:06:04.693362830 Z
  _version: 0.10.1/0.42.0/
  since: 2025-04-16 16:06:04.693481721 Z
  what: quantity-of-deliverables
  when: 2025-05-14 16:06:04.693440364 Z
