---
- added: 8
  cycles: 1
  deleted: 8
  inserted: 8
  seconds: 7.752813338
  version: 0.42.0
  what: judges-summary
  when: 2025-06-05 19:33:47.350208262 Z
- _id: 1
  _time: 2025-06-05 19:33:47.340592506 Z
  _version: 0.10.1/0.42.0/
  since: 2025-05-08 19:33:47.340808609 Z
  what: quantity-of-deliverables
  when: 2025-06-05 19:33:47.340768845 Z
- _id: 2
  _time: 2025-06-05 19:33:47.343209806 Z
  _version: 0.10.1/0.42.0/
  since: 2025-05-08 19:33:47.343340249 Z
  what: quality-of-service
  when: 2025-06-05 19:33:47.343309672 Z
- _id: 3
  _time: 2025-06-05 19:33:47.349288369 Z
  _version: 0.10.1/0.42.0/
  what: dimensions-of-terrain
  when: 2025-06-05 19:33:47.349366715 Z
