---
- added: 8
  cycles: 1
  deleted: 8
  inserted: 8
  seconds: 6.771562632
  version: 0.42.0
  what: judges-summary
  when: 2025-05-24 19:33:47.044351602 Z
- _id: 1
  _time: 2025-05-24 19:33:47.035816254 Z
  _version: 0.10.1/0.42.0/
  since: 2025-04-26 19:33:47.035999755 Z
  what: quality-of-service
  when: 2025-05-24 19:33:47.035962356 Z
- _id: 2
  _time: 2025-05-24 19:33:47.038159193 Z
  _version: 0.10.1/0.42.0/
  what: dimensions-of-terrain
  when: 2025-05-24 19:33:47.038235535 Z
- _id: 3
  _time: 2025-05-24 19:33:47.040292692 Z
  _version: 0.10.1/0.42.0/
  since: 2025-04-26 19:33:47.040388179 Z
  what: quantity-of-deliverables
  when: 2025-05-24 19:33:47.040365627 Z
