---
- added: 8
  cycles: 1
  deleted: 8
  inserted: 8
  seconds: 8.58757663
  version: 0.42.0
  what: judges-summary
  when: 2025-06-06 02:35:16.281962519 Z
- _id: 1
  _time: 2025-06-06 02:35:16.270471245 Z
  _version: 0.10.1/0.42.0/
  since: 2025-05-09 02:35:16.270659536 Z
  what: quality-of-service
  when: 2025-06-06 02:35:16.270622006 Z
- _id: 2
  _time: 2025-06-06 02:35:16.276834589 Z
  _version: 0.10.1/0.42.0/
  since: 2025-05-09 02:35:16.276977375 Z
  what: quantity-of-deliverables
  when: 2025-06-06 02:35:16.276953029 Z
- _id: 3
  _time: 2025-06-06 02:35:16.278033283 Z
  _version: 0.10.1/0.42.0/
  what: dimensions-of-terrain
  when: 2025-06-06 02:35:16.278108173 Z
