---
- added: 8
  cycles: 1
  deleted: 8
  inserted: 8
  seconds: 8.181377239
  version: 0.42.0
  what: judges-summary
  when: 2025-05-24 22:04:39.425261202 Z
- _id: 1
  _time: 2025-05-24 22:04:39.417142382 Z
  _version: 0.10.1/0.42.0/
  since: 2025-04-26 22:04:39.417325274 Z
  what: quality-of-service
  when: 2025-05-24 22:04:39.417288105 Z
- _id: 2
  _time: 2025-05-24 22:04:39.419110569 Z
  _version: 0.10.1/0.42.0/
  since: 2025-04-26 22:04:39.419209034 Z
  what: quantity-of-deliverables
  when: 2025-05-24 22:04:39.419186461 Z
- _id: 3
  _time: 2025-05-24 22:04:39.420712820 Z
  _version: 0.10.1/0.42.0/
  what: dimensions-of-terrain
  when: 2025-05-24 22:04:39.420786919 Z
