---
- added: 8
  cycles: 1
  deleted: 8
  inserted: 8
  seconds: 7.35839586
  version: 0.42.0
  what: judges-summary
  when: 2025-05-20 03:45:48.324543595 Z
- _id: 1
  _time: 2025-05-20 03:45:48.311299352 Z
  _version: 0.10.1/0.42.0/
  what: dimensions-of-terrain
  when: 2025-05-20 03:45:48.311446346 Z
- _id: 2
  _time: 2025-05-20 03:45:48.317046357 Z
  _version: 0.10.1/0.42.0/
  since: 2025-04-22 03:45:48.317181689 Z
  what: quality-of-service
  when: 2025-05-20 03:45:48.317147896 Z
- _id: 3
  _time: 2025-05-20 03:45:48.323627767 Z
  _version: 0.10.1/0.42.0/
  since: 2025-04-22 03:45:48.323734055 Z
  what: quantity-of-deliverables
  when: 2025-05-20 03:45:48.323709019 Z
