---
- added: 8
  cycles: 1
  deleted: 8
  inserted: 8
  seconds: 17.265202282
  version: 0.42.0
  what: judges-summary
  when: 2025-05-14 03:22:48.789649610 Z
- _id: 1
  _time: 2025-05-14 03:22:48.777215511 Z
  _version: 0.10.1/0.42.0/
  what: dimensions-of-terrain
  when: 2025-05-14 03:22:48.777392349 Z
- _id: 2
  _time: 2025-05-14 03:22:48.780787000 Z
  _version: 0.10.1/0.42.0/
  since: 2025-04-16 03:22:48.780926459 Z
  what: quality-of-service
  when: 2025-05-14 03:22:48.780892496 Z
- _id: 3
  _time: 2025-05-14 03:22:48.783194654 Z
  _version: 0.10.1/0.42.0/
  since: 2025-04-16 03:22:48.783295221 Z
  what: quantity-of-deliverables
  when: 2025-05-14 03:22:48.783272208 Z
