---
- added: 8
  cycles: 1
  deleted: 8
  inserted: 8
  seconds: 8.415764495
  version: 0.42.0
  what: judges-summary
  when: 2025-05-24 11:33:50.556898135 Z
- _id: 1
  _time: 2025-05-24 11:33:50.543158144 Z
  _version: 0.10.1/0.42.0/
  since: 2025-04-26 11:33:50.543355661 Z
  what: quantity-of-deliverables
  when: 2025-05-24 11:33:50.543316118 Z
- _id: 2
  _time: 2025-05-24 11:33:50.550688028 Z
  _version: 0.10.1/0.42.0/
  since: 2025-04-26 11:33:50.550829901 Z
  what: quality-of-service
  when: 2025-05-24 11:33:50.550796669 Z
- _id: 3
  _time: 2025-05-24 11:33:50.552615427 Z
  _version: 0.10.1/0.42.0/
  what: dimensions-of-terrain
  when: 2025-05-24 11:33:50.552774422 Z
