---
- added: 8
  cycles: 1
  deleted: 8
  inserted: 8
  seconds: 10.433205207
  version: 0.42.0
  what: judges-summary
  when: 2025-05-12 03:46:21.642329383 Z
- _id: 1
  _time: 2025-05-12 03:46:21.631992337 Z
  _version: 0.10.1/0.42.0/
  since: 2025-04-14 03:46:21.632229140 Z
  what: quality-of-service
  when: 2025-05-12 03:46:21.632190819 Z
- _id: 2
  _time: 2025-05-12 03:46:21.638256120 Z
  _version: 0.10.1/0.42.0/
  since: 2025-04-14 03:46:21.638430837 Z
  what: quantity-of-deliverables
  when: 2025-05-12 03:46:21.638388678 Z
- _id: 3
  _time: 2025-05-12 03:46:21.640489167 Z
  _version: 0.10.1/0.42.0/
  what: dimensions-of-terrain
  when: 2025-05-12 03:46:21.640577683 Z
