---
- added: 8
  cycles: 1
  deleted: 8
  inserted: 8
  seconds: 7.299075223
  version: 0.42.0
  what: judges-summary
  when: 2025-06-06 17:37:02.143246249 Z
- _id: 1
  _time: 2025-06-06 17:37:02.132779636 Z
  _version: 0.10.1/0.42.0/
  since: 2025-05-09 17:37:02.132966217 Z
  what: quantity-of-deliverables
  when: 2025-06-06 17:37:02.132928547 Z
- _id: 2
  _time: 2025-06-06 17:37:02.134101814 Z
  _version: 0.10.1/0.42.0/
  what: dimensions-of-terrain
  when: 2025-06-06 17:37:02.134205690 Z
- _id: 3
  _time: 2025-06-06 17:37:02.136811513 Z
  _version: 0.10.1/0.42.0/
  since: 2025-05-09 17:37:02.136950424 Z
  what: quality-of-service
  when: 2025-06-06 17:37:02.136915889 Z
