---
- added: 8
  cycles: 1
  deleted: 8
  inserted: 8
  seconds: 7.365467661
  version: 0.42.0
  what: judges-summary
  when: 2025-06-02 10:05:50.856995862 Z
- _id: 1
  _time: 2025-06-02 10:05:50.847059063 Z
  _version: 0.10.1/0.42.0/
  since: 2025-05-05 10:05:50.847292808 Z
  what: quality-of-service
  when: 2025-06-02 10:05:50.847248214 Z
- _id: 2
  _time: 2025-06-02 10:05:50.849708147 Z
  _version: 0.10.1/0.42.0/
  since: 2025-05-05 10:05:50.849807913 Z
  what: quantity-of-deliverables
  when: 2025-06-02 10:05:50.849784760 Z
- _id: 3
  _time: 2025-06-02 10:05:50.855143837 Z
  _version: 0.10.1/0.42.0/
  what: dimensions-of-terrain
  when: 2025-06-02 10:05:50.855257068 Z
