---
- added: 8
  cycles: 1
  deleted: 8
  inserted: 8
  seconds: 9.997837065
  version: 0.42.0
  what: judges-summary
  when: 2025-05-31 14:04:41.734077389 Z
- _id: 1
  _time: 2025-05-31 14:04:41.720300927 Z
  _version: 0.10.1/0.42.0/
  since: 2025-05-03 14:04:41.720485301 Z
  what: quantity-of-deliverables
  when: 2025-05-31 14:04:41.720447380 Z
- _id: 2
  _time: 2025-05-31 14:04:41.728670324 Z
  _version: 0.10.1/0.42.0/
  since: 2025-05-03 14:04:41.728941088 Z
  what: quality-of-service
  when: 2025-05-31 14:04:41.728874063 Z
- _id: 3
  _time: 2025-05-31 14:04:41.730624742 Z
  _version: 0.10.1/0.42.0/
  what: dimensions-of-terrain
  when: 2025-05-31 14:04:41.730760484 Z
