---
- added: 8
  cycles: 1
  deleted: 8
  inserted: 8
  seconds: 18.172051273
  version: 0.42.0
  what: judges-summary
  when: 2025-05-28 12:46:49.555998459 Z
- _id: 1
  _time: 2025-05-28 12:46:49.544895789 Z
  _version: 0.10.1/0.42.0/
  since: 2025-04-30 12:46:49.545080695 Z
  what: quality-of-service
  when: 2025-05-28 12:46:49.545043145 Z
- _id: 2
  _time: 2025-05-28 12:46:49.550672332 Z
  _version: 0.10.1/0.42.0/
  since: 2025-04-30 12:46:49.550841158 Z
  what: quantity-of-deliverables
  when: 2025-05-28 12:46:49.550798108 Z
- _id: 3
  _time: 2025-05-28 12:46:49.552838979 Z
  _version: 0.10.1/0.42.0/
  what: dimensions-of-terrain
  when: 2025-05-28 12:46:49.552915803 Z
