---
- added: 8
  cycles: 1
  deleted: 8
  inserted: 8
  seconds: 17.652720424
  version: 0.42.0
  what: judges-summary
  when: 2025-05-21 00:49:30.611079027 Z
- _id: 1
  _time: 2025-05-21 00:49:30.602055175 Z
  _version: 0.10.1/0.42.0/
  since: 2025-04-23 00:49:30.602245640 Z
  what: quality-of-service
  when: 2025-05-21 00:49:30.602206116 Z
- _id: 2
  _time: 2025-05-21 00:49:30.604998716 Z
  _version: 0.10.1/0.42.0/
  since: 2025-04-23 00:49:30.605101428 Z
  what: quantity-of-deliverables
  when: 2025-05-21 00:49:30.605077363 Z
- _id: 3
  _time: 2025-05-21 00:49:30.610181773 Z
  _version: 0.10.1/0.42.0/
  what: dimensions-of-terrain
  when: 2025-05-21 00:49:30.610259538 Z
