---
- added: 8
  cycles: 1
  deleted: 8
  inserted: 8
  seconds: 17.039997616
  version: 0.42.0
  what: judges-summary
  when: 2025-05-25 16:38:52.886740346 Z
- _id: 1
  _time: 2025-05-25 16:38:52.878384275 Z
  _version: 0.10.1/0.42.0/
  since: 2025-04-27 16:38:52.878570762 Z
  what: quantity-of-deliverables
  when: 2025-05-25 16:38:52.878534144 Z
- _id: 2
  _time: 2025-05-25 16:38:52.881423543 Z
  _version: 0.10.1/0.42.0/
  what: dimensions-of-terrain
  when: 2025-05-25 16:38:52.881529861 Z
- _id: 3
  _time: 2025-05-25 16:38:52.885373911 Z
  _version: 0.10.1/0.42.0/
  since: 2025-04-27 16:38:52.885512058 Z
  what: quality-of-service
  when: 2025-05-25 16:38:52.885478977 Z
