---
- added: 8
  cycles: 1
  deleted: 8
  inserted: 8
  seconds: 17.578687699
  version: 0.42.0
  what: judges-summary
  when: 2025-06-08 15:04:59.165678268 Z
- _id: 1
  _time: 2025-06-08 15:04:59.153612215 Z
  _version: 0.10.1/0.42.0/
  since: 2025-05-11 15:04:59.153796471 Z
  what: quality-of-service
  when: 2025-06-08 15:04:59.153758159 Z
- _id: 2
  _time: 2025-06-08 15:04:59.159171553 Z
  _version: 0.10.1/0.42.0/
  since: 2025-05-11 15:04:59.159276570 Z
  what: quantity-of-deliverables
  when: 2025-06-08 15:04:59.159252956 Z
- _id: 3
  _time: 2025-06-08 15:04:59.161350072 Z
  _version: 0.10.1/0.42.0/
  what: dimensions-of-terrain
  when: 2025-06-08 15:04:59.161429852 Z
