---
- added: 8
  cycles: 1
  deleted: 8
  inserted: 8
  seconds: 6.886083064
  version: 0.42.0
  what: judges-summary
  when: 2025-06-15 04:41:15.877450177 Z
- _id: 1
  _time: 2025-06-15 04:41:15.868499456 Z
  _version: 0.10.1/0.42.0/
  since: 2025-05-18 04:41:15.868679923 Z
  what: quality-of-service
  when: 2025-06-15 04:41:15.868643124 Z
- _id: 2
  _time: 2025-06-15 04:41:15.872553850 Z
  _version: 0.10.1/0.42.0/
  since: 2025-05-18 04:41:15.872651312 Z
  what: quantity-of-deliverables
  when: 2025-06-15 04:41:15.872628970 Z
- _id: 3
  _time: 2025-06-15 04:41:15.873671175 Z
  _version: 0.10.1/0.42.0/
  what: dimensions-of-terrain
  when: 2025-06-15 04:41:15.873745032 Z
