---
- added: 8
  cycles: 1
  deleted: 8
  inserted: 8
  seconds: 18.404595932
  version: 0.42.0
  what: judges-summary
  when: 2025-05-27 10:06:18.764883126 Z
- _id: 1
  _time: 2025-05-27 10:06:18.756531800 Z
  _version: 0.10.1/0.42.0/
  since: 2025-04-29 10:06:18.756714760 Z
  what: quality-of-service
  when: 2025-05-27 10:06:18.756677912 Z
- _id: 2
  _time: 2025-05-27 10:06:18.758953441 Z
  _version: 0.10.1/0.42.0/
  since: 2025-04-29 10:06:18.759084565 Z
  what: quantity-of-deliverables
  when: 2025-05-27 10:06:18.759062293 Z
- _id: 3
  _time: 2025-05-27 10:06:18.760894165 Z
  _version: 0.10.1/0.42.0/
  what: dimensions-of-terrain
  when: 2025-05-27 10:06:18.760970848 Z
