---
- added: 8
  cycles: 1
  deleted: 8
  inserted: 8
  seconds: 17.57598835
  version: 0.42.0
  what: judges-summary
  when: 2025-06-14 12:46:16.911961476 Z
- _id: 1
  _time: 2025-06-14 12:46:16.903137812 Z
  _version: 0.10.1/0.42.0/
  since: 2025-05-17 12:46:16.903346120 Z
  what: quantity-of-deliverables
  when: 2025-06-14 12:46:16.903306837 Z
- _id: 2
  _time: 2025-06-14 12:46:16.908631998 Z
  _version: 0.10.1/0.42.0/
  since: 2025-05-17 12:46:16.908768112 Z
  what: quality-of-service
  when: 2025-06-14 12:46:16.908734930 Z
- _id: 3
  _time: 2025-06-14 12:46:16.910194118 Z
  _version: 0.10.1/0.42.0/
  what: dimensions-of-terrain
  when: 2025-06-14 12:46:16.910305656 Z
