---
- added: 8
  cycles: 1
  deleted: 8
  inserted: 8
  seconds: 10.027111332
  version: 0.42.0
  what: judges-summary
  when: 2025-06-02 14:05:55.406041398 Z
- _id: 1
  _time: 2025-06-02 14:05:55.395679972 Z
  _version: 0.10.1/0.42.0/
  since: 2025-05-05 14:05:55.395863725 Z
  what: quality-of-service
  when: 2025-06-02 14:05:55.395827277 Z
- _id: 2
  _time: 2025-06-02 14:05:55.401989084 Z
  _version: 0.10.1/0.42.0/
  since: 2025-05-05 14:05:55.402087297 Z
  what: quantity-of-deliverables
  when: 2025-06-02 14:05:55.402064865 Z
- _id: 3
  _time: 2025-06-02 14:05:55.404465040 Z
  _version: 0.10.1/0.42.0/
  what: dimensions-of-terrain
  when: 2025-06-02 14:05:55.404542294 Z
