---
- added: 8
  cycles: 1
  deleted: 8
  inserted: 8
  seconds: 8.683613153
  version: 0.42.0
  what: judges-summary
  when: 2025-06-01 08:06:29.186588267 Z
- _id: 1
  _time: 2025-06-01 08:06:29.174279315 Z
  _version: 0.10.1/0.42.0/
  what: dimensions-of-terrain
  when: 2025-06-01 08:06:29.174431610 Z
- _id: 2
  _time: 2025-06-01 08:06:29.179664898 Z
  _version: 0.10.1/0.42.0/
  since: 2025-05-04 08:06:29.179832362 Z
  what: quality-of-service
  when: 2025-06-01 08:06:29.179797166 Z
- _id: 3
  _time: 2025-06-01 08:06:29.182208783 Z
  _version: 0.10.1/0.42.0/
  since: 2025-05-04 08:06:29.182308339 Z
  what: quantity-of-deliverables
  when: 2025-06-01 08:06:29.182285246 Z
