---
- added: 8
  cycles: 1
  deleted: 8
  inserted: 8
  seconds: 8.290433569
  version: 0.42.0
  what: judges-summary
  when: 2025-06-11 16:40:49.667193498 Z
- _id: 1
  _time: 2025-06-11 16:40:49.657460596 Z
  _version: 0.10.1/0.42.0/
  since: 2025-05-14 16:40:49.657644661 Z
  what: quality-of-service
  when: 2025-06-11 16:40:49.657605638 Z
- _id: 2
  _time: 2025-06-11 16:40:49.659985452 Z
  _version: 0.10.1/0.42.0/
  since: 2025-05-14 16:40:49.660125184 Z
  what: quantity-of-deliverables
  when: 2025-06-11 16:40:49.660067746 Z
- _id: 3
  _time: 2025-06-11 16:40:49.662626621 Z
  _version: 0.10.1/0.42.0/
  what: dimensions-of-terrain
  when: 2025-06-11 16:40:49.662702533 Z
