---
- added: 8
  cycles: 1
  deleted: 8
  inserted: 8
  seconds: 6.673793336
  version: 0.42.0
  what: judges-summary
  when: 2025-06-08 13:38:03.827251739 Z
- _id: 1
  _time: 2025-06-08 13:38:03.814586963 Z
  _version: 0.10.1/0.42.0/
  since: 2025-05-11 13:38:03.814798018 Z
  what: quantity-of-deliverables
  when: 2025-06-08 13:38:03.814736323 Z
- _id: 2
  _time: 2025-06-08 13:38:03.818139156 Z
  _version: 0.10.1/0.42.0/
  what: dimensions-of-terrain
  when: 2025-06-08 13:38:03.818242640 Z
- _id: 3
  _time: 2025-06-08 13:38:03.825958752 Z
  _version: 0.10.1/0.42.0/
  since: 2025-05-11 13:38:03.826096369 Z
  what: quality-of-service
  when: 2025-06-08 13:38:03.826063948 Z
