---
- added: 8
  cycles: 1
  deleted: 8
  inserted: 8
  seconds: 13.956874485
  version: 0.42.0
  what: judges-summary
  when: 2025-06-07 23:35:49.265066164 Z
- _id: 1
  _time: 2025-06-07 23:35:49.252365435 Z
  _version: 0.10.1/0.42.0/
  since: 2025-05-10 23:35:49.252552334 Z
  what: quantity-of-deliverables
  when: 2025-06-07 23:35:49.252513191 Z
- _id: 2
  _time: 2025-06-07 23:35:49.259920111 Z
  _version: 0.10.1/0.42.0/
  since: 2025-05-10 23:35:49.260061836 Z
  what: quality-of-service
  when: 2025-06-07 23:35:49.260026971 Z
- _id: 3
  _time: 2025-06-07 23:35:49.263114152 Z
  _version: 0.10.1/0.42.0/
  what: dimensions-of-terrain
  when: 2025-06-07 23:35:49.263196085 Z
