---
- added: 8
  cycles: 1
  deleted: 8
  inserted: 8
  seconds: 7.832406333
  version: 0.42.0
  what: judges-summary
  when: 2025-05-31 16:39:06.195714472 Z
- _id: 1
  _time: 2025-05-31 16:39:06.187558745 Z
  _version: 0.10.1/0.42.0/
  since: 2025-05-03 16:39:06.187744665 Z
  what: quality-of-service
  when: 2025-05-31 16:39:06.187705721 Z
- _id: 2
  _time: 2025-05-31 16:39:06.190944622 Z
  _version: 0.10.1/0.42.0/
  what: dimensions-of-terrain
  when: 2025-05-31 16:39:06.191080387 Z
- _id: 3
  _time: 2025-05-31 16:39:06.192995439 Z
  _version: 0.10.1/0.42.0/
  since: 2025-05-03 16:39:06.193096519 Z
  what: quantity-of-deliverables
  when: 2025-05-31 16:39:06.193072854 Z
