---
- added: 8
  cycles: 1
  deleted: 8
  inserted: 8
  seconds: 6.6563643
  version: 0.42.0
  what: judges-summary
  when: 2025-05-18 05:05:33.149038825 Z
- _id: 1
  _time: 2025-05-18 05:05:33.140699162 Z
  _version: 0.10.1/0.42.0/
  since: 2025-04-20 05:05:33.140885880 Z
  what: quality-of-service
  when: 2025-05-18 05:05:33.140848310 Z
- _id: 2
  _time: 2025-05-18 05:05:33.142270911 Z
  _version: 0.10.1/0.42.0/
  what: dimensions-of-terrain
  when: 2025-05-18 05:05:33.142348355 Z
- _id: 3
  _time: 2025-05-18 05:05:33.145123559 Z
  _version: 0.10.1/0.42.0/
  since: 2025-04-20 05:05:33.145293616 Z
  what: quantity-of-deliverables
  when: 2025-05-18 05:05:33.145252078 Z
