---
- added: 8
  cycles: 1
  deleted: 8
  inserted: 8
  seconds: 13.401221279
  version: 0.42.0
  what: judges-summary
  when: 2025-06-15 00:23:27.390785459 Z
- _id: 1
  _time: 2025-06-15 00:23:27.379396072 Z
  _version: 0.10.1/0.42.0/
  since: 2025-05-18 00:23:27.379577650 Z
  what: quality-of-service
  when: 2025-06-15 00:23:27.379537706 Z
- _id: 2
  _time: 2025-06-15 00:23:27.386863606 Z
  _version: 0.10.1/0.42.0/
  what: dimensions-of-terrain
  when: 2025-06-15 00:23:27.386947131 Z
- _id: 3
  _time: 2025-06-15 00:23:27.389175659 Z
  _version: 0.10.1/0.42.0/
  since: 2025-05-18 00:23:27.389272309 Z
  what: quantity-of-deliverables
  when: 2025-06-15 00:23:27.389249196 Z
