---
- added: 8
  cycles: 1
  deleted: 8
  inserted: 8
  seconds: 7.019585525
  version: 0.42.0
  what: judges-summary
  when: 2025-06-01 07:05:12.795873649 Z
- _id: 1
  _time: 2025-06-01 07:05:12.786393276 Z
  _version: 0.10.1/0.42.0/
  since: 2025-05-04 07:05:12.786573592 Z
  what: quantity-of-deliverables
  when: 2025-06-01 07:05:12.786536984 Z
- _id: 2
  _time: 2025-06-01 07:05:12.790124978 Z
  _version: 0.10.1/0.42.0/
  since: 2025-05-04 07:05:12.790275879 Z
  what: quality-of-service
  when: 2025-06-01 07:05:12.790244190 Z
- _id: 3
  _time: 2025-06-01 07:05:12.793192104 Z
  _version: 0.10.1/0.42.0/
  what: dimensions-of-terrain
  when: 2025-06-01 07:05:12.793267404 Z
