---
- added: 8
  cycles: 1
  deleted: 8
  inserted: 8
  seconds: 7.554679103
  version: 0.42.0
  what: judges-summary
  when: 2025-06-03 20:05:53.459529966 Z
- _id: 1
  _time: 2025-06-03 20:05:53.446855494 Z
  _version: 0.10.1/0.42.0/
  since: 2025-05-06 20:05:53.447040960 Z
  what: quantity-of-deliverables
  when: 2025-06-03 20:05:53.447004752 Z
- _id: 2
  _time: 2025-06-03 20:05:53.449384892 Z
  _version: 0.10.1/0.42.0/
  since: 2025-05-06 20:05:53.449519052 Z
  what: quality-of-service
  when: 2025-06-03 20:05:53.449488155 Z
- _id: 3
  _time: 2025-06-03 20:05:53.456629232 Z
  _version: 0.10.1/0.42.0/
  what: dimensions-of-terrain
  when: 2025-06-03 20:05:53.456707168 Z
