---
- added: 8
  cycles: 1
  deleted: 8
  inserted: 8
  seconds: 7.214016855
  version: 0.42.0
  what: judges-summary
  when: 2025-05-22 03:23:15.668593150 Z
- _id: 1
  _time: 2025-05-22 03:23:15.659638270 Z
  _version: 0.10.1/0.42.0/
  since: 2025-04-24 03:23:15.659822243 Z
  what: quantity-of-deliverables
  when: 2025-05-22 03:23:15.659784803 Z
- _id: 2
  _time: 2025-05-22 03:23:15.665105397 Z
  _version: 0.10.1/0.42.0/
  what: dimensions-of-terrain
  when: 2025-05-22 03:23:15.665209059 Z
- _id: 3
  _time: 2025-05-22 03:23:15.667221920 Z
  _version: 0.10.1/0.42.0/
  since: 2025-04-24 03:23:15.667358945 Z
  what: quality-of-service
  when: 2025-05-22 03:23:15.667325723 Z
