---
- added: 8
  cycles: 1
  deleted: 8
  inserted: 8
  seconds: 7.678636584
  version: 0.42.0
  what: judges-summary
  when: 2025-05-17 00:49:13.432351316 Z
- _id: 1
  _time: 2025-05-17 00:49:13.424365259 Z
  _version: 0.10.1/0.42.0/
  since: 2025-04-19 00:49:13.424543835 Z
  what: quality-of-service
  when: 2025-05-17 00:49:13.424506765 Z
- _id: 2
  _time: 2025-05-17 00:49:13.427105546 Z
  _version: 0.10.1/0.42.0/
  since: 2025-04-19 00:49:13.427202739 Z
  what: quantity-of-deliverables
  when: 2025-05-17 00:49:13.427180597 Z
- _id: 3
  _time: 2025-05-17 00:49:13.428199859 Z
  _version: 0.10.1/0.42.0/
  what: dimensions-of-terrain
  when: 2025-05-17 00:49:13.428269981 Z
