---
- added: 8
  cycles: 1
  deleted: 8
  inserted: 8
  seconds: 7.185304018
  version: 0.42.0
  what: judges-summary
  when: 2025-05-24 03:20:59.361206594 Z
- _id: 1
  _time: 2025-05-24 03:20:59.350585243 Z
  _version: 0.10.1/0.42.0/
  since: 2025-04-26 03:20:59.350776301 Z
  what: quantity-of-deliverables
  when: 2025-05-24 03:20:59.350737829 Z
- _id: 2
  _time: 2025-05-24 03:20:59.357918557 Z
  _version: 0.10.1/0.42.0/
  since: 2025-04-26 03:20:59.358058009 Z
  what: quality-of-service
  when: 2025-05-24 03:20:59.358024956 Z
- _id: 3
  _time: 2025-05-24 03:20:59.360316224 Z
  _version: 0.10.1/0.42.0/
  what: dimensions-of-terrain
  when: 2025-05-24 03:20:59.360399681 Z
