---
- added: 8
  cycles: 1
  deleted: 8
  inserted: 8
  seconds: 9.456032751
  version: 0.42.0
  what: judges-summary
  when: 2025-05-12 00:49:28.453488418 Z
- _id: 1
  _time: 2025-05-12 00:49:28.442063202 Z
  _version: 0.10.1/0.42.0/
  since: 2025-04-14 00:49:28.442245272 Z
  what: quantity-of-deliverables
  when: 2025-05-12 00:49:28.442206941 Z
- _id: 2
  _time: 2025-05-12 00:49:28.447219478 Z
  _version: 0.10.1/0.42.0/
  since: 2025-04-14 00:49:28.447352035 Z
  what: quality-of-service
  when: 2025-05-12 00:49:28.447320035 Z
- _id: 3
  _time: 2025-05-12 00:49:28.449649652 Z
  _version: 0.10.1/0.42.0/
  what: dimensions-of-terrain
  when: 2025-05-12 00:49:28.449724862 Z
