---
- added: 8
  cycles: 1
  deleted: 8
  inserted: 8
  seconds: 10.402666915
  version: 0.42.0
  what: judges-summary
  when: 2025-05-16 17:36:07.877526647 Z
- _id: 1
  _time: 2025-05-16 17:36:07.870872474 Z
  _version: 0.10.1/0.42.0/
  since: 2025-04-18 17:36:07.871056838 Z
  what: quality-of-service
  when: 2025-05-16 17:36:07.871019288 Z
- _id: 2
  _time: 2025-05-16 17:36:07.873231030 Z
  _version: 0.10.1/0.42.0/
  what: dimensions-of-terrain
  when: 2025-05-16 17:36:07.873311530 Z
- _id: 3
  _time: 2025-05-16 17:36:07.875576692 Z
  _version: 0.10.1/0.42.0/
  since: 2025-04-18 17:36:07.875673472 Z
  what: quantity-of-deliverables
  when: 2025-05-16 17:36:07.875650900 Z
