---
- added: 8
  cycles: 1
  deleted: 8
  inserted: 8
  seconds: 7.432778156
  version: 0.42.0
  what: judges-summary
  when: 2025-06-08 00:23:05.421264376 Z
- _id: 1
  _time: 2025-06-08 00:23:05.407453982 Z
  _version: 0.10.1/0.42.0/
  what: dimensions-of-terrain
  when: 2025-06-08 00:23:05.407614054 Z
- _id: 2
  _time: 2025-06-08 00:23:05.414076328 Z
  _version: 0.10.1/0.42.0/
  since: 2025-05-11 00:23:05.414216612 Z
  what: quality-of-service
  when: 2025-06-08 00:23:05.414182969 Z
- _id: 3
  _time: 2025-06-08 00:23:05.419370319 Z
  _version: 0.10.1/0.42.0/
  since: 2025-05-11 00:23:05.419470577 Z
  what: quantity-of-deliverables
  when: 2025-06-08 00:23:05.419447334 Z
