---
- added: 8
  cycles: 1
  deleted: 8
  inserted: 8
  seconds: 7.745236495
  version: 0.42.0
  what: judges-summary
  when: 2025-06-01 05:37:17.681543124 Z
- _id: 1
  _time: 2025-06-01 05:37:17.671081980 Z
  _version: 0.10.1/0.42.0/
  since: 2025-05-04 05:37:17.671266023 Z
  what: quantity-of-deliverables
  when: 2025-06-01 05:37:17.671228252 Z
- _id: 2
  _time: 2025-06-01 05:37:17.673542566 Z
  _version: 0.10.1/0.42.0/
  what: dimensions-of-terrain
  when: 2025-06-01 05:37:17.673665405 Z
- _id: 3
  _time: 2025-06-01 05:37:17.674991907 Z
  _version: 0.10.1/0.42.0/
  since: 2025-05-04 05:37:17.675122781 Z
  what: quality-of-service
  when: 2025-06-01 05:37:17.675091292 Z
