---
- added: 8
  cycles: 1
  deleted: 8
  inserted: 8
  seconds: 7.834960109
  version: 0.42.0
  what: judges-summary
  when: 2025-06-13 12:08:26.131100420 Z
- _id: 1
  _time: 2025-06-13 12:08:26.117419915 Z
  _version: 0.10.1/0.42.0/
  since: 2025-05-16 12:08:26.117604000 Z
  what: quantity-of-deliverables
  when: 2025-06-13 12:08:26.117566619 Z
- _id: 2
  _time: 2025-06-13 12:08:26.127592930 Z
  _version: 0.10.1/0.42.0/
  since: 2025-05-16 12:08:26.127856624 Z
  what: quality-of-service
  when: 2025-06-13 12:08:26.127797102 Z
- _id: 3
  _time: 2025-06-13 12:08:26.129421896 Z
  _version: 0.10.1/0.42.0/
  what: dimensions-of-terrain
  when: 2025-06-13 12:08:26.129502256 Z
