---
- added: 8
  cycles: 1
  deleted: 8
  inserted: 8
  seconds: 0.790343912
  version: 0.42.0
  what: judges-summary
  when: 2025-05-12 23:05:09.023618066 Z
- _id: 1
  _time: 2025-05-12 23:05:09.015501255 Z
  _version: 0.10.1/0.42.0/
  since: 2025-04-14 23:05:09.015690047 Z
  what: quality-of-service
  when: 2025-05-12 23:05:09.015651085 Z
- _id: 2
  _time: 2025-05-12 23:05:09.018290405 Z
  _version: 0.10.1/0.42.0/
  what: dimensions-of-terrain
  when: 2025-05-12 23:05:09.018388077 Z
- _id: 3
  _time: 2025-05-12 23:05:09.021944003 Z
  _version: 0.10.1/0.42.0/
  since: 2025-04-14 23:05:09.022048898 Z
  what: quantity-of-deliverables
  when: 2025-05-12 23:05:09.022024272 Z
