---
- added: 8
  cycles: 1
  deleted: 8
  inserted: 8
  seconds: 7.273604427
  version: 0.42.0
  what: judges-summary
  when: 2025-05-28 08:40:56.051986041 Z
- _id: 1
  _time: 2025-05-28 08:40:56.040377613 Z
  _version: 0.10.1/0.42.0/
  what: dimensions-of-terrain
  when: 2025-05-28 08:40:56.040525799 Z
- _id: 2
  _time: 2025-05-28 08:40:56.044831225 Z
  _version: 0.10.1/0.42.0/
  since: 2025-04-30 08:40:56.044967999 Z
  what: quantity-of-deliverables
  when: 2025-05-28 08:40:56.044935118 Z
- _id: 3
  _time: 2025-05-28 08:40:56.049962312 Z
  _version: 0.10.1/0.42.0/
  since: 2025-04-30 08:40:56.050098866 Z
  what: quality-of-service
  when: 2025-05-28 08:40:56.050066296 Z
