---
- added: 8
  cycles: 1
  deleted: 8
  inserted: 8
  seconds: 13.002443424
  version: 0.42.0
  what: judges-summary
  when: 2025-05-31 03:45:20.881912178 Z
- _id: 1
  _time: 2025-05-31 03:45:20.868543174 Z
  _version: 0.10.1/0.42.0/
  since: 2025-05-03 03:45:20.868727880 Z
  what: quantity-of-deliverables
  when: 2025-05-31 03:45:20.868689848 Z
- _id: 2
  _time: 2025-05-31 03:45:20.872615882 Z
  _version: 0.10.1/0.42.0/
  since: 2025-05-03 03:45:20.872750986 Z
  what: quality-of-service
  when: 2025-05-31 03:45:20.872717763 Z
- _id: 3
  _time: 2025-05-31 03:45:20.879286761 Z
  _version: 0.10.1/0.42.0/
  what: dimensions-of-terrain
  when: 2025-05-31 03:45:20.879393510 Z
