---
- added: 8
  cycles: 1
  deleted: 8
  inserted: 8
  seconds: 7.37467728
  version: 0.42.0
  what: judges-summary
  when: 2025-06-02 18:06:45.646208463 Z
- _id: 1
  _time: 2025-06-02 18:06:45.639324671 Z
  _version: 0.10.1/0.42.0/
  since: 2025-05-05 18:06:45.639514225 Z
  what: quantity-of-deliverables
  when: 2025-06-02 18:06:45.639476665 Z
- _id: 2
  _time: 2025-06-02 18:06:45.640624230 Z
  _version: 0.10.1/0.42.0/
  what: dimensions-of-terrain
  when: 2025-06-02 18:06:45.640725540 Z
- _id: 3
  _time: 2025-06-02 18:06:45.644167337 Z
  _version: 0.10.1/0.42.0/
  since: 2025-05-05 18:06:45.644347073 Z
  what: quality-of-service
  when: 2025-06-02 18:06:45.644268406 Z
