---
- added: 8
  cycles: 1
  deleted: 8
  inserted: 8
  seconds: 17.36954092
  version: 0.42.0
  what: judges-summary
  when: 2025-05-29 11:34:24.184712747 Z
- _id: 1
  _time: 2025-05-29 11:34:24.172016070 Z
  _version: 0.10.1/0.42.0/
  since: 2025-05-01 11:34:24.172208351 Z
  what: quantity-of-deliverables
  when: 2025-05-29 11:34:24.172168426 Z
- _id: 2
  _time: 2025-05-29 11:34:24.178685444 Z
  _version: 0.10.1/0.42.0/
  since: 2025-05-01 11:34:24.178823003 Z
  what: quality-of-service
  when: 2025-05-29 11:34:24.178789820 Z
- _id: 3
  _time: 2025-05-29 11:34:24.182532834 Z
  _version: 0.10.1/0.42.0/
  what: dimensions-of-terrain
  when: 2025-05-29 11:34:24.182611141 Z
