---
- added: 8
  cycles: 1
  deleted: 8
  inserted: 8
  seconds: 10.836174688
  version: 0.42.0
  what: judges-summary
  when: 2025-05-14 20:34:18.011549109 Z
- _id: 1
  _time: 2025-05-14 20:34:17.998245780 Z
  _version: 0.10.1/0.42.0/
  since: 2025-04-16 20:34:17.998437680 Z
  what: quality-of-service
  when: 2025-05-14 20:34:17.998398085 Z
- _id: 2
  _time: 2025-05-14 20:34:18.004170242 Z
  _version: 0.10.1/0.42.0/
  what: dimensions-of-terrain
  when: 2025-05-14 20:34:18.004252466 Z
- _id: 3
  _time: 2025-05-14 20:34:18.009086251 Z
  _version: 0.10.1/0.42.0/
  since: 2025-04-16 20:34:18.009270846 Z
  what: quantity-of-deliverables
  when: 2025-05-14 20:34:18.009223898 Z
