---
- added: 8
  cycles: 1
  deleted: 8
  inserted: 8
  seconds: 10.117851815
  version: 0.42.0
  what: judges-summary
  when: 2025-05-12 05:37:46.565558353 Z
- _id: 1
  _time: 2025-05-12 05:37:46.559676765 Z
  _version: 0.10.1/0.42.0/
  since: 2025-04-14 05:37:46.559978467 Z
  what: quality-of-service
  when: 2025-05-12 05:37:46.559915540 Z
- _id: 2
  _time: 2025-05-12 05:37:46.561629714 Z
  _version: 0.10.1/0.42.0/
  since: 2025-04-14 05:37:46.561727355 Z
  what: quantity-of-deliverables
  when: 2025-05-12 05:37:46.561705004 Z
- _id: 3
  _time: 2025-05-12 05:37:46.563839106 Z
  _version: 0.10.1/0.42.0/
  what: dimensions-of-terrain
  when: 2025-05-12 05:37:46.563915639 Z
