---
- added: 8
  cycles: 1
  deleted: 8
  inserted: 8
  seconds: 18.907623729
  version: 0.42.0
  what: judges-summary
  when: 2025-05-14 11:05:08.682697919 Z
- _id: 1
  _time: 2025-05-14 11:05:08.672408745 Z
  _version: 0.10.1/0.42.0/
  since: 2025-04-16 11:05:08.672588710 Z
  what: quantity-of-deliverables
  when: 2025-05-14 11:05:08.672551941 Z
- _id: 2
  _time: 2025-05-14 11:05:08.677762651 Z
  _version: 0.10.1/0.42.0/
  since: 2025-04-16 11:05:08.677898544 Z
  what: quality-of-service
  when: 2025-05-14 11:05:08.677865843 Z
- _id: 3
  _time: 2025-05-14 11:05:08.681837018 Z
  _version: 0.10.1/0.42.0/
  what: dimensions-of-terrain
  when: 2025-05-14 11:05:08.681914151 Z
