---
- added: 8
  cycles: 1
  deleted: 8
  inserted: 8
  seconds: 7.63463659
  version: 0.42.0
  what: judges-summary
  when: 2025-05-27 20:36:45.152482013 Z
- _id: 1
  _time: 2025-05-27 20:36:45.141879849 Z
  _version: 0.10.1/0.42.0/
  since: 2025-04-29 20:36:45.142088438 Z
  what: quantity-of-deliverables
  when: 2025-05-27 20:36:45.142024589 Z
- _id: 2
  _time: 2025-05-27 20:36:45.144530507 Z
  _version: 0.10.1/0.42.0/
  since: 2025-04-29 20:36:45.144667533 Z
  what: quality-of-service
  when: 2025-05-27 20:36:45.144633990 Z
- _id: 3
  _time: 2025-05-27 20:36:45.151575093 Z
  _version: 0.10.1/0.42.0/
  what: dimensions-of-terrain
  when: 2025-05-27 20:36:45.151655423 Z
