---
- added: 8
  cycles: 1
  deleted: 8
  inserted: 8
  seconds: 9.521132521
  version: 0.42.0
  what: judges-summary
  when: 2025-05-19 21:34:50.055618515 Z
- _id: 1
  _time: 2025-05-19 21:34:50.049288069 Z
  _version: 0.10.1/0.42.0/
  since: 2025-04-21 21:34:50.049488664 Z
  what: quality-of-service
  when: 2025-05-19 21:34:50.049449992 Z
- _id: 2
  _time: 2025-05-19 21:34:50.051104455 Z
  _version: 0.10.1/0.42.0/
  what: dimensions-of-terrain
  when: 2025-05-19 21:34:50.051182110 Z
- _id: 3
  _time: 2025-05-19 21:34:50.052567671 Z
  _version: 0.10.1/0.42.0/
  since: 2025-04-21 21:34:50.052665985 Z
  what: quantity-of-deliverables
  when: 2025-05-19 21:34:50.052642240 Z
