---
- added: 8
  cycles: 1
  deleted: 8
  inserted: 8
  seconds: 8.865338734
  version: 0.42.0
  what: judges-summary
  when: 2025-06-11 13:15:07.062799745 Z
- _id: 1
  _time: 2025-06-11 13:15:07.050974402 Z
  _version: 0.10.1/0.42.0/
  since: 2025-05-14 13:15:07.051193319 Z
  what: quality-of-service
  when: 2025-06-11 13:15:07.051152784 Z
- _id: 2
  _time: 2025-06-11 13:15:07.058607447 Z
  _version: 0.10.1/0.42.0/
  what: dimensions-of-terrain
  when: 2025-06-11 13:15:07.058690713 Z
- _id: 3
  _time: 2025-06-11 13:15:07.059939501 Z
  _version: 0.10.1/0.42.0/
  since: 2025-05-14 13:15:07.060037103 Z
  what: quantity-of-deliverables
  when: 2025-06-11 13:15:07.060013980 Z
