---
- added: 8
  cycles: 1
  deleted: 8
  inserted: 8
  seconds: 17.642556293
  version: 0.42.0
  what: judges-summary
  when: 2025-06-14 15:05:01.390370246 Z
- _id: 1
  _time: 2025-06-14 15:05:01.378119996 Z
  _version: 0.10.1/0.42.0/
  since: 2025-05-17 15:05:01.378346271 Z
  what: quality-of-service
  when: 2025-06-14 15:05:01.378301617 Z
- _id: 2
  _time: 2025-06-14 15:05:01.383379300 Z
  _version: 0.10.1/0.42.0/
  since: 2025-05-17 15:05:01.383487584 Z
  what: quantity-of-deliverables
  when: 2025-06-14 15:05:01.383464500 Z
- _id: 3
  _time: 2025-06-14 15:05:01.389440223 Z
  _version: 0.10.1/0.42.0/
  what: dimensions-of-terrain
  when: 2025-06-14 15:05:01.389521967 Z
