---
- added: 8
  cycles: 1
  deleted: 8
  inserted: 8
  seconds: 22.928139692
  version: 0.42.0
  what: judges-summary
  when: 2025-06-13 09:37:14.345883149 Z
- _id: 1
  _time: 2025-06-13 09:37:14.332868444 Z
  _version: 0.10.1/0.42.0/
  since: 2025-05-16 09:37:14.333051226 Z
  what: quality-of-service
  when: 2025-06-13 09:37:14.333014016 Z
- _id: 2
  _time: 2025-06-13 09:37:14.340266742 Z
  _version: 0.10.1/0.42.0/
  what: dimensions-of-terrain
  when: 2025-06-13 09:37:14.340344998 Z
- _id: 3
  _time: 2025-06-13 09:37:14.342487823 Z
  _version: 0.10.1/0.42.0/
  since: 2025-05-16 09:37:14.342584354 Z
  what: quantity-of-deliverables
  when: 2025-06-13 09:37:14.342561861 Z
