---
- added: 8
  cycles: 1
  deleted: 8
  inserted: 8
  seconds: 6.979267863
  version: 0.42.0
  what: judges-summary
  when: 2025-06-14 23:36:03.665606916 Z
- _id: 1
  _time: 2025-06-14 23:36:03.654292564 Z
  _version: 0.10.1/0.42.0/
  since: 2025-05-17 23:36:03.654471849 Z
  what: quality-of-service
  when: 2025-06-14 23:36:03.654434930 Z
- _id: 2
  _time: 2025-06-14 23:36:03.656603067 Z
  _version: 0.10.1/0.42.0/
  since: 2025-05-17 23:36:03.656758848 Z
  what: quantity-of-deliverables
  when: 2025-06-14 23:36:03.656735244 Z
- _id: 3
  _time: 2025-06-14 23:36:03.663083374 Z
  _version: 0.10.1/0.42.0/
  what: dimensions-of-terrain
  when: 2025-06-14 23:36:03.663159566 Z
