---
- added: 8
  cycles: 1
  deleted: 8
  inserted: 8
  seconds: 8.223139825
  version: 0.42.0
  what: judges-summary
  when: 2025-06-06 06:43:26.226757461 Z
- _id: 1
  _time: 2025-06-06 06:43:26.215626628 Z
  _version: 0.10.1/0.42.0/
  what: dimensions-of-terrain
  when: 2025-06-06 06:43:26.215778693 Z
- _id: 2
  _time: 2025-06-06 06:43:26.220209017 Z
  _version: 0.10.1/0.42.0/
  since: 2025-05-09 06:43:26.220349029 Z
  what: quality-of-service
  when: 2025-06-06 06:43:26.220316308 Z
- _id: 3
  _time: 2025-06-06 06:43:26.222088581 Z
  _version: 0.10.1/0.42.0/
  since: 2025-05-09 06:43:26.222185903 Z
  what: quantity-of-deliverables
  when: 2025-06-06 06:43:26.222163542 Z
