---
- added: 8
  cycles: 1
  deleted: 8
  inserted: 8
  seconds: 13.881736202
  version: 0.42.0
  what: judges-summary
  when: 2025-06-11 04:11:30.191088942 Z
- _id: 1
  _time: 2025-06-11 04:11:30.181527628 Z
  _version: 0.10.1/0.42.0/
  since: 2025-05-14 04:11:30.181734356 Z
  what: quantity-of-deliverables
  when: 2025-06-11 04:11:30.181695834 Z
- _id: 2
  _time: 2025-06-11 04:11:30.183189260 Z
  _version: 0.10.1/0.42.0/
  since: 2025-05-14 04:11:30.183321157 Z
  what: quality-of-service
  when: 2025-06-11 04:11:30.183288977 Z
- _id: 3
  _time: 2025-06-11 04:11:30.184990035 Z
  _version: 0.10.1/0.42.0/
  what: dimensions-of-terrain
  when: 2025-06-11 04:11:30.185067451 Z
