---
- added: 8
  cycles: 1
  deleted: 8
  inserted: 8
  seconds: 15.902208313
  version: 0.42.0
  what: judges-summary
  when: 2025-06-11 20:05:13.017755318 Z
- _id: 1
  _time: 2025-06-11 20:05:13.009808691 Z
  _version: 0.10.1/0.42.0/
  since: 2025-05-14 20:05:13.009996000 Z
  what: quality-of-service
  when: 2025-06-11 20:05:13.009958220 Z
- _id: 2
  _time: 2025-06-11 20:05:13.012543309 Z
  _version: 0.10.1/0.42.0/
  what: dimensions-of-terrain
  when: 2025-06-11 20:05:13.012622908 Z
- _id: 3
  _time: 2025-06-11 20:05:13.016782583 Z
  _version: 0.10.1/0.42.0/
  since: 2025-05-14 20:05:13.016882790 Z
  what: quantity-of-deliverables
  when: 2025-06-11 20:05:13.016859366 Z
