---
- added: 8
  cycles: 1
  deleted: 8
  inserted: 8
  seconds: 17.389875309
  version: 0.42.0
  what: judges-summary
  when: 2025-05-20 23:05:34.978938583 Z
- _id: 1
  _time: 2025-05-20 23:05:34.971879528 Z
  _version: 0.10.1/0.42.0/
  since: 2025-04-22 23:05:34.972059192 Z
  what: quality-of-service
  when: 2025-05-20 23:05:34.972021552 Z
- _id: 2
  _time: 2025-05-20 23:05:34.974316524 Z
  _version: 0.10.1/0.42.0/
  since: 2025-04-22 23:05:34.974414937 Z
  what: quantity-of-deliverables
  when: 2025-05-20 23:05:34.974392014 Z
- _id: 3
  _time: 2025-05-20 23:05:34.977360634 Z
  _version: 0.10.1/0.42.0/
  what: dimensions-of-terrain
  when: 2025-05-20 23:05:34.977455199 Z
