---
- added: 8
  cycles: 1
  deleted: 8
  inserted: 8
  seconds: 10.525661921
  version: 0.42.0
  what: judges-summary
  when: 2025-05-14 17:05:16.936686646 Z
- _id: 1
  _time: 2025-05-14 17:05:16.926443769 Z
  _version: 0.10.1/0.42.0/
  since: 2025-04-16 17:05:16.926654002 Z
  what: quality-of-service
  when: 2025-05-14 17:05:16.926586887 Z
- _id: 2
  _time: 2025-05-14 17:05:16.929124861 Z
  _version: 0.10.1/0.42.0/
  since: 2025-04-16 17:05:16.929222404 Z
  what: quantity-of-deliverables
  when: 2025-05-14 17:05:16.929199250 Z
- _id: 3
  _time: 2025-05-14 17:05:16.934390357 Z
  _version: 0.10.1/0.42.0/
  what: dimensions-of-terrain
  when: 2025-05-14 17:05:16.934478512 Z
