---
- added: 8
  cycles: 1
  deleted: 8
  inserted: 8
  seconds: 0.803493697
  version: 0.42.0
  what: judges-summary
  when: 2025-05-19 03:27:12.803283365 Z
- _id: 1
  _time: 2025-05-19 03:27:12.797260128 Z
  _version: 0.10.1/0.42.0/
  since: 2025-04-21 03:27:12.797475572 Z
  what: quantity-of-deliverables
  when: 2025-05-19 03:27:12.797433443 Z
- _id: 2
  _time: 2025-05-19 03:27:12.798971349 Z
  _version: 0.10.1/0.42.0/
  since: 2025-04-21 03:27:12.799112524 Z
  what: quality-of-service
  when: 2025-05-19 03:27:12.799077809 Z
- _id: 3
  _time: 2025-05-19 03:27:12.800700562 Z
  _version: 0.10.1/0.42.0/
  what: dimensions-of-terrain
  when: 2025-05-19 03:27:12.800774692 Z
