---
- added: 8
  cycles: 1
  deleted: 8
  inserted: 8
  seconds: 10.282442698
  version: 0.42.0
  what: judges-summary
  when: 2025-05-12 09:06:15.037652264 Z
- _id: 1
  _time: 2025-05-12 09:06:15.031885389 Z
  _version: 0.10.1/0.42.0/
  since: 2025-04-14 09:06:15.032088389 Z
  what: quality-of-service
  when: 2025-05-12 09:06:15.032029539 Z
- _id: 2
  _time: 2025-05-12 09:06:15.033816484 Z
  _version: 0.10.1/0.42.0/
  since: 2025-04-14 09:06:15.033916371 Z
  what: quantity-of-deliverables
  when: 2025-05-12 09:06:15.033893558 Z
- _id: 3
  _time: 2025-05-12 09:06:15.034992846 Z
  _version: 0.10.1/0.42.0/
  what: dimensions-of-terrain
  when: 2025-05-12 09:06:15.035102491 Z
