---
- added: 8
  cycles: 1
  deleted: 8
  inserted: 8
  seconds: 9.57693772
  version: 0.42.0
  what: judges-summary
  when: 2025-05-26 04:40:33.771135286 Z
- _id: 1
  _time: 2025-05-26 04:40:33.758457079 Z
  _version: 0.10.1/0.42.0/
  since: 2025-04-28 04:40:33.758642023 Z
  what: quality-of-service
  when: 2025-05-26 04:40:33.758603932 Z
- _id: 2
  _time: 2025-05-26 04:40:33.764279192 Z
  _version: 0.10.1/0.42.0/
  since: 2025-04-28 04:40:33.764380541 Z
  what: quantity-of-deliverables
  when: 2025-05-26 04:40:33.764358190 Z
- _id: 3
  _time: 2025-05-26 04:40:33.769465071 Z
  _version: 0.10.1/0.42.0/
  what: dimensions-of-terrain
  when: 2025-05-26 04:40:33.769541784 Z
