---
- added: 8
  cycles: 1
  deleted: 8
  inserted: 8
  seconds: 14.122756211
  version: 0.42.0
  what: judges-summary
  when: 2025-06-11 17:05:44.752707088 Z
- _id: 1
  _time: 2025-06-11 17:05:44.745333420 Z
  _version: 0.10.1/0.42.0/
  since: 2025-05-14 17:05:44.745515190 Z
  what: quality-of-service
  when: 2025-06-11 17:05:44.745478612 Z
- _id: 2
  _time: 2025-06-11 17:05:44.749361025 Z
  _version: 0.10.1/0.42.0/
  what: dimensions-of-terrain
  when: 2025-06-11 17:05:44.749436867 Z
- _id: 3
  _time: 2025-06-11 17:05:44.750792718 Z
  _version: 0.10.1/0.42.0/
  since: 2025-05-14 17:05:44.750890631 Z
  what: quantity-of-deliverables
  when: 2025-06-11 17:05:44.750866807 Z
