---
- added: 8
  cycles: 1
  deleted: 8
  inserted: 8
  seconds: 9.966526882
  version: 0.42.0
  what: judges-summary
  when: 2025-06-05 18:58:45.323514049 Z
- _id: 1
  _time: 2025-06-05 18:58:45.310818238 Z
  _version: 0.10.1/0.42.0/
  since: 2025-05-08 18:58:45.311039851 Z
  what: quantity-of-deliverables
  when: 2025-06-05 18:58:45.311000658 Z
- _id: 2
  _time: 2025-06-05 18:58:45.320000096 Z
  _version: 0.10.1/0.42.0/
  since: 2025-05-08 18:58:45.320164893 Z
  what: quality-of-service
  when: 2025-06-05 18:58:45.320130629 Z
- _id: 3
  _time: 2025-06-05 18:58:45.322603022 Z
  _version: 0.10.1/0.42.0/
  what: dimensions-of-terrain
  when: 2025-06-05 18:58:45.322683793 Z
