---
- added: 8
  cycles: 1
  deleted: 8
  inserted: 8
  seconds: 9.912428091
  version: 0.42.0
  what: judges-summary
  when: 2025-06-06 01:33:28.067304526 Z
- _id: 1
  _time: 2025-06-06 01:33:28.055839652 Z
  _version: 0.10.1/0.42.0/
  since: 2025-05-09 01:33:28.056045926 Z
  what: quantity-of-deliverables
  when: 2025-06-06 01:33:28.056001494 Z
- _id: 2
  _time: 2025-06-06 01:33:28.061483985 Z
  _version: 0.10.1/0.42.0/
  since: 2025-05-09 01:33:28.061759219 Z
  what: quality-of-service
  when: 2025-06-06 01:33:28.061696852 Z
- _id: 3
  _time: 2025-06-06 01:33:28.064166180 Z
  _version: 0.10.1/0.42.0/
  what: dimensions-of-terrain
  when: 2025-06-06 01:33:28.064262880 Z
