---
- added: 8
  cycles: 1
  deleted: 8
  inserted: 8
  seconds: 8.20476971
  version: 0.42.0
  what: judges-summary
  when: 2025-05-15 09:05:55.356539102 Z
- _id: 1
  _time: 2025-05-15 09:05:55.344226088 Z
  _version: 0.10.1/0.42.0/
  since: 2025-04-17 09:05:55.344410564 Z
  what: quantity-of-deliverables
  when: 2025-05-15 09:05:55.344373524 Z
- _id: 2
  _time: 2025-05-15 09:05:55.347913411 Z
  _version: 0.10.1/0.42.0/
  since: 2025-04-17 09:05:55.348085153 Z
  what: quality-of-service
  when: 2025-05-15 09:05:55.348049536 Z
- _id: 3
  _time: 2025-05-15 09:05:55.351351514 Z
  _version: 0.10.1/0.42.0/
  what: dimensions-of-terrain
  when: 2025-05-15 09:05:55.351429902 Z
