---
- added: 8
  cycles: 1
  deleted: 8
  inserted: 8
  seconds: 7.53000516
  version: 0.42.0
  what: judges-summary
  when: 2025-05-30 22:37:19.859248134 Z
- _id: 1
  _time: 2025-05-30 22:37:19.850729290 Z
  _version: 0.10.1/0.42.0/
  since: 2025-05-02 22:37:19.850915419 Z
  what: quantity-of-deliverables
  when: 2025-05-30 22:37:19.850876366 Z
- _id: 2
  _time: 2025-05-30 22:37:19.856559314 Z
  _version: 0.10.1/0.42.0/
  since: 2025-05-02 22:37:19.856805276 Z
  what: quality-of-service
  when: 2025-05-30 22:37:19.856744201 Z
- _id: 3
  _time: 2025-05-30 22:37:19.858314071 Z
  _version: 0.10.1/0.42.0/
  what: dimensions-of-terrain
  when: 2025-05-30 22:37:19.858389592 Z
