---
- added: 8
  cycles: 1
  deleted: 8
  inserted: 8
  seconds: 7.636986414
  version: 0.42.0
  what: judges-summary
  when: 2025-05-15 04:06:39.695523266 Z
- _id: 1
  _time: 2025-05-15 04:06:39.681960715 Z
  _version: 0.10.1/0.42.0/
  what: dimensions-of-terrain
  when: 2025-05-15 04:06:39.682116004 Z
- _id: 2
  _time: 2025-05-15 04:06:39.684387814 Z
  _version: 0.10.1/0.42.0/
  since: 2025-04-17 04:06:39.684523747 Z
  what: quantity-of-deliverables
  when: 2025-05-15 04:06:39.684491086 Z
- _id: 3
  _time: 2025-05-15 04:06:39.689434519 Z
  _version: 0.10.1/0.42.0/
  since: 2025-04-17 04:06:39.689572997 Z
  what: quality-of-service
  when: 2025-05-15 04:06:39.689541118 Z
