---
- added: 8
  cycles: 1
  deleted: 8
  inserted: 8
  seconds: 17.813713406
  version: 0.42.0
  what: judges-summary
  when: 2025-05-16 19:04:50.821284248 Z
- _id: 1
  _time: 2025-05-16 19:04:50.813763863 Z
  _version: 0.10.1/0.42.0/
  since: 2025-04-18 19:04:50.813980468 Z
  what: quantity-of-deliverables
  when: 2025-05-16 19:04:50.813941766 Z
- _id: 2
  _time: 2025-05-16 19:04:50.815048736 Z
  _version: 0.10.1/0.42.0/
  what: dimensions-of-terrain
  when: 2025-05-16 19:04:50.815149965 Z
- _id: 3
  _time: 2025-05-16 19:04:50.817457000 Z
  _version: 0.10.1/0.42.0/
  since: 2025-04-18 19:04:50.817586122 Z
  what: quality-of-service
  when: 2025-05-16 19:04:50.817555083 Z
