---
- added: 8
  cycles: 1
  deleted: 8
  inserted: 8
  seconds: 9.703168052
  version: 0.42.0
  what: judges-summary
  when: 2025-06-06 08:39:44.014758496 Z
- _id: 1
  _time: 2025-06-06 08:39:44.001051415 Z
  _version: 0.10.1/0.42.0/
  since: 2025-05-09 08:39:44.001233916 Z
  what: quantity-of-deliverables
  when: 2025-06-06 08:39:44.001196576 Z
- _id: 2
  _time: 2025-06-06 08:39:44.006482141 Z
  _version: 0.10.1/0.42.0/
  what: dimensions-of-terrain
  when: 2025-06-06 08:39:44.006592077 Z
- _id: 3
  _time: 2025-06-06 08:39:44.012607625 Z
  _version: 0.10.1/0.42.0/
  since: 2025-05-09 08:39:44.012790687 Z
  what: quality-of-service
  when: 2025-06-06 08:39:44.012755522 Z
