---
- added: 8
  cycles: 1
  deleted: 8
  inserted: 8
  seconds: 9.62167363
  version: 0.42.0
  what: judges-summary
  when: 2025-05-27 06:07:14.493873203 Z
- _id: 1
  _time: 2025-05-27 06:07:14.481406726 Z
  _version: 0.10.1/0.42.0/
  since: 2025-04-29 06:07:14.481591221 Z
  what: quality-of-service
  when: 2025-05-27 06:07:14.481553521 Z
- _id: 2
  _time: 2025-05-27 06:07:14.488717698 Z
  _version: 0.10.1/0.42.0/
  since: 2025-04-29 06:07:14.488888798 Z
  what: quantity-of-deliverables
  when: 2025-05-27 06:07:14.488846830 Z
- _id: 3
  _time: 2025-05-27 06:07:14.491277749 Z
  _version: 0.10.1/0.42.0/
  what: dimensions-of-terrain
  when: 2025-05-27 06:07:14.491355534 Z
