---
- added: 8
  cycles: 1
  deleted: 8
  inserted: 8
  seconds: 8.295635475
  version: 0.42.0
  what: judges-summary
  when: 2025-05-31 23:05:25.098389736 Z
- _id: 1
  _time: 2025-05-31 23:05:25.085577388 Z
  _version: 0.10.1/0.42.0/
  since: 2025-05-03 23:05:25.085760221 Z
  what: quantity-of-deliverables
  when: 2025-05-31 23:05:25.085721308 Z
- _id: 2
  _time: 2025-05-31 23:05:25.092223311 Z
  _version: 0.10.1/0.42.0/
  since: 2025-05-03 23:05:25.092362271 Z
  what: quality-of-service
  when: 2025-05-31 23:05:25.092324891 Z
- _id: 3
  _time: 2025-05-31 23:05:25.095711152 Z
  _version: 0.10.1/0.42.0/
  what: dimensions-of-terrain
  when: 2025-05-31 23:05:25.095788006 Z
