---
- added: 8
  cycles: 1
  deleted: 8
  inserted: 8
  seconds: 9.959409714
  version: 0.42.0
  what: judges-summary
  when: 2025-06-01 19:04:44.553554164 Z
- _id: 1
  _time: 2025-06-01 19:04:44.546635050 Z
  _version: 0.10.1/0.42.0/
  what: dimensions-of-terrain
  when: 2025-06-01 19:04:44.546780453 Z
- _id: 2
  _time: 2025-06-01 19:04:44.549743414 Z
  _version: 0.10.1/0.42.0/
  since: 2025-05-04 19:04:44.549908033 Z
  what: quality-of-service
  when: 2025-06-01 19:04:44.549844954 Z
- _id: 3
  _time: 2025-06-01 19:04:44.551545691 Z
  _version: 0.10.1/0.42.0/
  since: 2025-05-04 19:04:44.551640559 Z
  what: quantity-of-deliverables
  when: 2025-06-01 19:04:44.551618548 Z
