---
- added: 8
  cycles: 1
  deleted: 8
  inserted: 8
  seconds: 10.250492725
  version: 0.42.0
  what: judges-summary
  when: 2025-05-22 09:37:01.630955549 Z
- _id: 1
  _time: 2025-05-22 09:37:01.621923981 Z
  _version: 0.10.1/0.42.0/
  since: 2025-04-24 09:37:01.622106240 Z
  what: quality-of-service
  when: 2025-05-22 09:37:01.622068780 Z
- _id: 2
  _time: 2025-05-22 09:37:01.627652207 Z
  _version: 0.10.1/0.42.0/
  since: 2025-04-24 09:37:01.627751401 Z
  what: quantity-of-deliverables
  when: 2025-05-22 09:37:01.627728198 Z
- _id: 3
  _time: 2025-05-22 09:37:01.630099094 Z
  _version: 0.10.1/0.42.0/
  what: dimensions-of-terrain
  when: 2025-05-22 09:37:01.630176137 Z
