---
- added: 8
  cycles: 1
  deleted: 8
  inserted: 8
  seconds: 21.347802825
  version: 0.42.0
  what: judges-summary
  when: 2025-05-26 07:42:24.652004743 Z
- _id: 1
  _time: 2025-05-26 07:42:24.641981582 Z
  _version: 0.10.1/0.42.0/
  what: dimensions-of-terrain
  when: 2025-05-26 07:42:24.642130801 Z
- _id: 2
  _time: 2025-05-26 07:42:24.647448791 Z
  _version: 0.10.1/0.42.0/
  since: 2025-04-28 07:42:24.647595084 Z
  what: quality-of-service
  when: 2025-05-26 07:42:24.647560811 Z
- _id: 3
  _time: 2025-05-26 07:42:24.651093262 Z
  _version: 0.10.1/0.42.0/
  since: 2025-04-28 07:42:24.651194642 Z
  what: quantity-of-deliverables
  when: 2025-05-26 07:42:24.651171959 Z
