---
- added: 8
  cycles: 1
  deleted: 8
  inserted: 8
  seconds: 8.101621869
  version: 0.42.0
  what: judges-summary
  when: 2025-05-14 20:05:41.350386536 Z
- _id: 1
  _time: 2025-05-14 20:05:41.338540055 Z
  _version: 0.10.1/0.42.0/
  since: 2025-04-16 20:05:41.338726503 Z
  what: quality-of-service
  when: 2025-05-14 20:05:41.338688833 Z
- _id: 2
  _time: 2025-05-14 20:05:41.340964162 Z
  _version: 0.10.1/0.42.0/
  since: 2025-04-16 20:05:41.341062175 Z
  what: quantity-of-deliverables
  when: 2025-05-14 20:05:41.341039462 Z
- _id: 3
  _time: 2025-05-14 20:05:41.344386660 Z
  _version: 0.10.1/0.42.0/
  what: dimensions-of-terrain
  when: 2025-05-14 20:05:41.344468042 Z
