---
- added: 8
  cycles: 1
  deleted: 8
  inserted: 8
  seconds: 17.30101021
  version: 0.42.0
  what: judges-summary
  when: 2025-05-24 09:34:47.079928602 Z
- _id: 1
  _time: 2025-05-24 09:34:47.067513533 Z
  _version: 0.10.1/0.42.0/
  since: 2025-04-26 09:34:47.067702766 Z
  what: quality-of-service
  when: 2025-05-24 09:34:47.067663673 Z
- _id: 2
  _time: 2025-05-24 09:34:47.070739443 Z
  _version: 0.10.1/0.42.0/
  since: 2025-04-26 09:34:47.070840401 Z
  what: quantity-of-deliverables
  when: 2025-05-24 09:34:47.070817088 Z
- _id: 3
  _time: 2025-05-24 09:34:47.074142822 Z
  _version: 0.10.1/0.42.0/
  what: dimensions-of-terrain
  when: 2025-05-24 09:34:47.074274758 Z
