---
- added: 8
  cycles: 1
  deleted: 8
  inserted: 8
  seconds: 10.089593264
  version: 0.42.0
  what: judges-summary
  when: 2025-05-23 07:35:24.239797229 Z
- _id: 1
  _time: 2025-05-23 07:35:24.228548681 Z
  _version: 0.10.1/0.42.0/
  since: 2025-04-25 07:35:24.228739598 Z
  what: quality-of-service
  when: 2025-05-23 07:35:24.228701938 Z
- _id: 2
  _time: 2025-05-23 07:35:24.232149198 Z
  _version: 0.10.1/0.42.0/
  since: 2025-04-25 07:35:24.232254685 Z
  what: quantity-of-deliverables
  when: 2025-05-23 07:35:24.232230981 Z
- _id: 3
  _time: 2025-05-23 07:35:24.237785465 Z
  _version: 0.10.1/0.42.0/
  what: dimensions-of-terrain
  when: 2025-05-23 07:35:24.237894939 Z
