---
- added: 8
  cycles: 1
  deleted: 8
  inserted: 8
  seconds: 8.098427718
  version: 0.42.0
  what: judges-summary
  when: 2025-06-09 16:41:13.541537610 Z
- _id: 1
  _time: 2025-06-09 16:41:13.531582470 Z
  _version: 0.10.1/0.42.0/
  what: dimensions-of-terrain
  when: 2025-06-09 16:41:13.531730699 Z
- _id: 2
  _time: 2025-06-09 16:41:13.533988655 Z
  _version: 0.10.1/0.42.0/
  since: 2025-05-12 16:41:13.534128868 Z
  what: quality-of-service
  when: 2025-06-09 16:41:13.534096798 Z
- _id: 3
  _time: 2025-06-09 16:41:13.540501281 Z
  _version: 0.10.1/0.42.0/
  since: 2025-05-12 16:41:13.540614584 Z
  what: quantity-of-deliverables
  when: 2025-06-09 16:41:13.540590569 Z
