---
- added: 8
  cycles: 1
  deleted: 8
  inserted: 8
  seconds: 8.287695307
  version: 0.42.0
  what: judges-summary
  when: 2025-05-30 09:05:35.491497794 Z
- _id: 1
  _time: 2025-05-30 09:05:35.479732751 Z
  _version: 0.10.1/0.42.0/
  since: 2025-05-02 09:05:35.479918089 Z
  what: quality-of-service
  when: 2025-05-30 09:05:35.479880017 Z
- _id: 2
  _time: 2025-05-30 09:05:35.483400061 Z
  _version: 0.10.1/0.42.0/
  since: 2025-05-02 09:05:35.483501181 Z
  what: quantity-of-deliverables
  when: 2025-05-30 09:05:35.483477426 Z
- _id: 3
  _time: 2025-05-30 09:05:35.488150038 Z
  _version: 0.10.1/0.42.0/
  what: dimensions-of-terrain
  when: 2025-05-30 09:05:35.488226512 Z
