---
- added: 8
  cycles: 1
  deleted: 8
  inserted: 8
  seconds: 7.503500553
  version: 0.42.0
  what: judges-summary
  when: 2025-06-07 18:39:38.855494523 Z
- _id: 1
  _time: 2025-06-07 18:39:38.842173198 Z
  _version: 0.10.1/0.42.0/
  what: dimensions-of-terrain
  when: 2025-06-07 18:39:38.842362293 Z
- _id: 2
  _time: 2025-06-07 18:39:38.850844533 Z
  _version: 0.10.1/0.42.0/
  since: 2025-05-10 18:39:38.850982052 Z
  what: quality-of-service
  when: 2025-06-07 18:39:38.850949551 Z
- _id: 3
  _time: 2025-06-07 18:39:38.854512529 Z
  _version: 0.10.1/0.42.0/
  since: 2025-05-10 18:39:38.854612376 Z
  what: quantity-of-deliverables
  when: 2025-06-07 18:39:38.854589684 Z
