---
- added: 8
  cycles: 1
  deleted: 8
  inserted: 8
  seconds: 8.32421103
  version: 0.42.0
  what: judges-summary
  when: 2025-05-28 16:05:59.027897907 Z
- _id: 1
  _time: 2025-05-28 16:05:59.016000360 Z
  _version: 0.10.1/0.42.0/
  since: 2025-04-30 16:05:59.016192028 Z
  what: quantity-of-deliverables
  when: 2025-05-28 16:05:59.016152304 Z
- _id: 2
  _time: 2025-05-28 16:05:59.022064690 Z
  _version: 0.10.1/0.42.0/
  what: dimensions-of-terrain
  when: 2025-05-28 16:05:59.022168945 Z
- _id: 3
  _time: 2025-05-28 16:05:59.025235805 Z
  _version: 0.10.1/0.42.0/
  since: 2025-04-30 16:05:59.025371880 Z
  what: quality-of-service
  when: 2025-05-28 16:05:59.025339188 Z
