---
- added: 8
  cycles: 1
  deleted: 8
  inserted: 8
  seconds: 13.382252682
  version: 0.42.0
  what: judges-summary
  when: 2025-05-26 21:34:49.086213242 Z
- _id: 1
  _time: 2025-05-26 21:34:49.075125199 Z
  _version: 0.10.1/0.42.0/
  since: 2025-04-28 21:34:49.075310656 Z
  what: quantity-of-deliverables
  when: 2025-05-26 21:34:49.075273295 Z
- _id: 2
  _time: 2025-05-26 21:34:49.083719927 Z
  _version: 0.10.1/0.42.0/
  since: 2025-04-28 21:34:49.083894404 Z
  what: quality-of-service
  when: 2025-05-26 21:34:49.083856603 Z
- _id: 3
  _time: 2025-05-26 21:34:49.085304209 Z
  _version: 0.10.1/0.42.0/
  what: dimensions-of-terrain
  when: 2025-05-26 21:34:49.085380933 Z
