---
- added: 8
  cycles: 1
  deleted: 8
  inserted: 8
  seconds: 10.611773886
  version: 0.42.0
  what: judges-summary
  when: 2025-05-14 14:05:50.127191672 Z
- _id: 1
  _time: 2025-05-14 14:05:50.114517543 Z
  _version: 0.10.1/0.42.0/
  since: 2025-04-16 14:05:50.114729538 Z
  what: quality-of-service
  when: 2025-05-14 14:05:50.114690956 Z
- _id: 2
  _time: 2025-05-14 14:05:50.123162928 Z
  _version: 0.10.1/0.42.0/
  since: 2025-04-16 14:05:50.123267282 Z
  what: quantity-of-deliverables
  when: 2025-05-14 14:05:50.123243197 Z
- _id: 3
  _time: 2025-05-14 14:05:50.126226214 Z
  _version: 0.10.1/0.42.0/
  what: dimensions-of-terrain
  when: 2025-05-14 14:05:50.126303768 Z
