---
- added: 8
  cycles: 1
  deleted: 8
  inserted: 8
  seconds: 7.488700548
  version: 0.42.0
  what: judges-summary
  when: 2025-06-14 09:36:36.949960223 Z
- _id: 1
  _time: 2025-06-14 09:36:36.939077482 Z
  _version: 0.10.1/0.42.0/
  since: 2025-05-17 09:36:36.939289401 Z
  what: quality-of-service
  when: 2025-06-14 09:36:36.939220381 Z
- _id: 2
  _time: 2025-06-14 09:36:36.944152302 Z
  _version: 0.10.1/0.42.0/
  what: dimensions-of-terrain
  when: 2025-06-14 09:36:36.944338582 Z
- _id: 3
  _time: 2025-06-14 09:36:36.947642873 Z
  _version: 0.10.1/0.42.0/
  since: 2025-05-17 09:36:36.947747329 Z
  what: quantity-of-deliverables
  when: 2025-06-14 09:36:36.947724556 Z
