---
- added: 8
  cycles: 1
  deleted: 8
  inserted: 8
  seconds: 9.890567484
  version: 0.42.0
  what: judges-summary
  when: 2025-05-23 08:07:00.066177972 Z
- _id: 1
  _time: 2025-05-23 08:07:00.056809380 Z
  _version: 0.10.1/0.42.0/
  since: 2025-04-25 08:07:00.056993433 Z
  what: quality-of-service
  when: 2025-05-23 08:07:00.056956414 Z
- _id: 2
  _time: 2025-05-23 08:07:00.059950839 Z
  _version: 0.10.1/0.42.0/
  since: 2025-04-25 08:07:00.060048621 Z
  what: quantity-of-deliverables
  when: 2025-05-23 08:07:00.060025989 Z
- _id: 3
  _time: 2025-05-23 08:07:00.063059216 Z
  _version: 0.10.1/0.42.0/
  what: dimensions-of-terrain
  when: 2025-05-23 08:07:00.063134506 Z
