---
- added: 8
  cycles: 1
  deleted: 8
  inserted: 8
  seconds: 17.984492575
  version: 0.42.0
  what: judges-summary
  when: 2025-06-12 10:06:18.275932409 Z
- _id: 1
  _time: 2025-06-12 10:06:18.269087190 Z
  _version: 0.10.1/0.42.0/
  since: 2025-05-15 10:06:18.269268861 Z
  what: quality-of-service
  when: 2025-06-12 10:06:18.269231941 Z
- _id: 2
  _time: 2025-06-12 10:06:18.270691133 Z
  _version: 0.10.1/0.42.0/
  what: dimensions-of-terrain
  when: 2025-06-12 10:06:18.270782314 Z
- _id: 3
  _time: 2025-06-12 10:06:18.274992987 Z
  _version: 0.10.1/0.42.0/
  since: 2025-05-15 10:06:18.275093986 Z
  what: quantity-of-deliverables
  when: 2025-06-12 10:06:18.275070452 Z
