---
- added: 8
  cycles: 1
  deleted: 8
  inserted: 8
  seconds: 7.42745652
  version: 0.42.0
  what: judges-summary
  when: 2025-05-25 12:07:26.321906396 Z
- _id: 1
  _time: 2025-05-25 12:07:26.312306615 Z
  _version: 0.10.1/0.42.0/
  since: 2025-04-27 12:07:26.312490387 Z
  what: quality-of-service
  when: 2025-05-25 12:07:26.312453869 Z
- _id: 2
  _time: 2025-05-25 12:07:26.317574462 Z
  _version: 0.10.1/0.42.0/
  since: 2025-04-27 12:07:26.317679458 Z
  what: quantity-of-deliverables
  when: 2025-05-25 12:07:26.317655934 Z
- _id: 3
  _time: 2025-05-25 12:07:26.319778550 Z
  _version: 0.10.1/0.42.0/
  what: dimensions-of-terrain
  when: 2025-05-25 12:07:26.319854892 Z
