---
- added: 8
  cycles: 1
  deleted: 8
  inserted: 8
  seconds: 10.827008282
  version: 0.42.0
  what: judges-summary
  when: 2025-06-11 15:05:51.733778607 Z
- _id: 1
  _time: 2025-06-11 15:05:51.723489955 Z
  _version: 0.10.1/0.42.0/
  since: 2025-05-14 15:05:51.723684429 Z
  what: quality-of-service
  when: 2025-06-11 15:05:51.723644605 Z
- _id: 2
  _time: 2025-06-11 15:05:51.730189341 Z
  _version: 0.10.1/0.42.0/
  what: dimensions-of-terrain
  when: 2025-06-11 15:05:51.730276734 Z
- _id: 3
  _time: 2025-06-11 15:05:51.732725188 Z
  _version: 0.10.1/0.42.0/
  since: 2025-05-14 15:05:51.732828492 Z
  what: quantity-of-deliverables
  when: 2025-06-11 15:05:51.732804367 Z
