---
- added: 8
  cycles: 1
  deleted: 8
  inserted: 8
  seconds: 9.849389697
  version: 0.42.0
  what: judges-summary
  when: 2025-05-28 09:05:48.580908133 Z
- _id: 1
  _time: 2025-05-28 09:05:48.572665938 Z
  _version: 0.10.1/0.42.0/
  what: dimensions-of-terrain
  when: 2025-05-28 09:05:48.572971187 Z
- _id: 2
  _time: 2025-05-28 09:05:48.576221320 Z
  _version: 0.10.1/0.42.0/
  since: 2025-04-30 09:05:48.576360921 Z
  what: quality-of-service
  when: 2025-05-28 09:05:48.576326987 Z
- _id: 3
  _time: 2025-05-28 09:05:48.577875125 Z
  _version: 0.10.1/0.42.0/
  since: 2025-04-30 09:05:48.578005779 Z
  what: quantity-of-deliverables
  when: 2025-05-28 09:05:48.577983407 Z
