---
- added: 8
  cycles: 1
  deleted: 8
  inserted: 8
  seconds: 7.228793208
  version: 0.42.0
  what: judges-summary
  when: 2025-05-21 02:34:44.493748653 Z
- _id: 1
  _time: 2025-05-21 02:34:44.483926433 Z
  _version: 0.10.1/0.42.0/
  since: 2025-04-23 02:34:44.484112842 Z
  what: quality-of-service
  when: 2025-05-21 02:34:44.484074200 Z
- _id: 2
  _time: 2025-05-21 02:34:44.485984202 Z
  _version: 0.10.1/0.42.0/
  what: dimensions-of-terrain
  when: 2025-05-21 02:34:44.486061166 Z
- _id: 3
  _time: 2025-05-21 02:34:44.487630342 Z
  _version: 0.10.1/0.42.0/
  since: 2025-04-23 02:34:44.487762841 Z
  what: quantity-of-deliverables
  when: 2025-05-21 02:34:44.487739577 Z
