---
- added: 8
  cycles: 1
  deleted: 8
  inserted: 8
  seconds: 10.514409163
  version: 0.42.0
  what: judges-summary
  when: 2025-05-19 13:14:36.290689126 Z
- _id: 1
  _time: 2025-05-19 13:14:36.284076415 Z
  _version: 0.10.1/0.42.0/
  since: 2025-04-21 13:14:36.284287498 Z
  what: quantity-of-deliverables
  when: 2025-05-19 13:14:36.284248335 Z
- _id: 2
  _time: 2025-05-19 13:14:36.285411793 Z
  _version: 0.10.1/0.42.0/
  what: dimensions-of-terrain
  when: 2025-05-19 13:14:36.285514484 Z
- _id: 3
  _time: 2025-05-19 13:14:36.288467336 Z
  _version: 0.10.1/0.42.0/
  since: 2025-04-21 13:14:36.288604111 Z
  what: quality-of-service
  when: 2025-05-19 13:14:36.288570979 Z
