---
- added: 8
  cycles: 1
  deleted: 8
  inserted: 8
  seconds: 7.594169745
  version: 0.42.0
  what: judges-summary
  when: 2025-05-12 01:33:58.916816333 Z
- _id: 1
  _time: 2025-05-12 01:33:58.906970974 Z
  _version: 0.10.1/0.42.0/
  what: dimensions-of-terrain
  when: 2025-05-12 01:33:58.907115784 Z
- _id: 2
  _time: 2025-05-12 01:33:58.909232404 Z
  _version: 0.10.1/0.42.0/
  since: 2025-04-14 01:33:58.909366543 Z
  what: quantity-of-deliverables
  when: 2025-05-12 01:33:58.909334684 Z
- _id: 3
  _time: 2025-05-12 01:33:58.915525329 Z
  _version: 0.10.1/0.42.0/
  since: 2025-04-14 01:33:58.915658928 Z
  what: quality-of-service
  when: 2025-05-12 01:33:58.915627089 Z
