---
- added: 8
  cycles: 1
  deleted: 8
  inserted: 8
  seconds: 10.24908563
  version: 0.42.0
  what: judges-summary
  when: 2025-05-13 16:40:30.027669177 Z
- _id: 1
  _time: 2025-05-13 16:40:30.014640607 Z
  _version: 0.10.1/0.42.0/
  since: 2025-04-15 16:40:30.014823852 Z
  what: quantity-of-deliverables
  when: 2025-05-13 16:40:30.014786522 Z
- _id: 2
  _time: 2025-05-13 16:40:30.017232339 Z
  _version: 0.10.1/0.42.0/
  since: 2025-04-15 16:40:30.017368756 Z
  what: quality-of-service
  when: 2025-05-13 16:40:30.017335393 Z
- _id: 3
  _time: 2025-05-13 16:40:30.021039810 Z
  _version: 0.10.1/0.42.0/
  what: dimensions-of-terrain
  when: 2025-05-13 16:40:30.021116234 Z
