---
- added: 8
  cycles: 1
  deleted: 8
  inserted: 8
  seconds: 7.943981435
  version: 0.42.0
  what: judges-summary
  when: 2025-05-28 08:06:49.876582585 Z
- _id: 1
  _time: 2025-05-28 08:06:49.864062769 Z
  _version: 0.10.1/0.42.0/
  since: 2025-04-30 08:06:49.864259988 Z
  what: quality-of-service
  when: 2025-05-28 08:06:49.864222277 Z
- _id: 2
  _time: 2025-05-28 08:06:49.867517732 Z
  _version: 0.10.1/0.42.0/
  what: dimensions-of-terrain
  when: 2025-05-28 08:06:49.867594947 Z
- _id: 3
  _time: 2025-05-28 08:06:49.875632488 Z
  _version: 0.10.1/0.42.0/
  since: 2025-04-30 08:06:49.875731574 Z
  what: quantity-of-deliverables
  when: 2025-05-28 08:06:49.875708841 Z
