---
- added: 8
  cycles: 1
  deleted: 8
  inserted: 8
  seconds: 7.282942825
  version: 0.42.0
  what: judges-summary
  when: 2025-05-25 11:33:50.838026345 Z
- _id: 1
  _time: 2025-05-25 11:33:50.825518429 Z
  _version: 0.10.1/0.42.0/
  since: 2025-04-27 11:33:50.825706127 Z
  what: quality-of-service
  when: 2025-05-25 11:33:50.825667525 Z
- _id: 2
  _time: 2025-05-25 11:33:50.828373172 Z
  _version: 0.10.1/0.42.0/
  what: dimensions-of-terrain
  when: 2025-05-25 11:33:50.828452139 Z
- _id: 3
  _time: 2025-05-25 11:33:50.837105584 Z
  _version: 0.10.1/0.42.0/
  since: 2025-04-27 11:33:50.837242968 Z
  what: quantity-of-deliverables
  when: 2025-05-25 11:33:50.837216098 Z
