---
- added: 8
  cycles: 1
  deleted: 8
  inserted: 8
  seconds: 7.783916332
  version: 0.42.0
  what: judges-summary
  when: 2025-06-08 08:38:07.736081940 Z
- _id: 1
  _time: 2025-06-08 08:38:07.727253543 Z
  _version: 0.10.1/0.42.0/
  since: 2025-05-11 08:38:07.727435565 Z
  what: quality-of-service
  when: 2025-06-08 08:38:07.727398656 Z
- _id: 2
  _time: 2025-06-08 08:38:07.732075435 Z
  _version: 0.10.1/0.42.0/
  what: dimensions-of-terrain
  when: 2025-06-08 08:38:07.732153691 Z
- _id: 3
  _time: 2025-06-08 08:38:07.734138797 Z
  _version: 0.10.1/0.42.0/
  since: 2025-05-11 08:38:07.734251879 Z
  what: quantity-of-deliverables
  when: 2025-06-08 08:38:07.734228866 Z
