---
- added: 8
  cycles: 1
  deleted: 8
  inserted: 8
  seconds: 9.494962064
  version: 0.42.0
  what: judges-summary
  when: 2025-05-18 01:33:23.380881206 Z
- _id: 1
  _time: 2025-05-18 01:33:23.367997253 Z
  _version: 0.10.1/0.42.0/
  since: 2025-04-20 01:33:23.368181136 Z
  what: quantity-of-deliverables
  when: 2025-05-18 01:33:23.368141993 Z
- _id: 2
  _time: 2025-05-18 01:33:23.370598343 Z
  _version: 0.10.1/0.42.0/
  since: 2025-04-20 01:33:23.370730379 Z
  what: quality-of-service
  when: 2025-05-18 01:33:23.370698079 Z
- _id: 3
  _time: 2025-05-18 01:33:23.373152726 Z
  _version: 0.10.1/0.42.0/
  what: dimensions-of-terrain
  when: 2025-05-18 01:33:23.373228667 Z
