---
- added: 8
  cycles: 1
  deleted: 8
  inserted: 8
  seconds: 7.947922558
  version: 0.42.0
  what: judges-summary
  when: 2025-05-25 23:05:27.276583945 Z
- _id: 1
  _time: 2025-05-25 23:05:27.265743844 Z
  _version: 0.10.1/0.42.0/
  what: dimensions-of-terrain
  when: 2025-05-25 23:05:27.265892221 Z
- _id: 2
  _time: 2025-05-25 23:05:27.268067393 Z
  _version: 0.10.1/0.42.0/
  since: 2025-04-27 23:05:27.268216281 Z
  what: quantity-of-deliverables
  when: 2025-05-25 23:05:27.268183740 Z
- _id: 3
  _time: 2025-05-25 23:05:27.273115425 Z
  _version: 0.10.1/0.42.0/
  since: 2025-04-27 23:05:27.273255807 Z
  what: quality-of-service
  when: 2025-05-25 23:05:27.273222886 Z
