---
- added: 8
  cycles: 1
  deleted: 8
  inserted: 8
  seconds: 12.849855821
  version: 0.42.0
  what: judges-summary
  when: 2025-05-14 04:06:52.059679637 Z
- _id: 1
  _time: 2025-05-14 04:06:52.046667818 Z
  _version: 0.10.1/0.42.0/
  since: 2025-04-16 04:06:52.046849027 Z
  what: quantity-of-deliverables
  when: 2025-05-14 04:06:52.046812067 Z
- _id: 2
  _time: 2025-05-14 04:06:52.053133429 Z
  _version: 0.10.1/0.42.0/
  what: dimensions-of-terrain
  when: 2025-05-14 04:06:52.053233456 Z
- _id: 3
  _time: 2025-05-14 04:06:52.056636667 Z
  _version: 0.10.1/0.42.0/
  since: 2025-04-16 04:06:52.056773723 Z
  what: quality-of-service
  when: 2025-05-14 04:06:52.056740701 Z
