---
- added: 8
  cycles: 1
  deleted: 8
  inserted: 8
  seconds: 7.625582093
  version: 0.42.0
  what: judges-summary
  when: 2025-05-20 17:36:40.164225482 Z
- _id: 1
  _time: 2025-05-20 17:36:40.154943745 Z
  _version: 0.10.1/0.42.0/
  since: 2025-04-22 17:36:40.155127289 Z
  what: quantity-of-deliverables
  when: 2025-05-20 17:36:40.155090961 Z
- _id: 2
  _time: 2025-05-20 17:36:40.159339270 Z
  _version: 0.10.1/0.42.0/
  what: dimensions-of-terrain
  when: 2025-05-20 17:36:40.159477439 Z
- _id: 3
  _time: 2025-05-20 17:36:40.161989163 Z
  _version: 0.10.1/0.42.0/
  since: 2025-04-22 17:36:40.162130357 Z
  what: quality-of-service
  when: 2025-05-20 17:36:40.162089831 Z
