---
- added: 8
  cycles: 1
  deleted: 8
  inserted: 8
  seconds: 18.763172391
  version: 0.42.0
  what: judges-summary
  when: 2025-06-11 12:08:56.115751626 Z
- _id: 1
  _time: 2025-06-11 12:08:56.103211237 Z
  _version: 0.10.1/0.42.0/
  since: 2025-05-14 12:08:56.103399377 Z
  what: quantity-of-deliverables
  when: 2025-06-11 12:08:56.103360985 Z
- _id: 2
  _time: 2025-06-11 12:08:56.110407600 Z
  _version: 0.10.1/0.42.0/
  what: dimensions-of-terrain
  when: 2025-06-11 12:08:56.110522203 Z
- _id: 3
  _time: 2025-06-11 12:08:56.114445452 Z
  _version: 0.10.1/0.42.0/
  since: 2025-05-14 12:08:56.114588067 Z
  what: quality-of-service
  when: 2025-06-11 12:08:56.114554445 Z
