---
- added: 8
  cycles: 1
  deleted: 8
  inserted: 8
  seconds: 17.570657744
  version: 0.42.0
  what: judges-summary
  when: 2025-05-31 07:05:38.407232284 Z
- _id: 1
  _time: 2025-05-31 07:05:38.401109815 Z
  _version: 0.10.1/0.42.0/
  since: 2025-05-03 07:05:38.401457616 Z
  what: quantity-of-deliverables
  when: 2025-05-31 07:05:38.401353501 Z
- _id: 2
  _time: 2025-05-31 07:05:38.403447850 Z
  _version: 0.10.1/0.42.0/
  what: dimensions-of-terrain
  when: 2025-05-31 07:05:38.403560210 Z
- _id: 3
  _time: 2025-05-31 07:05:38.405898445 Z
  _version: 0.10.1/0.42.0/
  since: 2025-05-03 07:05:38.406033718 Z
  what: quality-of-service
  when: 2025-05-31 07:05:38.406000867 Z
