---
- added: 8
  cycles: 1
  deleted: 8
  inserted: 8
  seconds: 9.917883172
  version: 0.42.0
  what: judges-summary
  when: 2025-06-09 12:46:43.323206823 Z
- _id: 1
  _time: 2025-06-09 12:46:43.311849920 Z
  _version: 0.10.1/0.42.0/
  since: 2025-05-12 12:46:43.312039334 Z
  what: quality-of-service
  when: 2025-06-09 12:46:43.312000812 Z
- _id: 2
  _time: 2025-06-09 12:46:43.314322811 Z
  _version: 0.10.1/0.42.0/
  since: 2025-05-12 12:46:43.314420905 Z
  what: quantity-of-deliverables
  when: 2025-06-09 12:46:43.314398332 Z
- _id: 3
  _time: 2025-06-09 12:46:43.322291315 Z
  _version: 0.10.1/0.42.0/
  what: dimensions-of-terrain
  when: 2025-06-09 12:46:43.322368830 Z
