---
- added: 8
  cycles: 1
  deleted: 8
  inserted: 8
  seconds: 13.568896706
  version: 0.42.0
  what: judges-summary
  when: 2025-05-15 05:37:30.748830578 Z
- _id: 1
  _time: 2025-05-15 05:37:30.735433268 Z
  _version: 0.10.1/0.42.0/
  what: dimensions-of-terrain
  when: 2025-05-15 05:37:30.735584401 Z
- _id: 2
  _time: 2025-05-15 05:37:30.740473216 Z
  _version: 0.10.1/0.42.0/
  since: 2025-04-17 05:37:30.740607697 Z
  what: quality-of-service
  when: 2025-05-15 05:37:30.740575016 Z
- _id: 3
  _time: 2025-05-15 05:37:30.742191536 Z
  _version: 0.10.1/0.42.0/
  since: 2025-04-17 05:37:30.742314907 Z
  what: quantity-of-deliverables
  when: 2025-05-15 05:37:30.742292695 Z
