---
- added: 8
  cycles: 1
  deleted: 8
  inserted: 8
  seconds: 7.53077732
  version: 0.42.0
  what: judges-summary
  when: 2025-06-09 20:37:28.872011876 Z
- _id: 1
  _time: 2025-06-09 20:37:28.858815010 Z
  _version: 0.10.1/0.42.0/
  since: 2025-05-12 20:37:28.859006528 Z
  what: quantity-of-deliverables
  when: 2025-06-09 20:37:28.858968197 Z
- _id: 2
  _time: 2025-06-09 20:37:28.865364246 Z
  _version: 0.10.1/0.42.0/
  what: dimensions-of-terrain
  when: 2025-06-09 20:37:28.865470946 Z
- _id: 3
  _time: 2025-06-09 20:37:28.869483894 Z
  _version: 0.10.1/0.42.0/
  since: 2025-05-12 20:37:28.869664041 Z
  what: quality-of-service
  when: 2025-06-09 20:37:28.869629777 Z
