---
- added: 8
  cycles: 1
  deleted: 8
  inserted: 8
  seconds: 7.843742369
  version: 0.42.0
  what: judges-summary
  when: 2025-05-13 17:05:19.256542636 Z
- _id: 1
  _time: 2025-05-13 17:05:19.244515059 Z
  _version: 0.10.1/0.42.0/
  what: dimensions-of-terrain
  when: 2025-05-13 17:05:19.244784802 Z
- _id: 2
  _time: 2025-05-13 17:05:19.247258771 Z
  _version: 0.10.1/0.42.0/
  since: 2025-04-15 17:05:19.247424451 Z
  what: quality-of-service
  when: 2025-05-13 17:05:19.247389726 Z
- _id: 3
  _time: 2025-05-13 17:05:19.255488207 Z
  _version: 0.10.1/0.42.0/
  since: 2025-04-15 17:05:19.255676478 Z
  what: quantity-of-deliverables
  when: 2025-05-13 17:05:19.255635892 Z
