---
- added: 8
  cycles: 1
  deleted: 8
  inserted: 8
  seconds: 9.95511055
  version: 0.42.0
  what: judges-summary
  when: 2025-05-13 07:35:36.074518589 Z
- _id: 1
  _time: 2025-05-13 07:35:36.060717146 Z
  _version: 0.10.1/0.42.0/
  what: dimensions-of-terrain
  when: 2025-05-13 07:35:36.060868199 Z
- _id: 2
  _time: 2025-05-13 07:35:36.069738279 Z
  _version: 0.10.1/0.42.0/
  since: 2025-04-15 07:35:36.069875766 Z
  what: quantity-of-deliverables
  when: 2025-05-13 07:35:36.069842704 Z
- _id: 3
  _time: 2025-05-13 07:35:36.071356894 Z
  _version: 0.10.1/0.42.0/
  since: 2025-04-15 07:35:36.071487949 Z
  what: quality-of-service
  when: 2025-05-13 07:35:36.071456500 Z
