---
- added: 8
  cycles: 1
  deleted: 8
  inserted: 8
  seconds: 8.389170121
  version: 0.42.0
  what: judges-summary
  when: 2025-05-27 12:08:35.325627680 Z
- _id: 1
  _time: 2025-05-27 12:08:35.313417321 Z
  _version: 0.10.1/0.42.0/
  since: 2025-04-29 12:08:35.313642904 Z
  what: quantity-of-deliverables
  when: 2025-05-27 12:08:35.313604502 Z
- _id: 2
  _time: 2025-05-27 12:08:35.321265922 Z
  _version: 0.10.1/0.42.0/
  since: 2025-04-29 12:08:35.321402488 Z
  what: quality-of-service
  when: 2025-05-27 12:08:35.321368785 Z
- _id: 3
  _time: 2025-05-27 12:08:35.324713415 Z
  _version: 0.10.1/0.42.0/
  what: dimensions-of-terrain
  when: 2025-05-27 12:08:35.324790710 Z
