---
- added: 8
  cycles: 1
  deleted: 8
  inserted: 8
  seconds: 10.043630397
  version: 0.42.0
  what: judges-summary
  when: 2025-06-14 14:04:43.233393452 Z
- _id: 1
  _time: 2025-06-14 14:04:43.223295008 Z
  _version: 0.10.1/0.42.0/
  since: 2025-05-17 14:04:43.223478229 Z
  what: quantity-of-deliverables
  when: 2025-06-14 14:04:43.223442141 Z
- _id: 2
  _time: 2025-06-14 14:04:43.227350816 Z
  _version: 0.10.1/0.42.0/
  what: dimensions-of-terrain
  when: 2025-06-14 14:04:43.227457394 Z
- _id: 3
  _time: 2025-06-14 14:04:43.229656377 Z
  _version: 0.10.1/0.42.0/
  since: 2025-05-17 14:04:43.229822096 Z
  what: quality-of-service
  when: 2025-06-14 14:04:43.229757064 Z
