---
- added: 8
  cycles: 1
  deleted: 8
  inserted: 8
  seconds: 7.861895927
  version: 0.42.0
  what: judges-summary
  when: 2025-05-23 23:35:09.446092088 Z
- _id: 1
  _time: 2025-05-23 23:35:09.440182441 Z
  _version: 0.10.1/0.42.0/
  since: 2025-04-25 23:35:09.440369190 Z
  what: quality-of-service
  when: 2025-05-23 23:35:09.440330097 Z
- _id: 2
  _time: 2025-05-23 23:35:09.441937410 Z
  _version: 0.10.1/0.42.0/
  what: dimensions-of-terrain
  when: 2025-05-23 23:35:09.442016188 Z
- _id: 3
  _time: 2025-05-23 23:35:09.444069026 Z
  _version: 0.10.1/0.42.0/
  since: 2025-04-25 23:35:09.444168992 Z
  what: quantity-of-deliverables
  when: 2025-05-23 23:35:09.444145578 Z
