---
- added: 8
  cycles: 1
  deleted: 8
  inserted: 8
  seconds: 18.987119505
  version: 0.42.0
  what: judges-summary
  when: 2025-06-03 20:38:05.874563866 Z
- _id: 1
  _time: 2025-06-03 20:38:05.865925313 Z
  _version: 0.10.1/0.42.0/
  since: 2025-05-06 20:38:05.866118745 Z
  what: quality-of-service
  when: 2025-06-03 20:38:05.866081967 Z
- _id: 2
  _time: 2025-06-03 20:38:05.868356613 Z
  _version: 0.10.1/0.42.0/
  what: dimensions-of-terrain
  when: 2025-06-03 20:38:05.868433186 Z
- _id: 3
  _time: 2025-06-03 20:38:05.872766202 Z
  _version: 0.10.1/0.42.0/
  since: 2025-05-06 20:38:05.872904551 Z
  what: quantity-of-deliverables
  when: 2025-06-03 20:38:05.872877019 Z
