---
- added: 8
  cycles: 1
  deleted: 8
  inserted: 8
  seconds: 18.09170674
  version: 0.42.0
  what: judges-summary
  when: 2025-05-22 08:07:04.526644793 Z
- _id: 1
  _time: 2025-05-22 08:07:04.519558180 Z
  _version: 0.10.1/0.42.0/
  what: dimensions-of-terrain
  when: 2025-05-22 08:07:04.519729792 Z
- _id: 2
  _time: 2025-05-22 08:07:04.523993470 Z
  _version: 0.10.1/0.42.0/
  since: 2025-04-24 08:07:04.524132741 Z
  what: quality-of-service
  when: 2025-05-22 08:07:04.524098677 Z
- _id: 3
  _time: 2025-05-22 08:07:04.525704900 Z
  _version: 0.10.1/0.42.0/
  since: 2025-04-24 08:07:04.525805459 Z
  what: quantity-of-deliverables
  when: 2025-05-22 08:07:04.525781774 Z
