---
- added: 8
  cycles: 1
  deleted: 8
  inserted: 8
  seconds: 9.833502903
  version: 0.42.0
  what: judges-summary
  when: 2025-06-04 03:47:37.864646536 Z
- _id: 1
  _time: 2025-06-04 03:47:37.854964225 Z
  _version: 0.10.1/0.42.0/
  since: 2025-05-07 03:47:37.855148519 Z
  what: quantity-of-deliverables
  when: 2025-06-04 03:47:37.855111540 Z
- _id: 2
  _time: 2025-06-04 03:47:37.860117533 Z
  _version: 0.10.1/0.42.0/
  since: 2025-05-07 03:47:37.860257413 Z
  what: quality-of-service
  when: 2025-06-04 03:47:37.860223620 Z
- _id: 3
  _time: 2025-06-04 03:47:37.862959381 Z
  _version: 0.10.1/0.42.0/
  what: dimensions-of-terrain
  when: 2025-06-04 03:47:37.863038057 Z
