---
- added: 8
  cycles: 1
  deleted: 8
  inserted: 8
  seconds: 7.512944813
  version: 0.42.0
  what: judges-summary
  when: 2025-06-06 16:06:17.139032843 Z
- _id: 1
  _time: 2025-06-06 16:06:17.126037436 Z
  _version: 0.10.1/0.42.0/
  what: dimensions-of-terrain
  when: 2025-06-06 16:06:17.126188671 Z
- _id: 2
  _time: 2025-06-06 16:06:17.133174807 Z
  _version: 0.10.1/0.42.0/
  since: 2025-05-09 16:06:17.133309851 Z
  what: quality-of-service
  when: 2025-06-06 16:06:17.133277470 Z
- _id: 3
  _time: 2025-06-06 16:06:17.136546781 Z
  _version: 0.10.1/0.42.0/
  since: 2025-05-09 16:06:17.136643935 Z
  what: quantity-of-deliverables
  when: 2025-06-06 16:06:17.136621943 Z
