---
- added: 8
  cycles: 1
  deleted: 8
  inserted: 8
  seconds: 10.436687498
  version: 0.42.0
  what: judges-summary
  when: 2025-05-21 06:42:12.518231591 Z
- _id: 1
  _time: 2025-05-21 06:42:12.507597688 Z
  _version: 0.10.1/0.42.0/
  since: 2025-04-23 06:42:12.507787654 Z
  what: quantity-of-deliverables
  when: 2025-05-21 06:42:12.507747849 Z
- _id: 2
  _time: 2025-05-21 06:42:12.513902813 Z
  _version: 0.10.1/0.42.0/
  what: dimensions-of-terrain
  when: 2025-05-21 06:42:12.514094562 Z
- _id: 3
  _time: 2025-05-21 06:42:12.516889237 Z
  _version: 0.10.1/0.42.0/
  since: 2025-04-23 06:42:12.517029260 Z
  what: quality-of-service
  when: 2025-05-21 06:42:12.516995156 Z
