---
- added: 8
  cycles: 1
  deleted: 8
  inserted: 8
  seconds: 8.575647429
  version: 0.42.0
  what: judges-summary
  when: 2025-06-10 16:06:12.013322467 Z
- _id: 1
  _time: 2025-06-10 16:06:12.001934312 Z
  _version: 0.10.1/0.42.0/
  since: 2025-05-13 16:06:12.002116842 Z
  what: quality-of-service
  when: 2025-06-10 16:06:12.002079202 Z
- _id: 2
  _time: 2025-06-10 16:06:12.006276882 Z
  _version: 0.10.1/0.42.0/
  what: dimensions-of-terrain
  when: 2025-06-10 16:06:12.006384422 Z
- _id: 3
  _time: 2025-06-10 16:06:12.008462866 Z
  _version: 0.10.1/0.42.0/
  since: 2025-05-13 16:06:12.008566769 Z
  what: quantity-of-deliverables
  when: 2025-06-10 16:06:12.008538456 Z
