---
- added: 8
  cycles: 1
  deleted: 8
  inserted: 8
  seconds: 10.472167463
  version: 0.42.0
  what: judges-summary
  when: 2025-05-30 15:36:52.719620291 Z
- _id: 1
  _time: 2025-05-30 15:36:52.706040977 Z
  _version: 0.10.1/0.42.0/
  what: dimensions-of-terrain
  when: 2025-05-30 15:36:52.706191830 Z
- _id: 2
  _time: 2025-05-30 15:36:52.708357677 Z
  _version: 0.10.1/0.42.0/
  since: 2025-05-02 15:36:52.708494623 Z
  what: quantity-of-deliverables
  when: 2025-05-30 15:36:52.708461411 Z
- _id: 3
  _time: 2025-05-30 15:36:52.716980006 Z
  _version: 0.10.1/0.42.0/
  since: 2025-05-02 15:36:52.717118976 Z
  what: quality-of-service
  when: 2025-05-30 15:36:52.717086165 Z
