---
- added: 8
  cycles: 1
  deleted: 8
  inserted: 8
  seconds: 6.974983258
  version: 0.42.0
  what: judges-summary
  when: 2025-05-18 03:26:11.924844721 Z
- _id: 1
  _time: 2025-05-18 03:26:11.911054721 Z
  _version: 0.10.1/0.42.0/
  since: 2025-04-20 03:26:11.911236622 Z
  what: quantity-of-deliverables
  when: 2025-05-18 03:26:11.911197820 Z
- _id: 2
  _time: 2025-05-18 03:26:11.915234111 Z
  _version: 0.10.1/0.42.0/
  since: 2025-04-20 03:26:11.915371098 Z
  what: quality-of-service
  when: 2025-05-18 03:26:11.915337806 Z
- _id: 3
  _time: 2025-05-18 03:26:11.922668854 Z
  _version: 0.10.1/0.42.0/
  what: dimensions-of-terrain
  when: 2025-05-18 03:26:11.922749755 Z
