---
- added: 8
  cycles: 1
  deleted: 8
  inserted: 8
  seconds: 18.413287925
  version: 0.42.0
  what: judges-summary
  when: 2025-05-27 15:07:09.549248796 Z
- _id: 1
  _time: 2025-05-27 15:07:09.544267296 Z
  _version: 0.10.1/0.42.0/
  what: dimensions-of-terrain
  when: 2025-05-27 15:07:09.544422076 Z
- _id: 2
  _time: 2025-05-27 15:07:09.546517186 Z
  _version: 0.10.1/0.42.0/
  since: 2025-04-29 15:07:09.546658941 Z
  what: quantity-of-deliverables
  when: 2025-05-27 15:07:09.546625779 Z
- _id: 3
  _time: 2025-05-27 15:07:09.547976095 Z
  _version: 0.10.1/0.42.0/
  since: 2025-04-29 15:07:09.548109555 Z
  what: quality-of-service
  when: 2025-05-27 15:07:09.548076583 Z
