---
- added: 8
  cycles: 1
  deleted: 8
  inserted: 8
  seconds: 7.768719595
  version: 0.42.0
  what: judges-summary
  when: 2025-06-09 22:05:35.646893528 Z
- _id: 1
  _time: 2025-06-09 22:05:35.634597222 Z
  _version: 0.10.1/0.42.0/
  since: 2025-05-12 22:05:35.634793420 Z
  what: quality-of-service
  when: 2025-06-09 22:05:35.634750851 Z
- _id: 2
  _time: 2025-06-09 22:05:35.637317406 Z
  _version: 0.10.1/0.42.0/
  what: dimensions-of-terrain
  when: 2025-06-09 22:05:35.637393489 Z
- _id: 3
  _time: 2025-06-09 22:05:35.638655401 Z
  _version: 0.10.1/0.42.0/
  since: 2025-05-12 22:05:35.638762523 Z
  what: quantity-of-deliverables
  when: 2025-06-09 22:05:35.638734109 Z
