---
- added: 8
  cycles: 1
  deleted: 8
  inserted: 8
  seconds: 7.457428977
  version: 0.42.0
  what: judges-summary
  when: 2025-05-25 08:38:02.110012246 Z
- _id: 1
  _time: 2025-05-25 08:38:02.102780900 Z
  _version: 0.10.1/0.42.0/
  since: 2025-04-27 08:38:02.102990199 Z
  what: quality-of-service
  when: 2025-05-25 08:38:02.102954272 Z
- _id: 2
  _time: 2025-05-25 08:38:02.106381780 Z
  _version: 0.10.1/0.42.0/
  what: dimensions-of-terrain
  when: 2025-05-25 08:38:02.106460546 Z
- _id: 3
  _time: 2025-05-25 08:38:02.107701789 Z
  _version: 0.10.1/0.42.0/
  since: 2025-04-27 08:38:02.107826881 Z
  what: quantity-of-deliverables
  when: 2025-05-25 08:38:02.107774824 Z
