---
- added: 8
  cycles: 1
  deleted: 8
  inserted: 8
  seconds: 17.395803262
  version: 0.42.0
  what: judges-summary
  when: 2025-05-15 21:35:16.263805712 Z
- _id: 1
  _time: 2025-05-15 21:35:16.252342376 Z
  _version: 0.10.1/0.42.0/
  what: dimensions-of-terrain
  when: 2025-05-15 21:35:16.252533533 Z
- _id: 2
  _time: 2025-05-15 21:35:16.254687695 Z
  _version: 0.10.1/0.42.0/
  since: 2025-04-17 21:35:16.254823128 Z
  what: quantity-of-deliverables
  when: 2025-05-15 21:35:16.254790157 Z
- _id: 3
  _time: 2025-05-15 21:35:16.260475233 Z
  _version: 0.10.1/0.42.0/
  since: 2025-04-17 21:35:16.260612590 Z
  what: quality-of-service
  when: 2025-05-15 21:35:16.260580590 Z
