---
- added: 8
  cycles: 1
  deleted: 8
  inserted: 8
  seconds: 7.024281605
  version: 0.42.0
  what: judges-summary
  when: 2025-05-22 19:33:53.211164372 Z
- _id: 1
  _time: 2025-05-22 19:33:53.200504627 Z
  _version: 0.10.1/0.42.0/
  since: 2025-04-24 19:33:53.200683621 Z
  what: quality-of-service
  when: 2025-05-22 19:33:53.200646271 Z
- _id: 2
  _time: 2025-05-22 19:33:53.202842815 Z
  _version: 0.10.1/0.42.0/
  what: dimensions-of-terrain
  when: 2025-05-22 19:33:53.202918807 Z
- _id: 3
  _time: 2025-05-22 19:33:53.205212964 Z
  _version: 0.10.1/0.42.0/
  since: 2025-04-24 19:33:53.205312359 Z
  what: quantity-of-deliverables
  when: 2025-05-22 19:33:53.205288986 Z
