---
- added: 8
  cycles: 1
  deleted: 8
  inserted: 8
  seconds: 9.416927075
  version: 0.42.0
  what: judges-summary
  when: 2025-05-25 09:34:33.656337617 Z
- _id: 1
  _time: 2025-05-25 09:34:33.645563019 Z
  _version: 0.10.1/0.42.0/
  since: 2025-04-27 09:34:33.645765095 Z
  what: quantity-of-deliverables
  when: 2025-05-25 09:34:33.645707348 Z
- _id: 2
  _time: 2025-05-25 09:34:33.647629333 Z
  _version: 0.10.1/0.42.0/
  what: dimensions-of-terrain
  when: 2025-05-25 09:34:33.647767310 Z
- _id: 3
  _time: 2025-05-25 09:34:33.655042902 Z
  _version: 0.10.1/0.42.0/
  since: 2025-04-27 09:34:33.655178475 Z
  what: quality-of-service
  when: 2025-05-25 09:34:33.655145463 Z
