---
- added: 8
  cycles: 1
  deleted: 8
  inserted: 8
  seconds: 7.330965794
  version: 0.42.0
  what: judges-summary
  when: 2025-06-09 03:53:12.906765236 Z
- _id: 1
  _time: 2025-06-09 03:53:12.893467335 Z
  _version: 0.10.1/0.42.0/
  since: 2025-05-12 03:53:12.893651259 Z
  what: quantity-of-deliverables
  when: 2025-06-09 03:53:12.893613559 Z
- _id: 2
  _time: 2025-06-09 03:53:12.900826646 Z
  _version: 0.10.1/0.42.0/
  since: 2025-05-12 03:53:12.900995552 Z
  what: quality-of-service
  when: 2025-06-09 03:53:12.900949015 Z
- _id: 3
  _time: 2025-06-09 03:53:12.903691176 Z
  _version: 0.10.1/0.42.0/
  what: dimensions-of-terrain
  when: 2025-06-09 03:53:12.903768200 Z
