---
- added: 8
  cycles: 1
  deleted: 8
  inserted: 8
  seconds: 7.377754077
  version: 0.42.0
  what: judges-summary
  when: 2025-05-20 19:04:47.123803386 Z
- _id: 1
  _time: 2025-05-20 19:04:47.110603728 Z
  _version: 0.10.1/0.42.0/
  since: 2025-04-22 19:04:47.110841391 Z
  what: quantity-of-deliverables
  when: 2025-05-20 19:04:47.110800184 Z
- _id: 2
  _time: 2025-05-20 19:04:47.118237912 Z
  _version: 0.10.1/0.42.0/
  since: 2025-04-22 19:04:47.118385978 Z
  what: quality-of-service
  when: 2025-05-20 19:04:47.118350582 Z
- _id: 3
  _time: 2025-05-20 19:04:47.122895141 Z
  _version: 0.10.1/0.42.0/
  what: dimensions-of-terrain
  when: 2025-05-20 19:04:47.122973418 Z
