---
- added: 8
  cycles: 1
  deleted: 8
  inserted: 8
  seconds: 7.449513897
  version: 0.42.0
  what: judges-summary
  when: 2025-05-27 06:41:43.744677113 Z
- _id: 1
  _time: 2025-05-27 06:41:43.731873601 Z
  _version: 0.10.1/0.42.0/
  since: 2025-04-29 06:41:43.732150776 Z
  what: quality-of-service
  when: 2025-05-27 06:41:43.732109359 Z
- _id: 2
  _time: 2025-05-27 06:41:43.740869233 Z
  _version: 0.10.1/0.42.0/
  what: dimensions-of-terrain
  when: 2025-05-27 06:41:43.740946486 Z
- _id: 3
  _time: 2025-05-27 06:41:43.743438938 Z
  _version: 0.10.1/0.42.0/
  since: 2025-04-29 06:41:43.743541148 Z
  what: quantity-of-deliverables
  when: 2025-05-27 06:41:43.743517093 Z
