---
- added: 8
  cycles: 1
  deleted: 8
  inserted: 8
  seconds: 7.907321431
  version: 0.42.0
  what: judges-summary
  when: 2025-05-15 19:04:48.134714978 Z
- _id: 1
  _time: 2025-05-15 19:04:48.127765087 Z
  _version: 0.10.1/0.42.0/
  since: 2025-04-17 19:04:48.127989786 Z
  what: quality-of-service
  when: 2025-05-15 19:04:48.127944221 Z
- _id: 2
  _time: 2025-05-15 19:04:48.132501957 Z
  _version: 0.10.1/0.42.0/
  since: 2025-04-17 19:04:48.132606532 Z
  what: quantity-of-deliverables
  when: 2025-05-15 19:04:48.132582838 Z
- _id: 3
  _time: 2025-05-15 19:04:48.133781134 Z
  _version: 0.10.1/0.42.0/
  what: dimensions-of-terrain
  when: 2025-05-15 19:04:48.133856535 Z
