---
- added: 8
  cycles: 1
  deleted: 8
  inserted: 8
  seconds: 9.938323742
  version: 0.42.0
  what: judges-summary
  when: 2025-06-09 05:38:36.189008480 Z
- _id: 1
  _time: 2025-06-09 05:38:36.181752544 Z
  _version: 0.10.1/0.42.0/
  since: 2025-05-12 05:38:36.181934986 Z
  what: quality-of-service
  when: 2025-06-09 05:38:36.181898067 Z
- _id: 2
  _time: 2025-06-09 05:38:36.183558428 Z
  _version: 0.10.1/0.42.0/
  since: 2025-05-12 05:38:36.183653837 Z
  what: quantity-of-deliverables
  when: 2025-06-09 05:38:36.183631876 Z
- _id: 3
  _time: 2025-06-09 05:38:36.187004748 Z
  _version: 0.10.1/0.42.0/
  what: dimensions-of-terrain
  when: 2025-06-09 05:38:36.187081080 Z
