---
- added: 8
  cycles: 1
  deleted: 8
  inserted: 8
  seconds: 8.104608518
  version: 0.42.0
  what: judges-summary
  when: 2025-06-13 16:40:21.235468670 Z
- _id: 1
  _time: 2025-06-13 16:40:21.222993674 Z
  _version: 0.10.1/0.42.0/
  since: 2025-05-16 16:40:21.223179131 Z
  what: quality-of-service
  when: 2025-06-13 16:40:21.223141480 Z
- _id: 2
  _time: 2025-06-13 16:40:21.225923254 Z
  _version: 0.10.1/0.42.0/
  what: dimensions-of-terrain
  when: 2025-06-13 16:40:21.226002431 Z
- _id: 3
  _time: 2025-06-13 16:40:21.230150536 Z
  _version: 0.10.1/0.42.0/
  since: 2025-05-16 16:40:21.230253278 Z
  what: quantity-of-deliverables
  when: 2025-06-13 16:40:21.230229794 Z
