---
- added: 8
  cycles: 1
  deleted: 8
  inserted: 8
  seconds: 7.02845811
  version: 0.42.0
  what: judges-summary
  when: 2025-05-30 05:37:43.327575322 Z
- _id: 1
  _time: 2025-05-30 05:37:43.313676949 Z
  _version: 0.10.1/0.42.0/
  what: dimensions-of-terrain
  when: 2025-05-30 05:37:43.313828384 Z
- _id: 2
  _time: 2025-05-30 05:37:43.319621477 Z
  _version: 0.10.1/0.42.0/
  since: 2025-05-02 05:37:43.319762092 Z
  what: quality-of-service
  when: 2025-05-30 05:37:43.319728138 Z
- _id: 3
  _time: 2025-05-30 05:37:43.323534606 Z
  _version: 0.10.1/0.42.0/
  since: 2025-05-02 05:37:43.323635706 Z
  what: quantity-of-deliverables
  when: 2025-05-30 05:37:43.323611431 Z
