---
- added: 8
  cycles: 1
  deleted: 8
  inserted: 8
  seconds: 7.703969575
  version: 0.42.0
  what: judges-summary
  when: 2025-06-03 11:04:59.270472907 Z
- _id: 1
  _time: 2025-06-03 11:04:59.257821703 Z
  _version: 0.10.1/0.42.0/
  since: 2025-05-06 11:04:59.258013271 Z
  what: quantity-of-deliverables
  when: 2025-06-03 11:04:59.257976022 Z
- _id: 2
  _time: 2025-06-03 11:04:59.259570251 Z
  _version: 0.10.1/0.42.0/
  what: dimensions-of-terrain
  when: 2025-06-03 11:04:59.259684805 Z
- _id: 3
  _time: 2025-06-03 11:04:59.266629873 Z
  _version: 0.10.1/0.42.0/
  since: 2025-05-06 11:04:59.266765106 Z
  what: quality-of-service
  when: 2025-06-03 11:04:59.266732705 Z
