---
- added: 8
  cycles: 1
  deleted: 8
  inserted: 8
  seconds: 14.285383471
  version: 0.42.0
  what: judges-summary
  when: 2025-05-26 06:07:39.744776724 Z
- _id: 1
  _time: 2025-05-26 06:07:39.737269469 Z
  _version: 0.10.1/0.42.0/
  what: dimensions-of-terrain
  when: 2025-05-26 06:07:39.737550984 Z
- _id: 2
  _time: 2025-05-26 06:07:39.740384095 Z
  _version: 0.10.1/0.42.0/
  since: 2025-04-28 06:07:39.740534626 Z
  what: quantity-of-deliverables
  when: 2025-05-26 06:07:39.740499992 Z
- _id: 3
  _time: 2025-05-26 06:07:39.742723865 Z
  _version: 0.10.1/0.42.0/
  since: 2025-04-28 06:07:39.742865610 Z
  what: quality-of-service
  when: 2025-05-26 06:07:39.742833590 Z
