---
- added: 8
  cycles: 1
  deleted: 8
  inserted: 8
  seconds: 13.460664318
  version: 0.42.0
  what: judges-summary
  when: 2025-05-15 12:46:37.764648838 Z
- _id: 1
  _time: 2025-05-15 12:46:37.751120449 Z
  _version: 0.10.1/0.42.0/
  what: dimensions-of-terrain
  when: 2025-05-15 12:46:37.751291770 Z
- _id: 2
  _time: 2025-05-15 12:46:37.759985426 Z
  _version: 0.10.1/0.42.0/
  since: 2025-04-17 12:46:37.760122664 Z
  what: quantity-of-deliverables
  when: 2025-05-15 12:46:37.760088951 Z
- _id: 3
  _time: 2025-05-15 12:46:37.762403453 Z
  _version: 0.10.1/0.42.0/
  since: 2025-04-17 12:46:37.762538195 Z
  what: quality-of-service
  when: 2025-05-15 12:46:37.762506606 Z
