---
- added: 8
  cycles: 1
  deleted: 8
  inserted: 8
  seconds: 7.146880148
  version: 0.42.0
  what: judges-summary
  when: 2025-05-27 19:34:05.983349081 Z
- _id: 1
  _time: 2025-05-27 19:34:05.974372309 Z
  _version: 0.10.1/0.42.0/
  since: 2025-04-29 19:34:05.974564237 Z
  what: quality-of-service
  when: 2025-05-27 19:34:05.974526617 Z
- _id: 2
  _time: 2025-05-27 19:34:05.979121700 Z
  _version: 0.10.1/0.42.0/
  what: dimensions-of-terrain
  when: 2025-05-27 19:34:05.979199806 Z
- _id: 3
  _time: 2025-05-27 19:34:05.981464171 Z
  _version: 0.10.1/0.42.0/
  since: 2025-04-29 19:34:05.981565840 Z
  what: quantity-of-deliverables
  when: 2025-05-27 19:34:05.981542006 Z
