---
- added: 8
  cycles: 1
  deleted: 8
  inserted: 8
  seconds: 6.99056141
  version: 0.42.0
  what: judges-summary
  when: 2025-05-18 09:05:02.742620933 Z
- _id: 1
  _time: 2025-05-18 09:05:02.729616951 Z
  _version: 0.10.1/0.42.0/
  what: dimensions-of-terrain
  when: 2025-05-18 09:05:02.729767302 Z
- _id: 2
  _time: 2025-05-18 09:05:02.733364392 Z
  _version: 0.10.1/0.42.0/
  since: 2025-04-20 09:05:02.733498122 Z
  what: quantity-of-deliverables
  when: 2025-05-18 09:05:02.733465992 Z
- _id: 3
  _time: 2025-05-18 09:05:02.739180265 Z
  _version: 0.10.1/0.42.0/
  since: 2025-04-20 09:05:02.739352006 Z
  what: quality-of-service
  when: 2025-05-18 09:05:02.739318644 Z
