---
- added: 8
  cycles: 1
  deleted: 8
  inserted: 8
  seconds: 7.448585477
  version: 0.42.0
  what: judges-summary
  when: 2025-06-10 18:06:53.257593788 Z
- _id: 1
  _time: 2025-06-10 18:06:53.247305132 Z
  _version: 0.10.1/0.42.0/
  what: dimensions-of-terrain
  when: 2025-06-10 18:06:53.247453380 Z
- _id: 2
  _time: 2025-06-10 18:06:53.250542041 Z
  _version: 0.10.1/0.42.0/
  since: 2025-05-13 18:06:53.250678506 Z
  what: quantity-of-deliverables
  when: 2025-06-10 18:06:53.250644663 Z
- _id: 3
  _time: 2025-06-10 18:06:53.253107447 Z
  _version: 0.10.1/0.42.0/
  since: 2025-05-13 18:06:53.253282194 Z
  what: quality-of-service
  when: 2025-06-10 18:06:53.253247239 Z
