---
- added: 8
  cycles: 1
  deleted: 8
  inserted: 8
  seconds: 8.278364642
  version: 0.42.0
  what: judges-summary
  when: 2025-05-23 17:36:25.290755533 Z
- _id: 1
  _time: 2025-05-23 17:36:25.277215925 Z
  _version: 0.10.1/0.42.0/
  what: dimensions-of-terrain
  when: 2025-05-23 17:36:25.277364713 Z
- _id: 2
  _time: 2025-05-23 17:36:25.287921429 Z
  _version: 0.10.1/0.42.0/
  since: 2025-04-25 17:36:25.288070047 Z
  what: quantity-of-deliverables
  when: 2025-05-23 17:36:25.288036905 Z
- _id: 3
  _time: 2025-05-23 17:36:25.289401507 Z
  _version: 0.10.1/0.42.0/
  since: 2025-04-25 17:36:25.289572798 Z
  what: quality-of-service
  when: 2025-05-23 17:36:25.289537953 Z
