---
- added: 8
  cycles: 1
  deleted: 8
  inserted: 8
  seconds: 6.789185129
  version: 0.42.0
  what: judges-summary
  when: 2025-05-31 09:35:02.465152897 Z
- _id: 1
  _time: 2025-05-31 09:35:02.453197579 Z
  _version: 0.10.1/0.42.0/
  since: 2025-05-03 09:35:02.453392444 Z
  what: quality-of-service
  when: 2025-05-31 09:35:02.453353681 Z
- _id: 2
  _time: 2025-05-31 09:35:02.462065580 Z
  _version: 0.10.1/0.42.0/
  since: 2025-05-03 09:35:02.462217665 Z
  what: quantity-of-deliverables
  when: 2025-05-31 09:35:02.462190594 Z
- _id: 3
  _time: 2025-05-31 09:35:02.463287479 Z
  _version: 0.10.1/0.42.0/
  what: dimensions-of-terrain
  when: 2025-05-31 09:35:02.463366487 Z
