---
- added: 8
  cycles: 1
  deleted: 8
  inserted: 8
  seconds: 8.406202718
  version: 0.42.0
  what: judges-summary
  when: 2025-06-11 07:05:55.410044504 Z
- _id: 1
  _time: 2025-06-11 07:05:55.403677332 Z
  _version: 0.10.1/0.42.0/
  since: 2025-05-14 07:05:55.403979768 Z
  what: quality-of-service
  when: 2025-06-11 07:05:55.403909897 Z
- _id: 2
  _time: 2025-06-11 07:05:55.406754363 Z
  _version: 0.10.1/0.42.0/
  what: dimensions-of-terrain
  when: 2025-06-11 07:05:55.406831318 Z
- _id: 3
  _time: 2025-06-11 07:05:55.408117696 Z
  _version: 0.10.1/0.42.0/
  since: 2025-05-14 07:05:55.408218024 Z
  what: quantity-of-deliverables
  when: 2025-06-11 07:05:55.408195492 Z
