---
- added: 8
  cycles: 1
  deleted: 8
  inserted: 8
  seconds: 9.757107733
  version: 0.42.0
  what: judges-summary
  when: 2025-05-12 10:39:34.865918334 Z
- _id: 1
  _time: 2025-05-12 10:39:34.855115632 Z
  _version: 0.10.1/0.42.0/
  since: 2025-04-14 10:39:34.855298363 Z
  what: quantity-of-deliverables
  when: 2025-05-12 10:39:34.855261484 Z
- _id: 2
  _time: 2025-05-12 10:39:34.856448445 Z
  _version: 0.10.1/0.42.0/
  what: dimensions-of-terrain
  when: 2025-05-12 10:39:34.856554122 Z
- _id: 3
  _time: 2025-05-12 10:39:34.859918319 Z
  _version: 0.10.1/0.42.0/
  since: 2025-04-14 10:39:34.860053381 Z
  what: quality-of-service
  when: 2025-05-12 10:39:34.860021001 Z
