---
- added: 8
  cycles: 1
  deleted: 8
  inserted: 8
  seconds: 7.371597857
  version: 0.42.0
  what: judges-summary
  when: 2025-05-21 13:14:00.248686957 Z
- _id: 1
  _time: 2025-05-21 13:14:00.240404823 Z
  _version: 0.10.1/0.42.0/
  since: 2025-04-23 13:14:00.240586272 Z
  what: quality-of-service
  when: 2025-05-21 13:14:00.240549483 Z
- _id: 2
  _time: 2025-05-21 13:14:00.244242526 Z
  _version: 0.10.1/0.42.0/
  since: 2025-04-23 13:14:00.244411552 Z
  what: quantity-of-deliverables
  when: 2025-05-21 13:14:00.244370686 Z
- _id: 3
  _time: 2025-05-21 13:14:00.245732806 Z
  _version: 0.10.1/0.42.0/
  what: dimensions-of-terrain
  when: 2025-05-21 13:14:00.245855024 Z
