---
- added: 8
  cycles: 1
  deleted: 8
  inserted: 8
  seconds: 7.542161217
  version: 0.42.0
  what: judges-summary
  when: 2025-06-14 11:33:45.311653372 Z
- _id: 1
  _time: 2025-06-14 11:33:45.297886079 Z
  _version: 0.10.1/0.42.0/
  what: dimensions-of-terrain
  when: 2025-06-14 11:33:45.298030568 Z
- _id: 2
  _time: 2025-06-14 11:33:45.300342348 Z
  _version: 0.10.1/0.42.0/
  since: 2025-05-17 11:33:45.300476077 Z
  what: quantity-of-deliverables
  when: 2025-06-14 11:33:45.300443276 Z
- _id: 3
  _time: 2025-06-14 11:33:45.306475753 Z
  _version: 0.10.1/0.42.0/
  since: 2025-05-17 11:33:45.306643997 Z
  what: quality-of-service
  when: 2025-06-14 11:33:45.306578906 Z
