---
- added: 8
  cycles: 1
  deleted: 8
  inserted: 8
  seconds: 7.72241958
  version: 0.42.0
  what: judges-summary
  when: 2025-05-23 08:39:59.270031421 Z
- _id: 1
  _time: 2025-05-23 08:39:59.256579036 Z
  _version: 0.10.1/0.42.0/
  what: dimensions-of-terrain
  when: 2025-05-23 08:39:59.256743044 Z
- _id: 2
  _time: 2025-05-23 08:39:59.263011875 Z
  _version: 0.10.1/0.42.0/
  since: 2025-04-25 08:39:59.263153731 Z
  what: quantity-of-deliverables
  when: 2025-05-23 08:39:59.263118735 Z
- _id: 3
  _time: 2025-05-23 08:39:59.267648136 Z
  _version: 0.10.1/0.42.0/
  since: 2025-04-25 08:39:59.267782528 Z
  what: quality-of-service
  when: 2025-05-23 08:39:59.267750528 Z
