---
- added: 8
  cycles: 1
  deleted: 8
  inserted: 8
  seconds: 10.063301187
  version: 0.42.0
  what: judges-summary
  when: 2025-06-03 04:10:06.525627389 Z
- _id: 1
  _time: 2025-06-03 04:10:06.517471581 Z
  _version: 0.10.1/0.42.0/
  what: dimensions-of-terrain
  when: 2025-06-03 04:10:06.517617002 Z
- _id: 2
  _time: 2025-06-03 04:10:06.519837940 Z
  _version: 0.10.1/0.42.0/
  since: 2025-05-06 04:10:06.520011292 Z
  what: quality-of-service
  when: 2025-06-03 04:10:06.519944137 Z
- _id: 3
  _time: 2025-06-03 04:10:06.524668576 Z
  _version: 0.10.1/0.42.0/
  since: 2025-05-06 04:10:06.524770796 Z
  what: quantity-of-deliverables
  when: 2025-06-03 04:10:06.524746711 Z
