---
- added: 8
  cycles: 1
  deleted: 8
  inserted: 8
  seconds: 18.061384627
  version: 0.42.0
  what: judges-summary
  when: 2025-05-14 23:34:59.922995899 Z
- _id: 1
  _time: 2025-05-14 23:34:59.906993063 Z
  _version: 0.10.1/0.42.0/
  latest: 49445328106
  repository: 531151981
  what: events-were-scanned
  where: github
- _id: 2
  _time: 2025-05-14 23:34:59.913731876 Z
  _version: 0.10.1/0.42.0/
  since: 2025-04-16 23:34:59.913832394 Z
  what: quality-of-service
  when: 2025-05-14 23:34:59.913808590 Z
- _id: 3
  _time: 2025-05-14 23:34:59.915896481 Z
  _version: 0.10.1/0.42.0/
  since: 2025-04-16 23:34:59.916094431 Z
  what: quantity-of-deliverables
  when: 2025-05-14 23:34:59.916045860 Z
- _id: 4
  _time: 2025-05-14 23:34:59.922091669 Z
  _version: 0.10.1/0.42.0/
  what: dimensions-of-terrain
  when: 2025-05-14 23:34:59.922167811 Z
