---
- added: 8
  cycles: 1
  deleted: 8
  inserted: 8
  seconds: 15.868168591
  version: 0.42.0
  what: judges-summary
  when: 2025-05-17 19:33:56.921712267 Z
- _id: 1
  _time: 2025-05-17 19:33:56.909415649 Z
  _version: 0.10.1/0.42.0/
  what: dimensions-of-terrain
  when: 2025-05-17 19:33:56.909561712 Z
- _id: 2
  _time: 2025-05-17 19:33:56.915833136 Z
  _version: 0.10.1/0.42.0/
  since: 2025-04-19 19:33:56.916094936 Z
  what: quantity-of-deliverables
  when: 2025-05-17 19:33:56.916035805 Z
- _id: 3
  _time: 2025-05-17 19:33:56.920450208 Z
  _version: 0.10.1/0.42.0/
  since: 2025-04-19 19:33:56.920582395 Z
  what: quality-of-service
  when: 2025-05-17 19:33:56.920551327 Z
