---
- added: 8
  cycles: 1
  deleted: 8
  inserted: 8
  seconds: 7.88816206
  version: 0.42.0
  what: judges-summary
  when: 2025-06-02 07:06:06.668914949 Z
- _id: 1
  _time: 2025-06-02 07:06:06.655592302 Z
  _version: 0.10.1/0.42.0/
  what: dimensions-of-terrain
  when: 2025-06-02 07:06:06.655744388 Z
- _id: 2
  _time: 2025-06-02 07:06:06.665322473 Z
  _version: 0.10.1/0.42.0/
  since: 2025-05-05 07:06:06.665458409 Z
  what: quantity-of-deliverables
  when: 2025-06-02 07:06:06.665426088 Z
- _id: 3
  _time: 2025-06-02 07:06:06.667623066 Z
  _version: 0.10.1/0.42.0/
  since: 2025-05-05 07:06:06.667757289 Z
  what: quality-of-service
  when: 2025-06-02 07:06:06.667723806 Z
