---
- added: 8
  cycles: 1
  deleted: 8
  inserted: 8
  seconds: 8.205619233
  version: 0.42.0
  what: judges-summary
  when: 2025-05-18 23:05:16.626863838 Z
- _id: 1
  _time: 2025-05-18 23:05:16.618395201 Z
  _version: 0.10.1/0.42.0/
  since: 2025-04-20 23:05:16.618573606 Z
  what: quantity-of-deliverables
  when: 2025-05-18 23:05:16.618536666 Z
- _id: 2
  _time: 2025-05-18 23:05:16.621031382 Z
  _version: 0.10.1/0.42.0/
  since: 2025-04-20 23:05:16.621167216 Z
  what: quality-of-service
  when: 2025-05-18 23:05:16.621135126 Z
- _id: 3
  _time: 2025-05-18 23:05:16.623976915 Z
  _version: 0.10.1/0.42.0/
  what: dimensions-of-terrain
  when: 2025-05-18 23:05:16.624053278 Z
