---
- added: 8
  cycles: 1
  deleted: 8
  inserted: 8
  seconds: 8.347115974
  version: 0.42.0
  what: judges-summary
  when: 2025-05-23 11:34:25.905952039 Z
- _id: 1
  _time: 2025-05-23 11:34:25.896862982 Z
  _version: 0.10.1/0.42.0/
  what: dimensions-of-terrain
  when: 2025-05-23 11:34:25.897006231 Z
- _id: 2
  _time: 2025-05-23 11:34:25.899178593 Z
  _version: 0.10.1/0.42.0/
  since: 2025-04-25 11:34:25.899311172 Z
  what: quality-of-service
  when: 2025-05-23 11:34:25.899279001 Z
- _id: 3
  _time: 2025-05-23 11:34:25.903280460 Z
  _version: 0.10.1/0.42.0/
  since: 2025-04-25 11:34:25.903378424 Z
  what: quantity-of-deliverables
  when: 2025-05-23 11:34:25.903355781 Z
