---
- added: 8
  cycles: 1
  deleted: 8
  inserted: 8
  seconds: 16.236566097
  version: 0.42.0
  what: judges-summary
  when: 2025-05-17 20:05:52.067366364 Z
- _id: 1
  _time: 2025-05-17 20:05:52.057021376 Z
  _version: 0.10.1/0.42.0/
  since: 2025-04-19 20:05:52.057208656 Z
  what: quantity-of-deliverables
  when: 2025-05-17 20:05:52.057169873 Z
- _id: 2
  _time: 2025-05-17 20:05:52.060120982 Z
  _version: 0.10.1/0.42.0/
  what: dimensions-of-terrain
  when: 2025-05-17 20:05:52.060226168 Z
- _id: 3
  _time: 2025-05-17 20:05:52.065076209 Z
  _version: 0.10.1/0.42.0/
  since: 2025-04-19 20:05:52.065224606 Z
  what: quality-of-service
  when: 2025-05-17 20:05:52.065191845 Z
