---
- added: 8
  cycles: 1
  deleted: 8
  inserted: 8
  seconds: 8.287273516
  version: 0.42.0
  what: judges-summary
  when: 2025-05-28 16:40:10.139722374 Z
- _id: 1
  _time: 2025-05-28 16:40:10.127752474 Z
  _version: 0.10.1/0.42.0/
  since: 2025-04-30 16:40:10.127973486 Z
  what: quality-of-service
  when: 2025-05-28 16:40:10.127928001 Z
- _id: 2
  _time: 2025-05-28 16:40:10.135665993 Z
  _version: 0.10.1/0.42.0/
  since: 2025-04-30 16:40:10.135769476 Z
  what: quantity-of-deliverables
  when: 2025-05-28 16:40:10.135745130 Z
- _id: 3
  _time: 2025-05-28 16:40:10.136931529 Z
  _version: 0.10.1/0.42.0/
  what: dimensions-of-terrain
  when: 2025-05-28 16:40:10.137013462 Z
