---
- added: 8
  cycles: 1
  deleted: 8
  inserted: 8
  seconds: 10.425452537
  version: 0.42.0
  what: judges-summary
  when: 2025-05-30 15:05:38.716551396 Z
- _id: 1
  _time: 2025-05-30 15:05:38.705043365 Z
  _version: 0.10.1/0.42.0/
  what: dimensions-of-terrain
  when: 2025-05-30 15:05:38.705185341 Z
- _id: 2
  _time: 2025-05-30 15:05:38.713043845 Z
  _version: 0.10.1/0.42.0/
  since: 2025-05-02 15:05:38.713183547 Z
  what: quantity-of-deliverables
  when: 2025-05-30 15:05:38.713149283 Z
- _id: 3
  _time: 2025-05-30 15:05:38.715222807 Z
  _version: 0.10.1/0.42.0/
  since: 2025-05-02 15:05:38.715359313 Z
  what: quality-of-service
  when: 2025-05-30 15:05:38.715326271 Z
