---
- added: 8
  cycles: 1
  deleted: 8
  inserted: 8
  seconds: 7.636628989
  version: 0.42.0
  what: judges-summary
  when: 2025-06-08 12:07:30.419083410 Z
- _id: 1
  _time: 2025-06-08 12:07:30.408789390 Z
  _version: 0.10.1/0.42.0/
  what: dimensions-of-terrain
  when: 2025-06-08 12:07:30.408933801 Z
- _id: 2
  _time: 2025-06-08 12:07:30.411033955 Z
  _version: 0.10.1/0.42.0/
  since: 2025-05-11 12:07:30.411162526 Z
  what: quality-of-service
  when: 2025-06-08 12:07:30.411131147 Z
- _id: 3
  _time: 2025-06-08 12:07:30.416946437 Z
  _version: 0.10.1/0.42.0/
  since: 2025-05-11 12:07:30.417042848 Z
  what: quantity-of-deliverables
  when: 2025-06-08 12:07:30.417020606 Z
