---
- added: 8
  cycles: 1
  deleted: 8
  inserted: 8
  seconds: 7.617023093
  version: 0.42.0
  what: judges-summary
  when: 2025-05-17 18:06:12.753905117 Z
- _id: 1
  _time: 2025-05-17 18:06:12.742298727 Z
  _version: 0.10.1/0.42.0/
  since: 2025-04-19 18:06:12.742484020 Z
  what: quality-of-service
  when: 2025-05-17 18:06:12.742446090 Z
- _id: 2
  _time: 2025-05-17 18:06:12.744768802 Z
  _version: 0.10.1/0.42.0/
  since: 2025-04-19 18:06:12.744867325 Z
  what: quantity-of-deliverables
  when: 2025-05-17 18:06:12.744844553 Z
- _id: 3
  _time: 2025-05-17 18:06:12.751159286 Z
  _version: 0.10.1/0.42.0/
  what: dimensions-of-terrain
  when: 2025-05-17 18:06:12.751241248 Z
