---
- added: 8
  cycles: 1
  deleted: 8
  inserted: 8
  seconds: 7.397674984
  version: 0.42.0
  what: judges-summary
  when: 2025-06-05 11:04:59.532230219 Z
- _id: 1
  _time: 2025-06-05 11:04:59.520901294 Z
  _version: 0.10.1/0.42.0/
  since: 2025-05-08 11:04:59.521085708 Z
  what: quality-of-service
  when: 2025-06-05 11:04:59.521047967 Z
- _id: 2
  _time: 2025-06-05 11:04:59.522757128 Z
  _version: 0.10.1/0.42.0/
  since: 2025-05-08 11:04:59.522854369 Z
  what: quantity-of-deliverables
  when: 2025-06-05 11:04:59.522831426 Z
- _id: 3
  _time: 2025-06-05 11:04:59.524831890 Z
  _version: 0.10.1/0.42.0/
  what: dimensions-of-terrain
  when: 2025-06-05 11:04:59.525004803 Z
