---
- added: 8
  cycles: 1
  deleted: 8
  inserted: 8
  seconds: 9.676765521
  version: 0.42.0
  what: judges-summary
  when: 2025-05-31 15:34:57.289569593 Z
- _id: 1
  _time: 2025-05-31 15:34:57.281303666 Z
  _version: 0.10.1/0.42.0/
  since: 2025-05-03 15:34:57.281491817 Z
  what: quality-of-service
  when: 2025-05-31 15:34:57.281453786 Z
- _id: 2
  _time: 2025-05-31 15:34:57.286505076 Z
  _version: 0.10.1/0.42.0/
  what: dimensions-of-terrain
  when: 2025-05-31 15:34:57.286584314 Z
- _id: 3
  _time: 2025-05-31 15:34:57.287749648 Z
  _version: 0.10.1/0.42.0/
  since: 2025-05-03 15:34:57.287846198 Z
  what: quantity-of-deliverables
  when: 2025-05-31 15:34:57.287823455 Z
