---
- added: 8
  cycles: 1
  deleted: 8
  inserted: 8
  seconds: 0.903466014
  version: 0.42.0
  what: judges-summary
  when: 2025-06-13 14:38:14.260177361 Z
- _id: 1
  _time: 2025-06-13 14:38:14.250220904 Z
  _version: 0.10.1/0.42.0/
  since: 2025-05-16 14:38:14.250542208 Z
  what: quantity-of-deliverables
  when: 2025-06-13 14:38:14.250502594 Z
- _id: 2
  _time: 2025-06-13 14:38:14.252982521 Z
  _version: 0.10.1/0.42.0/
  since: 2025-05-16 14:38:14.253118297 Z
  what: quality-of-service
  when: 2025-06-13 14:38:14.253084143 Z
- _id: 3
  _time: 2025-06-13 14:38:14.256971958 Z
  _version: 0.10.1/0.42.0/
  what: dimensions-of-terrain
  when: 2025-06-13 14:38:14.257052760 Z
