---
- added: 8
  cycles: 1
  deleted: 8
  inserted: 8
  seconds: 7.318705005
  version: 0.42.0
  what: judges-summary
  when: 2025-05-24 03:42:51.640383669 Z
- _id: 1
  _time: 2025-05-24 03:42:51.627145269 Z
  _version: 0.10.1/0.42.0/
  what: dimensions-of-terrain
  when: 2025-05-24 03:42:51.627291983 Z
- _id: 2
  _time: 2025-05-24 03:42:51.630641029 Z
  _version: 0.10.1/0.42.0/
  since: 2025-04-26 03:42:51.630778165 Z
  what: quality-of-service
  when: 2025-05-24 03:42:51.630745204 Z
- _id: 3
  _time: 2025-05-24 03:42:51.632994666 Z
  _version: 0.10.1/0.42.0/
  since: 2025-04-26 03:42:51.633097879 Z
  what: quantity-of-deliverables
  when: 2025-05-24 03:42:51.633075236 Z
