---
- added: 8
  cycles: 1
  deleted: 8
  inserted: 8
  seconds: 7.277056574
  version: 0.42.0
  what: judges-summary
  when: 2025-05-17 08:05:58.223319970 Z
- _id: 1
  _time: 2025-05-17 08:05:58.209813165 Z
  _version: 0.10.1/0.42.0/
  what: dimensions-of-terrain
  when: 2025-05-17 08:05:58.209993602 Z
- _id: 2
  _time: 2025-05-17 08:05:58.214998702 Z
  _version: 0.10.1/0.42.0/
  since: 2025-04-19 08:05:58.215136029 Z
  what: quality-of-service
  when: 2025-05-17 08:05:58.215103578 Z
- _id: 3
  _time: 2025-05-17 08:05:58.219841077 Z
  _version: 0.10.1/0.42.0/
  since: 2025-04-19 08:05:58.219976521 Z
  what: quantity-of-deliverables
  when: 2025-05-17 08:05:58.219953878 Z
