---
- added: 8
  cycles: 1
  deleted: 8
  inserted: 8
  seconds: 6.877421503
  version: 0.42.0
  what: judges-summary
  when: 2025-06-06 11:04:55.352944755 Z
- _id: 1
  _time: 2025-06-06 11:04:55.339919606 Z
  _version: 0.10.1/0.42.0/
  since: 2025-05-09 11:04:55.340162509 Z
  what: quantity-of-deliverables
  when: 2025-06-06 11:04:55.340123887 Z
- _id: 2
  _time: 2025-06-06 11:04:55.348654636 Z
  _version: 0.10.1/0.42.0/
  since: 2025-05-09 11:04:55.348794547 Z
  what: quality-of-service
  when: 2025-06-06 11:04:55.348760694 Z
- _id: 3
  _time: 2025-06-06 11:04:55.351996747 Z
  _version: 0.10.1/0.42.0/
  what: dimensions-of-terrain
  when: 2025-06-06 11:04:55.352076826 Z
