---
- added: 8
  cycles: 1
  deleted: 8
  inserted: 8
  seconds: 8.085009644
  version: 0.42.0
  what: judges-summary
  when: 2025-05-27 21:04:59.509817125 Z
- _id: 1
  _time: 2025-05-27 21:04:59.501585714 Z
  _version: 0.10.1/0.42.0/
  since: 2025-04-29 21:04:59.501771143 Z
  what: quantity-of-deliverables
  when: 2025-05-27 21:04:59.501733031 Z
- _id: 2
  _time: 2025-05-27 21:04:59.506865571 Z
  _version: 0.10.1/0.42.0/
  what: dimensions-of-terrain
  when: 2025-05-27 21:04:59.506980247 Z
- _id: 3
  _time: 2025-05-27 21:04:59.508441563 Z
  _version: 0.10.1/0.42.0/
  since: 2025-04-29 21:04:59.508579092 Z
  what: quality-of-service
  when: 2025-05-27 21:04:59.508545740 Z
