---
- added: 8
  cycles: 1
  deleted: 8
  inserted: 8
  seconds: 0.756692539
  version: 0.42.0
  what: judges-summary
  when: 2025-06-10 04:41:01.751521790 Z
- _id: 1
  _time: 2025-06-10 04:41:01.739375674 Z
  _version: 0.10.1/0.42.0/
  since: 2025-05-13 04:41:01.739583010 Z
  what: quality-of-service
  when: 2025-06-10 04:41:01.739522006 Z
- _id: 2
  _time: 2025-06-10 04:41:01.748407770 Z
  _version: 0.10.1/0.42.0/
  since: 2025-05-13 04:41:01.748516793 Z
  what: quantity-of-deliverables
  when: 2025-06-10 04:41:01.748491175 Z
- _id: 3
  _time: 2025-06-10 04:41:01.749748304 Z
  _version: 0.10.1/0.42.0/
  what: dimensions-of-terrain
  when: 2025-06-10 04:41:01.749823154 Z
