---
- added: 8
  cycles: 1
  deleted: 8
  inserted: 8
  seconds: 17.270975098
  version: 0.42.0
  what: judges-summary
  when: 2025-05-21 12:08:37.606008352 Z
- _id: 1
  _time: 2025-05-21 12:08:37.594700204 Z
  _version: 0.10.1/0.42.0/
  since: 2025-04-23 12:08:37.594884217 Z
  what: quality-of-service
  when: 2025-05-21 12:08:37.594847399 Z
- _id: 2
  _time: 2025-05-21 12:08:37.598471990 Z
  _version: 0.10.1/0.42.0/
  since: 2025-04-23 12:08:37.598714514 Z
  what: quantity-of-deliverables
  when: 2025-05-21 12:08:37.598662296 Z
- _id: 3
  _time: 2025-05-21 12:08:37.604175256 Z
  _version: 0.10.1/0.42.0/
  what: dimensions-of-terrain
  when: 2025-05-21 12:08:37.604251829 Z
