---
- added: 8
  cycles: 1
  deleted: 8
  inserted: 8
  seconds: 17.571939528
  version: 0.42.0
  what: judges-summary
  when: 2025-05-15 22:05:32.198986645 Z
- _id: 1
  _time: 2025-05-15 22:05:32.188701765 Z
  _version: 0.10.1/0.42.0/
  what: dimensions-of-terrain
  when: 2025-05-15 22:05:32.188852839 Z
- _id: 2
  _time: 2025-05-15 22:05:32.192263426 Z
  _version: 0.10.1/0.42.0/
  since: 2025-04-17 22:05:32.192411634 Z
  what: quality-of-service
  when: 2025-05-15 22:05:32.192377721 Z
- _id: 3
  _time: 2025-05-15 22:05:32.194914776 Z
  _version: 0.10.1/0.42.0/
  since: 2025-04-17 22:05:32.195012771 Z
  what: quantity-of-deliverables
  when: 2025-05-15 22:05:32.194990178 Z
