---
- added: 8
  cycles: 1
  deleted: 8
  inserted: 8
  seconds: 8.332339076
  version: 0.42.0
  what: judges-summary
  when: 2025-05-13 14:05:49.832545348 Z
- _id: 1
  _time: 2025-05-13 14:05:49.821206874 Z
  _version: 0.10.1/0.42.0/
  since: 2025-04-15 14:05:49.821392554 Z
  what: quality-of-service
  when: 2025-05-13 14:05:49.821354312 Z
- _id: 2
  _time: 2025-05-13 14:05:49.822982538 Z
  _version: 0.10.1/0.42.0/
  since: 2025-04-15 14:05:49.823089400 Z
  what: quantity-of-deliverables
  when: 2025-05-13 14:05:49.823063431 Z
- _id: 3
  _time: 2025-05-13 14:05:49.829188737 Z
  _version: 0.10.1/0.42.0/
  what: dimensions-of-terrain
  when: 2025-05-13 14:05:49.829324432 Z
