---
- added: 8
  cycles: 1
  deleted: 8
  inserted: 8
  seconds: 7.685801071
  version: 0.42.0
  what: judges-summary
  when: 2025-06-15 16:05:30.514352295 Z
- _id: 1
  _time: 2025-06-15 16:05:30.509055523 Z
  _version: 0.10.1/0.42.0/
  since: 2025-05-18 16:05:30.509220321 Z
  what: quality-of-service
  when: 2025-06-15 16:05:30.509186307 Z
- _id: 2
  _time: 2025-06-15 16:05:30.510537886 Z
  _version: 0.10.1/0.42.0/
  what: dimensions-of-terrain
  when: 2025-06-15 16:05:30.510605993 Z
- _id: 3
  _time: 2025-06-15 16:05:30.512735597 Z
  _version: 0.10.1/0.42.0/
  since: 2025-05-18 16:05:30.512834522 Z
  what: quantity-of-deliverables
  when: 2025-06-15 16:05:30.512811869 Z
