---
- added: 8
  cycles: 1
  deleted: 8
  inserted: 8
  seconds: 7.626109654
  version: 0.42.0
  what: judges-summary
  when: 2025-06-02 22:05:38.600473750 Z
- _id: 1
  _time: 2025-06-02 22:05:38.589884218 Z
  _version: 0.10.1/0.42.0/
  what: dimensions-of-terrain
  when: 2025-06-02 22:05:38.590033368 Z
- _id: 2
  _time: 2025-06-02 22:05:38.593567132 Z
  _version: 0.10.1/0.42.0/
  since: 2025-05-05 22:05:38.593741550 Z
  what: quantity-of-deliverables
  when: 2025-06-02 22:05:38.593704621 Z
- _id: 3
  _time: 2025-06-02 22:05:38.596225356 Z
  _version: 0.10.1/0.42.0/
  since: 2025-05-05 22:05:38.596355421 Z
  what: quality-of-service
  when: 2025-06-02 22:05:38.596324182 Z
