---
- added: 8
  cycles: 1
  deleted: 8
  inserted: 8
  seconds: 7.447419352
  version: 0.42.0
  what: judges-summary
  when: 2025-05-19 03:48:35.119479815 Z
- _id: 1
  _time: 2025-05-19 03:48:35.108402735 Z
  _version: 0.10.1/0.42.0/
  since: 2025-04-21 03:48:35.108585468 Z
  what: quality-of-service
  when: 2025-05-19 03:48:35.108548669 Z
- _id: 2
  _time: 2025-05-19 03:48:35.112061719 Z
  _version: 0.10.1/0.42.0/
  since: 2025-04-21 03:48:35.112163109 Z
  what: quantity-of-deliverables
  when: 2025-05-19 03:48:35.112138753 Z
- _id: 3
  _time: 2025-05-19 03:48:35.113733869 Z
  _version: 0.10.1/0.42.0/
  what: dimensions-of-terrain
  when: 2025-05-19 03:48:35.113811716 Z
