---
- added: 8
  cycles: 1
  deleted: 8
  inserted: 8
  seconds: 7.817518837
  version: 0.42.0
  what: judges-summary
  when: 2025-05-23 09:05:47.328579345 Z
- _id: 1
  _time: 2025-05-23 09:05:47.319068009 Z
  _version: 0.10.1/0.42.0/
  since: 2025-04-25 09:05:47.319245919 Z
  what: quality-of-service
  when: 2025-05-23 09:05:47.319209482 Z
- _id: 2
  _time: 2025-05-23 09:05:47.325491934 Z
  _version: 0.10.1/0.42.0/
  since: 2025-04-25 09:05:47.325590808 Z
  what: quantity-of-deliverables
  when: 2025-05-23 09:05:47.325568175 Z
- _id: 3
  _time: 2025-05-23 09:05:47.326772515 Z
  _version: 0.10.1/0.42.0/
  what: dimensions-of-terrain
  when: 2025-05-23 09:05:47.326845501 Z
