---
- added: 8
  cycles: 1
  deleted: 8
  inserted: 8
  seconds: 8.186809229
  version: 0.42.0
  what: judges-summary
  when: 2025-06-10 06:07:17.714052104 Z
- _id: 1
  _time: 2025-06-10 06:07:17.700122171 Z
  _version: 0.10.1/0.42.0/
  what: dimensions-of-terrain
  when: 2025-06-10 06:07:17.700282773 Z
- _id: 2
  _time: 2025-06-10 06:07:17.705345491 Z
  _version: 0.10.1/0.42.0/
  since: 2025-05-13 06:07:17.705486146 Z
  what: quality-of-service
  when: 2025-06-10 06:07:17.705452372 Z
- _id: 3
  _time: 2025-06-10 06:07:17.707054601 Z
  _version: 0.10.1/0.42.0/
  since: 2025-05-13 06:07:17.707153417 Z
  what: quantity-of-deliverables
  when: 2025-06-10 06:07:17.707130414 Z
