---
- added: 8
  cycles: 1
  deleted: 8
  inserted: 8
  seconds: 13.326016954
  version: 0.42.0
  what: judges-summary
  when: 2025-05-17 07:05:15.899330421 Z
- _id: 1
  _time: 2025-05-17 07:05:15.888761178 Z
  _version: 0.10.1/0.42.0/
  what: dimensions-of-terrain
  when: 2025-05-17 07:05:15.888908612 Z
- _id: 2
  _time: 2025-05-17 07:05:15.895996044 Z
  _version: 0.10.1/0.42.0/
  since: 2025-04-19 07:05:15.896134892 Z
  what: quality-of-service
  when: 2025-05-17 07:05:15.896101560 Z
- _id: 3
  _time: 2025-05-17 07:05:15.898396993 Z
  _version: 0.10.1/0.42.0/
  since: 2025-04-19 07:05:15.898494865 Z
  what: quantity-of-deliverables
  when: 2025-05-17 07:05:15.898472143 Z
