---
- added: 8
  cycles: 1
  deleted: 8
  inserted: 8
  seconds: 6.935853493
  version: 0.42.0
  what: judges-summary
  when: 2025-05-16 03:45:55.451909851 Z
- _id: 1
  _time: 2025-05-16 03:45:55.438349882 Z
  _version: 0.10.1/0.42.0/
  since: 2025-04-18 03:45:55.438540299 Z
  what: quantity-of-deliverables
  when: 2025-05-16 03:45:55.438502147 Z
- _id: 2
  _time: 2025-05-16 03:45:55.440832148 Z
  _version: 0.10.1/0.42.0/
  since: 2025-04-18 03:45:55.440965357 Z
  what: quality-of-service
  when: 2025-05-16 03:45:55.440932656 Z
- _id: 3
  _time: 2025-05-16 03:45:55.448698267 Z
  _version: 0.10.1/0.42.0/
  what: dimensions-of-terrain
  when: 2025-05-16 03:45:55.448773869 Z
