---
- added: 8
  cycles: 1
  deleted: 8
  inserted: 8
  seconds: 18.207826117
  version: 0.42.0
  what: judges-summary
  when: 2025-06-12 11:05:31.057620199 Z
- _id: 1
  _time: 2025-06-12 11:05:31.046686119 Z
  _version: 0.10.1/0.42.0/
  since: 2025-05-15 11:05:31.046869012 Z
  what: quality-of-service
  when: 2025-06-12 11:05:31.046832082 Z
- _id: 2
  _time: 2025-06-12 11:05:31.049163623 Z
  _version: 0.10.1/0.42.0/
  since: 2025-05-15 11:05:31.049261797 Z
  what: quantity-of-deliverables
  when: 2025-06-12 11:05:31.049239315 Z
- _id: 3
  _time: 2025-06-12 11:05:31.053956581 Z
  _version: 0.10.1/0.42.0/
  what: dimensions-of-terrain
  when: 2025-06-12 11:05:31.054066266 Z
