---
- added: 8
  cycles: 1
  deleted: 8
  inserted: 8
  seconds: 13.06670363
  version: 0.42.0
  what: judges-summary
  when: 2025-05-15 03:45:42.946292665 Z
- _id: 1
  _time: 2025-05-15 03:45:42.938067984 Z
  _version: 0.10.1/0.42.0/
  since: 2025-04-17 03:45:42.938245466 Z
  what: quality-of-service
  when: 2025-05-15 03:45:42.938209238 Z
- _id: 2
  _time: 2025-05-15 03:45:42.942007747 Z
  _version: 0.10.1/0.42.0/
  since: 2025-04-17 03:45:42.942211217 Z
  what: quantity-of-deliverables
  when: 2025-05-15 03:45:42.942159551 Z
- _id: 3
  _time: 2025-05-15 03:45:42.943515198 Z
  _version: 0.10.1/0.42.0/
  what: dimensions-of-terrain
  when: 2025-05-15 03:45:42.943668455 Z
