---
- added: 8
  cycles: 1
  deleted: 8
  inserted: 8
  seconds: 10.003053052
  version: 0.42.0
  what: judges-summary
  when: 2025-05-21 19:33:57.678070292 Z
- _id: 1
  _time: 2025-05-21 19:33:57.666390212 Z
  _version: 0.10.1/0.42.0/
  what: dimensions-of-terrain
  when: 2025-05-21 19:33:57.666533991 Z
- _id: 2
  _time: 2025-05-21 19:33:57.673327541 Z
  _version: 0.10.1/0.42.0/
  since: 2025-04-23 19:33:57.673470939 Z
  what: quantity-of-deliverables
  when: 2025-05-21 19:33:57.673437897 Z
- _id: 3
  _time: 2025-05-21 19:33:57.674883050 Z
  _version: 0.10.1/0.42.0/
  since: 2025-04-23 19:33:57.675032840 Z
  what: quality-of-service
  when: 2025-05-21 19:33:57.674987636 Z
