---
- added: 8
  cycles: 1
  deleted: 8
  inserted: 8
  seconds: 8.046925041
  version: 0.42.0
  what: judges-summary
  when: 2025-06-11 06:42:30.359109952 Z
- _id: 1
  _time: 2025-06-11 06:42:30.350341980 Z
  _version: 0.10.1/0.42.0/
  since: 2025-05-14 06:42:30.350553005 Z
  what: quality-of-service
  when: 2025-06-11 06:42:30.350515154 Z
- _id: 2
  _time: 2025-06-11 06:42:30.352692698 Z
  _version: 0.10.1/0.42.0/
  since: 2025-05-14 06:42:30.352871003 Z
  what: quantity-of-deliverables
  when: 2025-06-11 06:42:30.352826940 Z
- _id: 3
  _time: 2025-06-11 06:42:30.358215736 Z
  _version: 0.10.1/0.42.0/
  what: dimensions-of-terrain
  when: 2025-06-11 06:42:30.358292019 Z
