---
- added: 8
  cycles: 1
  deleted: 8
  inserted: 8
  seconds: 7.251262935
  version: 0.42.0
  what: judges-summary
  when: 2025-05-24 23:05:00.215606785 Z
- _id: 1
  _time: 2025-05-24 23:05:00.202272688 Z
  _version: 0.10.1/0.42.0/
  what: dimensions-of-terrain
  when: 2025-05-24 23:05:00.202422297 Z
- _id: 2
  _time: 2025-05-24 23:05:00.204723916 Z
  _version: 0.10.1/0.42.0/
  since: 2025-04-26 23:05:00.204859620 Z
  what: quantity-of-deliverables
  when: 2025-05-24 23:05:00.204826668 Z
- _id: 3
  _time: 2025-05-24 23:05:00.210618787 Z
  _version: 0.10.1/0.42.0/
  since: 2025-04-26 23:05:00.210754851 Z
  what: quality-of-service
  when: 2025-05-24 23:05:00.210722050 Z
