---
- added: 8
  cycles: 1
  deleted: 8
  inserted: 8
  seconds: 9.477609148
  version: 0.42.0
  what: judges-summary
  when: 2025-06-08 19:04:39.700368010 Z
- _id: 1
  _time: 2025-06-08 19:04:39.688250540 Z
  _version: 0.10.1/0.42.0/
  since: 2025-05-11 19:04:39.688432179 Z
  what: quality-of-service
  when: 2025-06-08 19:04:39.688394649 Z
- _id: 2
  _time: 2025-06-08 19:04:39.693219444 Z
  _version: 0.10.1/0.42.0/
  what: dimensions-of-terrain
  when: 2025-06-08 19:04:39.693370025 Z
- _id: 3
  _time: 2025-06-08 19:04:39.699521081 Z
  _version: 0.10.1/0.42.0/
  since: 2025-05-11 19:04:39.699617901 Z
  what: quantity-of-deliverables
  when: 2025-06-08 19:04:39.699595770 Z
