---
- added: 8
  cycles: 1
  deleted: 8
  inserted: 8
  seconds: 8.560938428
  version: 0.42.0
  what: judges-summary
  when: 2025-05-19 18:41:22.508539116 Z
- _id: 1
  _time: 2025-05-19 18:41:22.496555161 Z
  _version: 0.10.1/0.42.0/
  since: 2025-04-21 18:41:22.496746019 Z
  what: quality-of-service
  when: 2025-05-19 18:41:22.496708178 Z
- _id: 2
  _time: 2025-05-19 18:41:22.504760521 Z
  _version: 0.10.1/0.42.0/
  what: dimensions-of-terrain
  when: 2025-05-19 18:41:22.504838387 Z
- _id: 3
  _time: 2025-05-19 18:41:22.507595496 Z
  _version: 0.10.1/0.42.0/
  since: 2025-04-21 18:41:22.507696105 Z
  what: quantity-of-deliverables
  when: 2025-05-19 18:41:22.507673242 Z
