---
- added: 8
  cycles: 1
  deleted: 8
  inserted: 8
  seconds: 9.859409198
  version: 0.42.0
  what: judges-summary
  when: 2025-06-09 00:22:15.758917281 Z
- _id: 1
  _time: 2025-06-09 00:22:15.745791386 Z
  _version: 0.10.1/0.42.0/
  what: dimensions-of-terrain
  when: 2025-06-09 00:22:15.745940804 Z
- _id: 2
  _time: 2025-06-09 00:22:15.749559129 Z
  _version: 0.10.1/0.42.0/
  since: 2025-05-12 00:22:15.749721752 Z
  what: quantity-of-deliverables
  when: 2025-06-09 00:22:15.749662622 Z
- _id: 3
  _time: 2025-06-09 00:22:15.753779479 Z
  _version: 0.10.1/0.42.0/
  since: 2025-05-12 00:22:15.753914881 Z
  what: quality-of-service
  when: 2025-06-09 00:22:15.753882751 Z
