---
- added: 8
  cycles: 1
  deleted: 8
  inserted: 8
  seconds: 8.036402875
  version: 0.42.0
  what: judges-summary
  when: 2025-05-22 11:34:23.562042973 Z
- _id: 1
  _time: 2025-05-22 11:34:23.552305323 Z
  _version: 0.10.1/0.42.0/
  since: 2025-04-24 11:34:23.552537028 Z
  what: quality-of-service
  when: 2025-05-22 11:34:23.552497904 Z
- _id: 2
  _time: 2025-05-22 11:34:23.557782515 Z
  _version: 0.10.1/0.42.0/
  what: dimensions-of-terrain
  when: 2025-05-22 11:34:23.557923139 Z
- _id: 3
  _time: 2025-05-22 11:34:23.561076078 Z
  _version: 0.10.1/0.42.0/
  since: 2025-04-24 11:34:23.561176807 Z
  what: quantity-of-deliverables
  when: 2025-05-22 11:34:23.561153503 Z
