---
- added: 8
  cycles: 1
  deleted: 8
  inserted: 8
  seconds: 7.260770178
  version: 0.42.0
  what: judges-summary
  when: 2025-06-02 09:37:27.748756783 Z
- _id: 1
  _time: 2025-06-02 09:37:27.738354035 Z
  _version: 0.10.1/0.42.0/
  since: 2025-05-05 09:37:27.738539090 Z
  what: quantity-of-deliverables
  when: 2025-06-02 09:37:27.738500919 Z
- _id: 2
  _time: 2025-06-02 09:37:27.739870703 Z
  _version: 0.10.1/0.42.0/
  since: 2025-05-05 09:37:27.740008149 Z
  what: quality-of-service
  when: 2025-06-02 09:37:27.739975028 Z
- _id: 3
  _time: 2025-06-02 09:37:27.742825984 Z
  _version: 0.10.1/0.42.0/
  what: dimensions-of-terrain
  when: 2025-06-02 09:37:27.742901865 Z
