---
- added: 8
  cycles: 1
  deleted: 8
  inserted: 8
  seconds: 8.449487847
  version: 0.42.0
  what: judges-summary
  when: 2025-05-14 09:05:52.985255736 Z
- _id: 1
  _time: 2025-05-14 09:05:52.978404220 Z
  _version: 0.10.1/0.42.0/
  since: 2025-04-16 09:05:52.978582964 Z
  what: quantity-of-deliverables
  when: 2025-05-14 09:05:52.978545934 Z
- _id: 2
  _time: 2025-05-14 09:05:52.980479229 Z
  _version: 0.10.1/0.42.0/
  what: dimensions-of-terrain
  when: 2025-05-14 09:05:52.980586720 Z
- _id: 3
  _time: 2025-05-14 09:05:52.983906971 Z
  _version: 0.10.1/0.42.0/
  since: 2025-04-16 09:05:52.984078090 Z
  what: quality-of-service
  when: 2025-05-14 09:05:52.984046301 Z
