---
- added: 8
  cycles: 1
  deleted: 8
  inserted: 8
  seconds: 8.519535657
  version: 0.42.0
  what: judges-summary
  when: 2025-06-12 17:05:33.151744068 Z
- _id: 1
  _time: 2025-06-12 17:05:33.139002094 Z
  _version: 0.10.1/0.42.0/
  what: dimensions-of-terrain
  when: 2025-06-12 17:05:33.139154478 Z
- _id: 2
  _time: 2025-06-12 17:05:33.145487029 Z
  _version: 0.10.1/0.42.0/
  since: 2025-05-15 17:05:33.145654821 Z
  what: quality-of-service
  when: 2025-06-12 17:05:33.145619044 Z
- _id: 3
  _time: 2025-06-12 17:05:33.148993506 Z
  _version: 0.10.1/0.42.0/
  since: 2025-05-15 17:05:33.149092470 Z
  what: quantity-of-deliverables
  when: 2025-06-12 17:05:33.149069186 Z
