---
- added: 8
  cycles: 1
  deleted: 8
  inserted: 8
  seconds: 8.572158371
  version: 0.42.0
  what: judges-summary
  when: 2025-06-04 22:05:15.201254352 Z
- _id: 1
  _time: 2025-06-04 22:05:15.189644148 Z
  _version: 0.10.1/0.42.0/
  since: 2025-05-07 22:05:15.189826780 Z
  what: quality-of-service
  when: 2025-06-04 22:05:15.189789330 Z
- _id: 2
  _time: 2025-06-04 22:05:15.196693673 Z
  _version: 0.10.1/0.42.0/
  what: dimensions-of-terrain
  when: 2025-06-04 22:05:15.196771028 Z
- _id: 3
  _time: 2025-06-04 22:05:15.199338459 Z
  _version: 0.10.1/0.42.0/
  since: 2025-05-07 22:05:15.199436142 Z
  what: quantity-of-deliverables
  when: 2025-06-04 22:05:15.199413199 Z
