---
- added: 8
  cycles: 1
  deleted: 8
  inserted: 8
  seconds: 7.790034774
  version: 0.42.0
  what: judges-summary
  when: 2025-06-06 14:05:26.774829049 Z
- _id: 1
  _time: 2025-06-06 14:05:26.767883717 Z
  _version: 0.10.1/0.42.0/
  since: 2025-05-09 14:05:26.768072951 Z
  what: quality-of-service
  when: 2025-06-06 14:05:26.768035060 Z
- _id: 2
  _time: 2025-06-06 14:05:26.770973811 Z
  _version: 0.10.1/0.42.0/
  what: dimensions-of-terrain
  when: 2025-06-06 14:05:26.771121707 Z
- _id: 3
  _time: 2025-06-06 14:05:26.773846597 Z
  _version: 0.10.1/0.42.0/
  since: 2025-05-09 14:05:26.773948237 Z
  what: quantity-of-deliverables
  when: 2025-06-06 14:05:26.773924683 Z
