---
- added: 8
  cycles: 1
  deleted: 8
  inserted: 8
  seconds: 7.34712855
  version: 0.42.0
  what: judges-summary
  when: 2025-06-02 17:06:14.218614544 Z
- _id: 1
  _time: 2025-06-02 17:06:14.206112615 Z
  _version: 0.10.1/0.42.0/
  since: 2025-05-05 17:06:14.206328559 Z
  what: quality-of-service
  when: 2025-06-02 17:06:14.206287252 Z
- _id: 2
  _time: 2025-06-02 17:06:14.213408689 Z
  _version: 0.10.1/0.42.0/
  since: 2025-05-05 17:06:14.213519006 Z
  what: quantity-of-deliverables
  when: 2025-06-02 17:06:14.213495081 Z
- _id: 3
  _time: 2025-06-02 17:06:14.217691200 Z
  _version: 0.10.1/0.42.0/
  what: dimensions-of-terrain
  when: 2025-06-02 17:06:14.217772913 Z
