---
- added: 8
  cycles: 1
  deleted: 8
  inserted: 8
  seconds: 8.728982234
  version: 0.42.0
  what: judges-summary
  when: 2025-05-27 11:05:27.763360873 Z
- _id: 1
  _time: 2025-05-27 11:05:27.751843118 Z
  _version: 0.10.1/0.42.0/
  since: 2025-04-29 11:05:27.752049954 Z
  what: quality-of-service
  when: 2025-05-27 11:05:27.752011552 Z
- _id: 2
  _time: 2025-05-27 11:05:27.756103579 Z
  _version: 0.10.1/0.42.0/
  since: 2025-04-29 11:05:27.756203526 Z
  what: quantity-of-deliverables
  when: 2025-05-27 11:05:27.756180823 Z
- _id: 3
  _time: 2025-05-27 11:05:27.757806720 Z
  _version: 0.10.1/0.42.0/
  what: dimensions-of-terrain
  when: 2025-05-27 11:05:27.757883283 Z
