---
- added: 8
  cycles: 1
  deleted: 8
  inserted: 8
  seconds: 6.808283341
  version: 0.42.0
  what: judges-summary
  when: 2025-05-18 22:36:23.067706720 Z
- _id: 1
  _time: 2025-05-18 22:36:23.060062029 Z
  _version: 0.10.1/0.42.0/
  since: 2025-04-20 22:36:23.060254910 Z
  what: quantity-of-deliverables
  when: 2025-05-18 22:36:23.060217469 Z
- _id: 2
  _time: 2025-05-18 22:36:23.064023420 Z
  _version: 0.10.1/0.42.0/
  what: dimensions-of-terrain
  when: 2025-05-18 22:36:23.064152671 Z
- _id: 3
  _time: 2025-05-18 22:36:23.065602454 Z
  _version: 0.10.1/0.42.0/
  since: 2025-04-20 22:36:23.065738268 Z
  what: quality-of-service
  when: 2025-05-18 22:36:23.065706108 Z
