---
- added: 8
  cycles: 1
  deleted: 8
  inserted: 8
  seconds: 13.981907905
  version: 0.42.0
  what: judges-summary
  when: 2025-05-16 09:05:50.828446582 Z
- _id: 1
  _time: 2025-05-16 09:05:50.819387234 Z
  _version: 0.10.1/0.42.0/
  since: 2025-04-18 09:05:50.819622793 Z
  what: quantity-of-deliverables
  when: 2025-05-16 09:05:50.819580224 Z
- _id: 2
  _time: 2025-05-16 09:05:50.821981133 Z
  _version: 0.10.1/0.42.0/
  since: 2025-04-18 09:05:50.822128948 Z
  what: quality-of-service
  when: 2025-05-16 09:05:50.822091268 Z
- _id: 3
  _time: 2025-05-16 09:05:50.825489947 Z
  _version: 0.10.1/0.42.0/
  what: dimensions-of-terrain
  when: 2025-05-16 09:05:50.825574064 Z
