---
- added: 8
  cycles: 1
  deleted: 8
  inserted: 8
  seconds: 0.844505313
  version: 0.42.0
  what: judges-summary
  when: 2025-05-17 21:33:57.063857201 Z
- _id: 1
  _time: 2025-05-17 21:33:57.050844310 Z
  _version: 0.10.1/0.42.0/
  what: dimensions-of-terrain
  when: 2025-05-17 21:33:57.050985964 Z
- _id: 2
  _time: 2025-05-17 21:33:57.057337074 Z
  _version: 0.10.1/0.42.0/
  since: 2025-04-19 21:33:57.057477004 Z
  what: quality-of-service
  when: 2025-05-17 21:33:57.057442821 Z
- _id: 3
  _time: 2025-05-17 21:33:57.061266269 Z
  _version: 0.10.1/0.42.0/
  since: 2025-04-19 21:33:57.061370273 Z
  what: quantity-of-deliverables
  when: 2025-05-17 21:33:57.061346238 Z
