---
- added: 8
  cycles: 1
  deleted: 8
  inserted: 8
  seconds: 13.271651338
  version: 0.42.0
  what: judges-summary
  when: 2025-06-07 06:40:37.564084429 Z
- _id: 1
  _time: 2025-06-07 06:40:37.556115653 Z
  _version: 0.10.1/0.42.0/
  since: 2025-05-10 06:40:37.556299687 Z
  what: quantity-of-deliverables
  when: 2025-06-07 06:40:37.556262417 Z
- _id: 2
  _time: 2025-06-07 06:40:37.557466195 Z
  _version: 0.10.1/0.42.0/
  what: dimensions-of-terrain
  when: 2025-06-07 06:40:37.557566713 Z
- _id: 3
  _time: 2025-06-07 06:40:37.561026696 Z
  _version: 0.10.1/0.42.0/
  since: 2025-05-10 06:40:37.561159303 Z
  what: quality-of-service
  when: 2025-06-07 06:40:37.561127484 Z
