---
- added: 8
  cycles: 1
  deleted: 8
  inserted: 8
  seconds: 7.738614746
  version: 0.42.0
  what: judges-summary
  when: 2025-05-29 23:05:14.233930088 Z
- _id: 1
  _time: 2025-05-29 23:05:14.222388755 Z
  _version: 0.10.1/0.42.0/
  since: 2025-05-01 23:05:14.222624224 Z
  what: quality-of-service
  when: 2025-05-29 23:05:14.222585712 Z
- _id: 2
  _time: 2025-05-29 23:05:14.224794557 Z
  _version: 0.10.1/0.42.0/
  since: 2025-05-01 23:05:14.224890576 Z
  what: quantity-of-deliverables
  when: 2025-05-29 23:05:14.224868355 Z
- _id: 3
  _time: 2025-05-29 23:05:14.226290595 Z
  _version: 0.10.1/0.42.0/
  what: dimensions-of-terrain
  when: 2025-05-29 23:05:14.226363370 Z
