---
- added: 8
  cycles: 1
  deleted: 8
  inserted: 8
  seconds: 7.585906982
  version: 0.42.0
  what: judges-summary
  when: 2025-05-19 07:35:37.064141814 Z
- _id: 1
  _time: 2025-05-19 07:35:37.056074454 Z
  _version: 0.10.1/0.42.0/
  since: 2025-04-21 07:35:37.056268667 Z
  what: quantity-of-deliverables
  when: 2025-05-19 07:35:37.056231949 Z
- _id: 2
  _time: 2025-05-19 07:35:37.057623638 Z
  _version: 0.10.1/0.42.0/
  what: dimensions-of-terrain
  when: 2025-05-19 07:35:37.057731129 Z
- _id: 3
  _time: 2025-05-19 07:35:37.059248062 Z
  _version: 0.10.1/0.42.0/
  since: 2025-04-21 07:35:37.059384056 Z
  what: quality-of-service
  when: 2025-05-19 07:35:37.059351315 Z
