---
- added: 8
  cycles: 1
  deleted: 8
  inserted: 8
  seconds: 9.776400988
  version: 0.42.0
  what: judges-summary
  when: 2025-05-16 20:05:52.026125098 Z
- _id: 1
  _time: 2025-05-16 20:05:52.013774060 Z
  _version: 0.10.1/0.42.0/
  since: 2025-04-18 20:05:52.013961771 Z
  what: quantity-of-deliverables
  when: 2025-05-16 20:05:52.013923339 Z
- _id: 2
  _time: 2025-05-16 20:05:52.018730184 Z
  _version: 0.10.1/0.42.0/
  since: 2025-04-18 20:05:52.018861960 Z
  what: quality-of-service
  when: 2025-05-16 20:05:52.018830592 Z
- _id: 3
  _time: 2025-05-16 20:05:52.023681015 Z
  _version: 0.10.1/0.42.0/
  what: dimensions-of-terrain
  when: 2025-05-16 20:05:52.023756967 Z
