---
- added: 8
  cycles: 1
  deleted: 8
  inserted: 8
  seconds: 9.626614193
  version: 0.42.0
  what: judges-summary
  when: 2025-05-17 06:39:37.195663162 Z
- _id: 1
  _time: 2025-05-17 06:39:37.185579272 Z
  _version: 0.10.1/0.42.0/
  since: 2025-04-19 06:39:37.185758306 Z
  what: quality-of-service
  when: 2025-05-17 06:39:37.185721588 Z
- _id: 2
  _time: 2025-05-17 06:39:37.188109452 Z
  _version: 0.10.1/0.42.0/
  since: 2025-04-19 06:39:37.188208356 Z
  what: quantity-of-deliverables
  when: 2025-05-17 06:39:37.188185263 Z
- _id: 3
  _time: 2025-05-17 06:39:37.192315628 Z
  _version: 0.10.1/0.42.0/
  what: dimensions-of-terrain
  when: 2025-05-17 06:39:37.192392561 Z
