---
- added: 8
  cycles: 1
  deleted: 8
  inserted: 8
  seconds: 8.15935095
  version: 0.42.0
  what: judges-summary
  when: 2025-06-02 09:06:23.623630258 Z
- _id: 1
  _time: 2025-06-02 09:06:23.612744197 Z
  _version: 0.10.1/0.42.0/
  since: 2025-05-05 09:06:23.612926657 Z
  what: quantity-of-deliverables
  when: 2025-06-02 09:06:23.612889278 Z
- _id: 2
  _time: 2025-06-02 09:06:23.615373871 Z
  _version: 0.10.1/0.42.0/
  since: 2025-05-05 09:06:23.615530643 Z
  what: quality-of-service
  when: 2025-06-02 09:06:23.615476071 Z
- _id: 3
  _time: 2025-06-02 09:06:23.617778171 Z
  _version: 0.10.1/0.42.0/
  what: dimensions-of-terrain
  when: 2025-06-02 09:06:23.617855946 Z
