---
- added: 8
  cycles: 1
  deleted: 8
  inserted: 8
  seconds: 7.034182157
  version: 0.42.0
  what: judges-summary
  when: 2025-05-30 06:41:37.054824085 Z
- _id: 1
  _time: 2025-05-30 06:41:37.041590378 Z
  _version: 0.10.1/0.42.0/
  since: 2025-05-02 06:41:37.041797083 Z
  what: quantity-of-deliverables
  when: 2025-05-30 06:41:37.041739767 Z
- _id: 2
  _time: 2025-05-30 06:41:37.046191258 Z
  _version: 0.10.1/0.42.0/
  what: dimensions-of-terrain
  when: 2025-05-30 06:41:37.046299179 Z
- _id: 3
  _time: 2025-05-30 06:41:37.052373414 Z
  _version: 0.10.1/0.42.0/
  since: 2025-05-02 06:41:37.052513335 Z
  what: quality-of-service
  when: 2025-05-30 06:41:37.052479923 Z
