---
- added: 8
  cycles: 1
  deleted: 8
  inserted: 8
  seconds: 10.893845266
  version: 0.42.0
  what: judges-summary
  when: 2025-06-13 07:35:42.598877347 Z
- _id: 1
  _time: 2025-06-13 07:35:42.583344811 Z
  _version: 0.10.1/0.42.0/
  latest: 50628541792
  repository: 624420387
  what: events-were-scanned
  where: github
- _id: 2
  _time: 2025-06-13 07:35:42.590332152 Z
  _version: 0.10.1/0.42.0/
  what: dimensions-of-terrain
  when: 2025-06-13 07:35:42.590410989 Z
- _id: 3
  _time: 2025-06-13 07:35:42.594179527 Z
  _version: 0.10.1/0.42.0/
  since: 2025-05-16 07:35:42.594279563 Z
  what: quality-of-service
  when: 2025-06-13 07:35:42.594256089 Z
- _id: 4
  _time: 2025-06-13 07:35:42.597234403 Z
  _version: 0.10.1/0.42.0/
  since: 2025-05-16 07:35:42.597331664 Z
  what: quantity-of-deliverables
  when: 2025-06-13 07:35:42.597308872 Z
