---
- added: 8
  cycles: 1
  deleted: 8
  inserted: 8
  seconds: 9.685863111
  version: 0.42.0
  what: judges-summary
  when: 2025-06-04 23:35:38.926813467 Z
- _id: 1
  _time: 2025-06-04 23:35:38.919877098 Z
  _version: 0.10.1/0.42.0/
  since: 2025-05-07 23:35:38.920050911 Z
  what: quantity-of-deliverables
  when: 2025-06-04 23:35:38.920015766 Z
- _id: 2
  _time: 2025-06-04 23:35:38.922675411 Z
  _version: 0.10.1/0.42.0/
  since: 2025-05-07 23:35:38.922814219 Z
  what: quality-of-service
  when: 2025-06-04 23:35:38.922782149 Z
- _id: 3
  _time: 2025-06-04 23:35:38.925877179 Z
  _version: 0.10.1/0.42.0/
  what: dimensions-of-terrain
  when: 2025-06-04 23:35:38.925953731 Z
