---
- added: 8
  cycles: 1
  deleted: 8
  inserted: 8
  seconds: 7.966739836
  version: 0.42.0
  what: judges-summary
  when: 2025-06-15 08:06:13.267041457 Z
- _id: 1
  _time: 2025-06-15 08:06:13.259126886 Z
  _version: 0.10.1/0.42.0/
  since: 2025-05-18 08:06:13.259340685 Z
  what: quantity-of-deliverables
  when: 2025-06-15 08:06:13.259273039 Z
- _id: 2
  _time: 2025-06-15 08:06:13.260519485 Z
  _version: 0.10.1/0.42.0/
  what: dimensions-of-terrain
  when: 2025-06-15 08:06:13.260623279 Z
- _id: 3
  _time: 2025-06-15 08:06:13.265723076 Z
  _version: 0.10.1/0.42.0/
  since: 2025-05-18 08:06:13.265858289 Z
  what: quality-of-service
  when: 2025-06-15 08:06:13.265826419 Z
