---
- added: 8
  cycles: 1
  deleted: 8
  inserted: 8
  seconds: 0.839641079
  version: 0.42.0
  what: judges-summary
  when: 2025-05-23 12:08:18.945171930 Z
- _id: 1
  _time: 2025-05-23 12:08:18.936817453 Z
  _version: 0.10.1/0.42.0/
  since: 2025-04-25 12:08:18.937010063 Z
  what: quantity-of-deliverables
  when: 2025-05-23 12:08:18.936971371 Z
- _id: 2
  _time: 2025-05-23 12:08:18.938369987 Z
  _version: 0.10.1/0.42.0/
  since: 2025-04-25 12:08:18.938520709 Z
  what: quality-of-service
  when: 2025-05-23 12:08:18.938486184 Z
- _id: 3
  _time: 2025-05-23 12:08:18.941265192 Z
  _version: 0.10.1/0.42.0/
  what: dimensions-of-terrain
  when: 2025-05-23 12:08:18.941387331 Z
