---
- added: 8
  cycles: 1
  deleted: 8
  inserted: 8
  seconds: 8.200838114
  version: 0.42.0
  what: judges-summary
  when: 2025-06-03 13:15:01.905144773 Z
- _id: 1
  _time: 2025-06-03 13:15:01.891821202 Z
  _version: 0.10.1/0.42.0/
  what: dimensions-of-terrain
  when: 2025-06-03 13:15:01.891978254 Z
- _id: 2
  _time: 2025-06-03 13:15:01.894222110 Z
  _version: 0.10.1/0.42.0/
  since: 2025-05-06 13:15:01.894356690 Z
  what: quantity-of-deliverables
  when: 2025-06-03 13:15:01.894323999 Z
- _id: 3
  _time: 2025-06-03 13:15:01.898248736 Z
  _version: 0.10.1/0.42.0/
  since: 2025-05-06 13:15:01.898380561 Z
  what: quality-of-service
  when: 2025-06-03 13:15:01.898347720 Z
