---
- added: 8
  cycles: 1
  deleted: 8
  inserted: 8
  seconds: 17.268343504
  version: 0.42.0
  what: judges-summary
  when: 2025-05-26 18:40:20.586149884 Z
- _id: 1
  _time: 2025-05-26 18:40:20.574933014 Z
  _version: 0.10.1/0.42.0/
  since: 2025-04-28 18:40:20.575116697 Z
  what: quality-of-service
  when: 2025-05-26 18:40:20.575079337 Z
- _id: 2
  _time: 2025-05-26 18:40:20.579214264 Z
  _version: 0.10.1/0.42.0/
  what: dimensions-of-terrain
  when: 2025-05-26 18:40:20.579348014 Z
- _id: 3
  _time: 2025-05-26 18:40:20.584000415 Z
  _version: 0.10.1/0.42.0/
  since: 2025-04-28 18:40:20.584099861 Z
  what: quantity-of-deliverables
  when: 2025-05-26 18:40:20.584076658 Z
