---
- added: 8
  cycles: 1
  deleted: 8
  inserted: 8
  seconds: 7.615550516
  version: 0.42.0
  what: judges-summary
  when: 2025-05-20 13:14:32.924643256 Z
- _id: 1
  _time: 2025-05-20 13:14:32.912989999 Z
  _version: 0.10.1/0.42.0/
  since: 2025-04-22 13:14:32.913173033 Z
  what: quality-of-service
  when: 2025-05-20 13:14:32.913137286 Z
- _id: 2
  _time: 2025-05-20 13:14:32.917659419 Z
  _version: 0.10.1/0.42.0/
  what: dimensions-of-terrain
  when: 2025-05-20 13:14:32.917741724 Z
- _id: 3
  _time: 2025-05-20 13:14:32.921661021 Z
  _version: 0.10.1/0.42.0/
  since: 2025-04-22 13:14:32.921761701 Z
  what: quantity-of-deliverables
  when: 2025-05-20 13:14:32.921738026 Z
