---
- added: 8
  cycles: 1
  deleted: 8
  inserted: 8
  seconds: 7.42475342
  version: 0.42.0
  what: judges-summary
  when: 2025-05-31 18:39:18.540734616 Z
- _id: 1
  _time: 2025-05-31 18:39:18.528866839 Z
  _version: 0.10.1/0.42.0/
  what: dimensions-of-terrain
  when: 2025-05-31 18:39:18.529014484 Z
- _id: 2
  _time: 2025-05-31 18:39:18.537044191 Z
  _version: 0.10.1/0.42.0/
  since: 2025-05-03 18:39:18.537180605 Z
  what: quantity-of-deliverables
  when: 2025-05-31 18:39:18.537147493 Z
- _id: 3
  _time: 2025-05-31 18:39:18.539359163 Z
  _version: 0.10.1/0.42.0/
  since: 2025-05-03 18:39:18.539532476 Z
  what: quality-of-service
  when: 2025-05-31 18:39:18.539498543 Z
