---
- added: 8
  cycles: 1
  deleted: 8
  inserted: 8
  seconds: 9.822289668
  version: 0.42.0
  what: judges-summary
  when: 2025-06-06 10:05:47.880433511 Z
- _id: 1
  _time: 2025-06-06 10:05:47.867612478 Z
  _version: 0.10.1/0.42.0/
  since: 2025-05-09 10:05:47.867800119 Z
  what: quality-of-service
  when: 2025-06-06 10:05:47.867762038 Z
- _id: 2
  _time: 2025-06-06 10:05:47.873954120 Z
  _version: 0.10.1/0.42.0/
  since: 2025-05-09 10:05:47.874134407 Z
  what: quantity-of-deliverables
  when: 2025-06-06 10:05:47.874091386 Z
- _id: 3
  _time: 2025-06-06 10:05:47.877523585 Z
  _version: 0.10.1/0.42.0/
  what: dimensions-of-terrain
  when: 2025-06-06 10:05:47.877607301 Z
