---
- added: 8
  cycles: 1
  deleted: 8
  inserted: 8
  seconds: 7.216885782
  version: 0.42.0
  what: judges-summary
  when: 2025-06-10 09:06:34.234753421 Z
- _id: 1
  _time: 2025-06-10 09:06:34.227710880 Z
  _version: 0.10.1/0.42.0/
  since: 2025-05-13 09:06:34.227896187 Z
  what: quantity-of-deliverables
  when: 2025-06-10 09:06:34.227858797 Z
- _id: 2
  _time: 2025-06-10 09:06:34.230229269 Z
  _version: 0.10.1/0.42.0/
  since: 2025-05-13 09:06:34.230362770 Z
  what: quality-of-service
  when: 2025-06-10 09:06:34.230329347 Z
- _id: 3
  _time: 2025-06-10 09:06:34.231870946 Z
  _version: 0.10.1/0.42.0/
  what: dimensions-of-terrain
  when: 2025-06-10 09:06:34.231945145 Z
