---
- added: 8
  cycles: 1
  deleted: 8
  inserted: 8
  seconds: 17.495684488
  version: 0.42.0
  what: judges-summary
  when: 2025-05-23 13:40:33.916791666 Z
- _id: 1
  _time: 2025-05-23 13:40:33.902917370 Z
  _version: 0.10.1/0.42.0/
  what: dimensions-of-terrain
  when: 2025-05-23 13:40:33.903081607 Z
- _id: 2
  _time: 2025-05-23 13:40:33.908690991 Z
  _version: 0.10.1/0.42.0/
  since: 2025-04-25 13:40:33.908829771 Z
  what: quantity-of-deliverables
  when: 2025-05-23 13:40:33.908796529 Z
- _id: 3
  _time: 2025-05-23 13:40:33.914631885 Z
  _version: 0.10.1/0.42.0/
  since: 2025-04-25 13:40:33.914770985 Z
  what: quality-of-service
  when: 2025-05-23 13:40:33.914737423 Z
