---
- added: 8
  cycles: 1
  deleted: 8
  inserted: 8
  seconds: 10.044264469
  version: 0.42.0
  what: judges-summary
  when: 2025-05-27 15:37:45.333651580 Z
- _id: 1
  _time: 2025-05-27 15:37:45.323523316 Z
  _version: 0.10.1/0.42.0/
  since: 2025-04-29 15:37:45.323704864 Z
  what: quantity-of-deliverables
  when: 2025-05-27 15:37:45.323667123 Z
- _id: 2
  _time: 2025-05-27 15:37:45.328979662 Z
  _version: 0.10.1/0.42.0/
  what: dimensions-of-terrain
  when: 2025-05-27 15:37:45.329086941 Z
- _id: 3
  _time: 2025-05-27 15:37:45.331218378 Z
  _version: 0.10.1/0.42.0/
  since: 2025-04-29 15:37:45.331393152 Z
  what: quality-of-service
  when: 2025-05-27 15:37:45.331360772 Z
