---
- added: 8
  cycles: 1
  deleted: 8
  inserted: 8
  seconds: 13.488815658
  version: 0.42.0
  what: judges-summary
  when: 2025-06-03 00:49:26.059068754 Z
- _id: 1
  _time: 2025-06-03 00:49:26.046864299 Z
  _version: 0.10.1/0.42.0/
  since: 2025-05-06 00:49:26.047044636 Z
  what: quantity-of-deliverables
  when: 2025-06-03 00:49:26.047007877 Z
- _id: 2
  _time: 2025-06-03 00:49:26.053063122 Z
  _version: 0.10.1/0.42.0/
  what: dimensions-of-terrain
  when: 2025-06-03 00:49:26.053302940 Z
- _id: 3
  _time: 2025-06-03 00:49:26.056925636 Z
  _version: 0.10.1/0.42.0/
  since: 2025-05-06 00:49:26.057059085 Z
  what: quality-of-service
  when: 2025-06-03 00:49:26.057026595 Z
