---
- added: 8
  cycles: 1
  deleted: 8
  inserted: 8
  seconds: 9.846846134
  version: 0.42.0
  what: judges-summary
  when: 2025-06-03 06:43:18.668263694 Z
- _id: 1
  _time: 2025-06-03 06:43:18.660260479 Z
  _version: 0.10.1/0.42.0/
  since: 2025-05-06 06:43:18.660438330 Z
  what: quantity-of-deliverables
  when: 2025-06-03 06:43:18.660401872 Z
- _id: 2
  _time: 2025-06-03 06:43:18.662356443 Z
  _version: 0.10.1/0.42.0/
  since: 2025-05-06 06:43:18.662618069 Z
  what: quality-of-service
  when: 2025-06-03 06:43:18.662558909 Z
- _id: 3
  _time: 2025-06-03 06:43:18.667366317 Z
  _version: 0.10.1/0.42.0/
  what: dimensions-of-terrain
  when: 2025-06-03 06:43:18.667443481 Z
