---
- added: 8
  cycles: 1
  deleted: 8
  inserted: 8
  seconds: 8.41470867
  version: 0.42.0
  what: judges-summary
  when: 2025-06-03 12:46:43.031003657 Z
- _id: 1
  _time: 2025-06-03 12:46:43.020229546 Z
  _version: 0.10.1/0.42.0/
  since: 2025-05-06 12:46:43.020422928 Z
  what: quantity-of-deliverables
  when: 2025-06-03 12:46:43.020383825 Z
- _id: 2
  _time: 2025-06-03 12:46:43.025837133 Z
  _version: 0.10.1/0.42.0/
  what: dimensions-of-terrain
  when: 2025-06-03 12:46:43.026031927 Z
- _id: 3
  _time: 2025-06-03 12:46:43.028897576 Z
  _version: 0.10.1/0.42.0/
  since: 2025-05-06 12:46:43.029036576 Z
  what: quality-of-service
  when: 2025-06-03 12:46:43.029002732 Z
