---
- added: 8
  cycles: 1
  deleted: 8
  inserted: 8
  seconds: 7.576122683
  version: 0.42.0
  what: judges-summary
  when: 2025-05-25 18:06:11.562324146 Z
- _id: 1
  _time: 2025-05-25 18:06:11.547974299 Z
  _version: 0.10.1/0.42.0/
  what: dimensions-of-terrain
  when: 2025-05-25 18:06:11.548125092 Z
- _id: 2
  _time: 2025-05-25 18:06:11.555911095 Z
  _version: 0.10.1/0.42.0/
  since: 2025-04-27 18:06:11.556076034 Z
  what: quality-of-service
  when: 2025-05-25 18:06:11.556042451 Z
- _id: 3
  _time: 2025-05-25 18:06:11.560659416 Z
  _version: 0.10.1/0.42.0/
  since: 2025-04-27 18:06:11.560756338 Z
  what: quantity-of-deliverables
  when: 2025-05-25 18:06:11.560734466 Z
