---
- added: 8
  cycles: 1
  deleted: 8
  inserted: 8
  seconds: 10.690625128
  version: 0.42.0
  what: judges-summary
  when: 2025-06-02 15:06:06.727520384 Z
- _id: 1
  _time: 2025-06-02 15:06:06.714231615 Z
  _version: 0.10.1/0.42.0/
  since: 2025-05-05 15:06:06.714422862 Z
  what: quantity-of-deliverables
  when: 2025-06-02 15:06:06.714384139 Z
- _id: 2
  _time: 2025-06-02 15:06:06.716008318 Z
  _version: 0.10.1/0.42.0/
  what: dimensions-of-terrain
  when: 2025-06-02 15:06:06.716111640 Z
- _id: 3
  _time: 2025-06-02 15:06:06.723378097 Z
  _version: 0.10.1/0.42.0/
  since: 2025-05-05 15:06:06.723517086 Z
  what: quality-of-service
  when: 2025-06-02 15:06:06.723483233 Z
