---
- added: 8
  cycles: 1
  deleted: 8
  inserted: 8
  seconds: 7.296454564
  version: 0.42.0
  what: judges-summary
  when: 2025-06-12 20:05:52.855078996 Z
- _id: 1
  _time: 2025-06-12 20:05:52.846351758 Z
  _version: 0.10.1/0.42.0/
  since: 2025-05-15 20:05:52.846555230 Z
  what: quality-of-service
  when: 2025-06-12 20:05:52.846516066 Z
- _id: 2
  _time: 2025-06-12 20:05:52.850528483 Z
  _version: 0.10.1/0.42.0/
  what: dimensions-of-terrain
  when: 2025-06-12 20:05:52.850680578 Z
- _id: 3
  _time: 2025-06-12 20:05:52.853159105 Z
  _version: 0.10.1/0.42.0/
  since: 2025-05-15 20:05:52.853258300 Z
  what: quantity-of-deliverables
  when: 2025-06-12 20:05:52.853235508 Z
