---
- added: 8
  cycles: 1
  deleted: 8
  inserted: 8
  seconds: 10.125834069
  version: 0.42.0
  what: judges-summary
  when: 2025-06-03 07:36:27.191403921 Z
- _id: 1
  _time: 2025-06-03 07:36:27.184346339 Z
  _version: 0.10.1/0.42.0/
  since: 2025-05-06 07:36:27.184535042 Z
  what: quality-of-service
  when: 2025-06-03 07:36:27.184497752 Z
- _id: 2
  _time: 2025-06-03 07:36:27.186172357 Z
  _version: 0.10.1/0.42.0/
  since: 2025-05-06 07:36:27.186304494 Z
  what: quantity-of-deliverables
  when: 2025-06-03 07:36:27.186245504 Z
- _id: 3
  _time: 2025-06-03 07:36:27.189698840 Z
  _version: 0.10.1/0.42.0/
  what: dimensions-of-terrain
  when: 2025-06-03 07:36:27.189773390 Z
