---
- added: 8
  cycles: 1
  deleted: 8
  inserted: 8
  seconds: 7.890407983
  version: 0.42.0
  what: judges-summary
  when: 2025-06-09 09:37:31.024635369 Z
- _id: 1
  _time: 2025-06-09 09:37:31.014565672 Z
  _version: 0.10.1/0.42.0/
  what: dimensions-of-terrain
  when: 2025-06-09 09:37:31.014709560 Z
- _id: 2
  _time: 2025-06-09 09:37:31.020976914 Z
  _version: 0.10.1/0.42.0/
  since: 2025-05-12 09:37:31.021130380 Z
  what: quality-of-service
  when: 2025-06-09 09:37:31.021092570 Z
- _id: 3
  _time: 2025-06-09 09:37:31.022858249 Z
  _version: 0.10.1/0.42.0/
  since: 2025-05-12 09:37:31.022964857 Z
  what: quantity-of-deliverables
  when: 2025-06-09 09:37:31.022933148 Z
