---
- added: 8
  cycles: 1
  deleted: 8
  inserted: 8
  seconds: 7.101880227
  version: 0.42.0
  what: judges-summary
  when: 2025-06-06 22:05:04.103469486 Z
- _id: 1
  _time: 2025-06-06 22:05:04.095814840 Z
  _version: 0.10.1/0.42.0/
  since: 2025-05-09 22:05:04.095999066 Z
  what: quantity-of-deliverables
  when: 2025-06-06 22:05:04.095961215 Z
- _id: 2
  _time: 2025-06-06 22:05:04.097288884 Z
  _version: 0.10.1/0.42.0/
  since: 2025-05-09 22:05:04.097431882 Z
  what: quality-of-service
  when: 2025-06-06 22:05:04.097397909 Z
- _id: 3
  _time: 2025-06-06 22:05:04.101802277 Z
  _version: 0.10.1/0.42.0/
  what: dimensions-of-terrain
  when: 2025-06-06 22:05:04.101879292 Z
