---
- added: 8
  cycles: 1
  deleted: 8
  inserted: 8
  seconds: 0.787590825
  version: 0.42.0
  what: judges-summary
  when: 2025-05-17 19:05:02.032601585 Z
- _id: 1
  _time: 2025-05-17 19:05:02.021198997 Z
  _version: 0.10.1/0.42.0/
  what: dimensions-of-terrain
  when: 2025-05-17 19:05:02.021349208 Z
- _id: 2
  _time: 2025-05-17 19:05:02.029078439 Z
  _version: 0.10.1/0.42.0/
  since: 2025-04-19 19:05:02.029229672 Z
  what: quality-of-service
  when: 2025-05-17 19:05:02.029192132 Z
- _id: 3
  _time: 2025-05-17 19:05:02.030952143 Z
  _version: 0.10.1/0.42.0/
  since: 2025-04-19 19:05:02.031052591 Z
  what: quantity-of-deliverables
  when: 2025-05-17 19:05:02.031029037 Z
