---
- added: 8
  cycles: 1
  deleted: 8
  inserted: 8
  seconds: 9.604059989
  version: 0.42.0
  what: judges-summary
  when: 2025-05-17 13:36:52.862825152 Z
- _id: 1
  _time: 2025-05-17 13:36:52.854899876 Z
  _version: 0.10.1/0.42.0/
  since: 2025-04-19 13:36:52.855083068 Z
  what: quantity-of-deliverables
  when: 2025-05-17 13:36:52.855045357 Z
- _id: 2
  _time: 2025-05-17 13:36:52.856874725 Z
  _version: 0.10.1/0.42.0/
  since: 2025-04-19 13:36:52.857157794 Z
  what: quality-of-service
  when: 2025-05-17 13:36:52.857087813 Z
- _id: 3
  _time: 2025-05-17 13:36:52.858915718 Z
  _version: 0.10.1/0.42.0/
  what: dimensions-of-terrain
  when: 2025-05-17 13:36:52.859042916 Z
