---
- added: 8
  cycles: 1
  deleted: 8
  inserted: 8
  seconds: 10.587441426
  version: 0.42.0
  what: judges-summary
  when: 2025-05-28 13:14:32.125375870 Z
- _id: 1
  _time: 2025-05-28 13:14:32.118096241 Z
  _version: 0.10.1/0.42.0/
  what: dimensions-of-terrain
  when: 2025-05-28 13:14:32.118245849 Z
- _id: 2
  _time: 2025-05-28 13:14:32.122605848 Z
  _version: 0.10.1/0.42.0/
  since: 2025-04-30 13:14:32.122780193 Z
  what: quantity-of-deliverables
  when: 2025-05-28 13:14:32.122729298 Z
- _id: 3
  _time: 2025-05-28 13:14:32.124129688 Z
  _version: 0.10.1/0.42.0/
  since: 2025-04-30 13:14:32.124264780 Z
  what: quality-of-service
  when: 2025-05-28 13:14:32.124232489 Z
