---
- added: 8
  cycles: 1
  deleted: 8
  inserted: 8
  seconds: 7.972189266
  version: 0.42.0
  what: judges-summary
  when: 2025-05-22 23:34:49.456302738 Z
- _id: 1
  _time: 2025-05-22 23:34:49.448381700 Z
  _version: 0.10.1/0.42.0/
  since: 2025-04-24 23:34:49.448565995 Z
  what: quality-of-service
  when: 2025-05-22 23:34:49.448528464 Z
- _id: 2
  _time: 2025-05-22 23:34:49.452894379 Z
  _version: 0.10.1/0.42.0/
  since: 2025-04-24 23:34:49.453009655 Z
  what: quantity-of-deliverables
  when: 2025-05-22 23:34:49.452986010 Z
- _id: 3
  _time: 2025-05-22 23:34:49.455301043 Z
  _version: 0.10.1/0.42.0/
  what: dimensions-of-terrain
  when: 2025-05-22 23:34:49.455390080 Z
