---
- added: 8
  cycles: 1
  deleted: 8
  inserted: 8
  seconds: 12.920236315
  version: 0.42.0
  what: judges-summary
  when: 2025-05-18 08:06:16.475541674 Z
- _id: 1
  _time: 2025-05-18 08:06:16.462822152 Z
  _version: 0.10.1/0.42.0/
  since: 2025-04-20 08:06:16.463004131 Z
  what: quantity-of-deliverables
  when: 2025-05-18 08:06:16.462966902 Z
- _id: 2
  _time: 2025-05-18 08:06:16.470627091 Z
  _version: 0.10.1/0.42.0/
  what: dimensions-of-terrain
  when: 2025-05-18 08:06:16.470731185 Z
- _id: 3
  _time: 2025-05-18 08:06:16.473534876 Z
  _version: 0.10.1/0.42.0/
  since: 2025-04-20 08:06:16.473667764 Z
  what: quality-of-service
  when: 2025-05-18 08:06:16.473636035 Z
