---
- added: 8
  cycles: 1
  deleted: 8
  inserted: 8
  seconds: 9.495231315
  version: 0.42.0
  what: judges-summary
  when: 2025-05-17 00:19:54.217249704 Z
- _id: 1
  _time: 2025-05-17 00:19:54.204563385 Z
  _version: 0.10.1/0.42.0/
  since: 2025-04-19 00:19:54.204746838 Z
  what: quantity-of-deliverables
  when: 2025-05-17 00:19:54.204710069 Z
- _id: 2
  _time: 2025-05-17 00:19:54.212637876 Z
  _version: 0.10.1/0.42.0/
  since: 2025-04-19 00:19:54.212778488 Z
  what: quality-of-service
  when: 2025-05-17 00:19:54.212745286 Z
- _id: 3
  _time: 2025-05-17 00:19:54.214230842 Z
  _version: 0.10.1/0.42.0/
  what: dimensions-of-terrain
  when: 2025-05-17 00:19:54.214306303 Z
