---
- added: 8
  cycles: 1
  deleted: 8
  inserted: 8
  seconds: 17.656240833
  version: 0.42.0
  what: judges-summary
  when: 2025-06-06 00:49:33.857462561 Z
- _id: 1
  _time: 2025-06-06 00:49:33.845019990 Z
  _version: 0.10.1/0.42.0/
  what: dimensions-of-terrain
  when: 2025-06-06 00:49:33.845169130 Z
- _id: 2
  _time: 2025-06-06 00:49:33.847461043 Z
  _version: 0.10.1/0.42.0/
  since: 2025-05-09 00:49:33.847596477 Z
  what: quantity-of-deliverables
  when: 2025-06-06 00:49:33.847563214 Z
- _id: 3
  _time: 2025-06-06 00:49:33.853856791 Z
  _version: 0.10.1/0.42.0/
  since: 2025-05-09 00:49:33.853989319 Z
  what: quality-of-service
  when: 2025-06-06 00:49:33.853957930 Z
