---
- added: 8
  cycles: 1
  deleted: 8
  inserted: 8
  seconds: 7.577231
  version: 0.42.0
  what: judges-summary
  when: 2025-05-20 02:34:59.706264689 Z
- _id: 1
  _time: 2025-05-20 02:34:59.693618322 Z
  _version: 0.10.1/0.42.0/
  since: 2025-04-22 02:34:59.693801627 Z
  what: quality-of-service
  when: 2025-05-20 02:34:59.693762373 Z
- _id: 2
  _time: 2025-05-20 02:34:59.696184051 Z
  _version: 0.10.1/0.42.0/
  since: 2025-04-22 02:34:59.696283087 Z
  what: quantity-of-deliverables
  when: 2025-05-20 02:34:59.696260545 Z
- _id: 3
  _time: 2025-05-20 02:34:59.699709983 Z
  _version: 0.10.1/0.42.0/
  what: dimensions-of-terrain
  when: 2025-05-20 02:34:59.699864994 Z
