---
- added: 8
  cycles: 1
  deleted: 8
  inserted: 8
  seconds: 10.338021392
  version: 0.42.0
  what: judges-summary
  when: 2025-05-19 15:05:44.532063592 Z
- _id: 1
  _time: 2025-05-19 15:05:44.518576337 Z
  _version: 0.10.1/0.42.0/
  what: dimensions-of-terrain
  when: 2025-05-19 15:05:44.518758358 Z
- _id: 2
  _time: 2025-05-19 15:05:44.527660964 Z
  _version: 0.10.1/0.42.0/
  since: 2025-04-21 15:05:44.527799844 Z
  what: quality-of-service
  when: 2025-05-19 15:05:44.527765710 Z
- _id: 3
  _time: 2025-05-19 15:05:44.530270656 Z
  _version: 0.10.1/0.42.0/
  since: 2025-04-21 15:05:44.530366526 Z
  what: quantity-of-deliverables
  when: 2025-05-19 15:05:44.530344053 Z
