---
- added: 8
  cycles: 1
  deleted: 8
  inserted: 8
  seconds: 18.677942585
  version: 0.42.0
  what: judges-summary
  when: 2025-06-12 09:06:05.387113821 Z
- _id: 1
  _time: 2025-06-12 09:06:05.379770653 Z
  _version: 0.10.1/0.42.0/
  since: 2025-05-15 09:06:05.379950638 Z
  what: quantity-of-deliverables
  when: 2025-06-12 09:06:05.379913839 Z
- _id: 2
  _time: 2025-06-12 09:06:05.383370009 Z
  _version: 0.10.1/0.42.0/
  what: dimensions-of-terrain
  when: 2025-06-12 09:06:05.383516091 Z
- _id: 3
  _time: 2025-06-12 09:06:05.385837563 Z
  _version: 0.10.1/0.42.0/
  since: 2025-05-15 09:06:05.385976331 Z
  what: quality-of-service
  when: 2025-06-12 09:06:05.385942678 Z
