---
- added: 8
  cycles: 1
  deleted: 8
  inserted: 8
  seconds: 8.041325283
  version: 0.42.0
  what: judges-summary
  when: 2025-05-29 14:05:28.270587368 Z
- _id: 1
  _time: 2025-05-29 14:05:28.261247375 Z
  _version: 0.10.1/0.42.0/
  since: 2025-05-01 14:05:28.261430810 Z
  what: quantity-of-deliverables
  when: 2025-05-29 14:05:28.261392458 Z
- _id: 2
  _time: 2025-05-29 14:05:28.264853873 Z
  _version: 0.10.1/0.42.0/
  what: dimensions-of-terrain
  when: 2025-05-29 14:05:28.264961245 Z
- _id: 3
  _time: 2025-05-29 14:05:28.266353622 Z
  _version: 0.10.1/0.42.0/
  since: 2025-05-01 14:05:28.266528220 Z
  what: quality-of-service
  when: 2025-05-29 14:05:28.266489176 Z
