---
- added: 8
  cycles: 1
  deleted: 8
  inserted: 8
  seconds: 10.493232047
  version: 0.42.0
  what: judges-summary
  when: 2025-05-22 00:49:24.243629657 Z
- _id: 1
  _time: 2025-05-22 00:49:24.234485170 Z
  _version: 0.10.1/0.42.0/
  since: 2025-04-24 00:49:24.234676198 Z
  what: quality-of-service
  when: 2025-05-22 00:49:24.234637356 Z
- _id: 2
  _time: 2025-05-22 00:49:24.239576701 Z
  _version: 0.10.1/0.42.0/
  what: dimensions-of-terrain
  when: 2025-05-22 00:49:24.239657312 Z
- _id: 3
  _time: 2025-05-22 00:49:24.242734850 Z
  _version: 0.10.1/0.42.0/
  since: 2025-04-24 00:49:24.242836741 Z
  what: quantity-of-deliverables
  when: 2025-05-22 00:49:24.242812856 Z
