---
- added: 8
  cycles: 1
  deleted: 8
  inserted: 8
  seconds: 10.095395828
  version: 0.42.0
  what: judges-summary
  when: 2025-05-28 00:20:33.515808514 Z
- _id: 1
  _time: 2025-05-28 00:20:33.505707787 Z
  _version: 0.10.1/0.42.0/
  since: 2025-04-30 00:20:33.505914140 Z
  what: quality-of-service
  when: 2025-05-28 00:20:33.505877753 Z
- _id: 2
  _time: 2025-05-28 00:20:33.507453788 Z
  _version: 0.10.1/0.42.0/
  since: 2025-04-30 00:20:33.507547943 Z
  what: quantity-of-deliverables
  when: 2025-05-28 00:20:33.507525471 Z
- _id: 3
  _time: 2025-05-28 00:20:33.514140999 Z
  _version: 0.10.1/0.42.0/
  what: dimensions-of-terrain
  when: 2025-05-28 00:20:33.514216930 Z
