---
- added: 8
  cycles: 1
  deleted: 8
  inserted: 8
  seconds: 7.396454235
  version: 0.42.0
  what: judges-summary
  when: 2025-05-25 22:05:15.066999094 Z
- _id: 1
  _time: 2025-05-25 22:05:15.054286841 Z
  _version: 0.10.1/0.42.0/
  since: 2025-04-27 22:05:15.054476743 Z
  what: quantity-of-deliverables
  when: 2025-05-25 22:05:15.054439724 Z
- _id: 2
  _time: 2025-05-25 22:05:15.062423882 Z
  _version: 0.10.1/0.42.0/
  since: 2025-04-27 22:05:15.062559824 Z
  what: quality-of-service
  when: 2025-05-25 22:05:15.062528225 Z
- _id: 3
  _time: 2025-05-25 22:05:15.065262480 Z
  _version: 0.10.1/0.42.0/
  what: dimensions-of-terrain
  when: 2025-05-25 22:05:15.065339964 Z
