---
- added: 8
  cycles: 1
  deleted: 8
  inserted: 8
  seconds: 9.545003518
  version: 0.42.0
  what: judges-summary
  when: 2025-05-23 04:06:46.547391870 Z
- _id: 1
  _time: 2025-05-23 04:06:46.534051097 Z
  _version: 0.10.1/0.42.0/
  what: dimensions-of-terrain
  when: 2025-05-23 04:06:46.534208753 Z
- _id: 2
  _time: 2025-05-23 04:06:46.542137184 Z
  _version: 0.10.1/0.42.0/
  since: 2025-04-25 04:06:46.542332139 Z
  what: quality-of-service
  when: 2025-05-23 04:06:46.542291082 Z
- _id: 3
  _time: 2025-05-23 04:06:46.545405784 Z
  _version: 0.10.1/0.42.0/
  since: 2025-04-25 04:06:46.545510711 Z
  what: quantity-of-deliverables
  when: 2025-05-23 04:06:46.545486936 Z
