---
- added: 8
  cycles: 1
  deleted: 8
  inserted: 8
  seconds: 16.761407367
  version: 0.42.0
  what: judges-summary
  when: 2025-06-08 14:36:13.660977026 Z
- _id: 1
  _time: 2025-06-08 14:36:13.648138625 Z
  _version: 0.10.1/0.42.0/
  since: 2025-05-11 14:36:13.648320226 Z
  what: quantity-of-deliverables
  when: 2025-06-08 14:36:13.648283717 Z
- _id: 2
  _time: 2025-06-08 14:36:13.651559802 Z
  _version: 0.10.1/0.42.0/
  what: dimensions-of-terrain
  when: 2025-06-08 14:36:13.651661603 Z
- _id: 3
  _time: 2025-06-08 14:36:13.657879511 Z
  _version: 0.10.1/0.42.0/
  since: 2025-05-11 14:36:13.658046955 Z
  what: quality-of-service
  when: 2025-06-08 14:36:13.657980360 Z
