---
- added: 8
  cycles: 1
  deleted: 8
  inserted: 8
  seconds: 10.327867067
  version: 0.42.0
  what: judges-summary
  when: 2025-06-13 20:37:10.193055592 Z
- _id: 1
  _time: 2025-06-13 20:37:10.179768481 Z
  _version: 0.10.1/0.42.0/
  since: 2025-05-16 20:37:10.179956422 Z
  what: quantity-of-deliverables
  when: 2025-06-13 20:37:10.179917710 Z
- _id: 2
  _time: 2025-06-13 20:37:10.187384668 Z
  _version: 0.10.1/0.42.0/
  since: 2025-05-16 20:37:10.187530842 Z
  what: quality-of-service
  when: 2025-06-13 20:37:10.187496177 Z
- _id: 3
  _time: 2025-06-13 20:37:10.192080817 Z
  _version: 0.10.1/0.42.0/
  what: dimensions-of-terrain
  when: 2025-06-13 20:37:10.192171307 Z
