---
- added: 8
  cycles: 1
  deleted: 8
  inserted: 8
  seconds: 6.933499939
  version: 0.42.0
  what: judges-summary
  when: 2025-05-30 03:45:58.918874154 Z
- _id: 1
  _time: 2025-05-30 03:45:58.905832874 Z
  _version: 0.10.1/0.42.0/
  since: 2025-05-02 03:45:58.906020764 Z
  what: quantity-of-deliverables
  when: 2025-05-30 03:45:58.905980940 Z
- _id: 2
  _time: 2025-05-30 03:45:58.913330627 Z
  _version: 0.10.1/0.42.0/
  what: dimensions-of-terrain
  when: 2025-05-30 03:45:58.913434390 Z
- _id: 3
  _time: 2025-05-30 03:45:58.916640158 Z
  _version: 0.10.1/0.42.0/
  since: 2025-05-02 03:45:58.916773227 Z
  what: quality-of-service
  when: 2025-05-30 03:45:58.916740966 Z
