---
- added: 8
  cycles: 1
  deleted: 8
  inserted: 8
  seconds: 7.927473665
  version: 0.42.0
  what: judges-summary
  when: 2025-05-23 21:05:03.039688583 Z
- _id: 1
  _time: 2025-05-23 21:05:03.026087682 Z
  _version: 0.10.1/0.42.0/
  what: dimensions-of-terrain
  when: 2025-05-23 21:05:03.026239636 Z
- _id: 2
  _time: 2025-05-23 21:05:03.032869569 Z
  _version: 0.10.1/0.42.0/
  since: 2025-04-25 21:05:03.033036912 Z
  what: quantity-of-deliverables
  when: 2025-05-23 21:05:03.032998500 Z
- _id: 3
  _time: 2025-05-23 21:05:03.035220441 Z
  _version: 0.10.1/0.42.0/
  since: 2025-04-25 21:05:03.035354983 Z
  what: quality-of-service
  when: 2025-05-23 21:05:03.035321641 Z
