---
- added: 8
  cycles: 1
  deleted: 8
  inserted: 8
  seconds: 7.666352827
  version: 0.42.0
  what: judges-summary
  when: 2025-06-05 15:05:47.187338891 Z
- _id: 1
  _time: 2025-06-05 15:05:47.175451339 Z
  _version: 0.10.1/0.42.0/
  since: 2025-05-08 15:05:47.175672231 Z
  what: quantity-of-deliverables
  when: 2025-06-05 15:05:47.175630273 Z
- _id: 2
  _time: 2025-06-05 15:05:47.178046773 Z
  _version: 0.10.1/0.42.0/
  since: 2025-05-08 15:05:47.178183318 Z
  what: quality-of-service
  when: 2025-06-05 15:05:47.178151418 Z
- _id: 3
  _time: 2025-06-05 15:05:47.181437726 Z
  _version: 0.10.1/0.42.0/
  what: dimensions-of-terrain
  when: 2025-06-05 15:05:47.181514499 Z
