---
- added: 8
  cycles: 1
  deleted: 8
  inserted: 8
  seconds: 9.919691887
  version: 0.42.0
  what: judges-summary
  when: 2025-05-26 14:38:08.621700759 Z
- _id: 1
  _time: 2025-05-26 14:38:08.611945442 Z
  _version: 0.10.1/0.42.0/
  since: 2025-04-28 14:38:08.612125449 Z
  what: quantity-of-deliverables
  when: 2025-05-26 14:38:08.612088199 Z
- _id: 2
  _time: 2025-05-26 14:38:08.618782297 Z
  _version: 0.10.1/0.42.0/
  what: dimensions-of-terrain
  when: 2025-05-26 14:38:08.618889137 Z
- _id: 3
  _time: 2025-05-26 14:38:08.620334632 Z
  _version: 0.10.1/0.42.0/
  since: 2025-04-28 14:38:08.620506784 Z
  what: quality-of-service
  when: 2025-05-26 14:38:08.620471328 Z
