---
- added: 8
  cycles: 1
  deleted: 8
  inserted: 8
  seconds: 8.106867264
  version: 0.42.0
  what: judges-summary
  when: 2025-05-30 11:05:04.365661959 Z
- _id: 1
  _time: 2025-05-30 11:05:04.355912264 Z
  _version: 0.10.1/0.42.0/
  since: 2025-05-02 11:05:04.356091930 Z
  what: quantity-of-deliverables
  when: 2025-05-30 11:05:04.356054410 Z
- _id: 2
  _time: 2025-05-30 11:05:04.358809207 Z
  _version: 0.10.1/0.42.0/
  what: dimensions-of-terrain
  when: 2025-05-30 11:05:04.358990366 Z
- _id: 3
  _time: 2025-05-30 11:05:04.364351395 Z
  _version: 0.10.1/0.42.0/
  since: 2025-05-02 11:05:04.364494062 Z
  what: quality-of-service
  when: 2025-05-30 11:05:04.364458696 Z
