---
- added: 8
  cycles: 1
  deleted: 8
  inserted: 8
  seconds: 17.253117853
  version: 0.42.0
  what: judges-summary
  when: 2025-06-05 01:33:37.854521339 Z
- _id: 1
  _time: 2025-06-05 01:33:37.843243960 Z
  _version: 0.10.1/0.42.0/
  since: 2025-05-08 01:33:37.843429016 Z
  what: quantity-of-deliverables
  when: 2025-06-05 01:33:37.843392187 Z
- _id: 2
  _time: 2025-06-05 01:33:37.849549188 Z
  _version: 0.10.1/0.42.0/
  what: dimensions-of-terrain
  when: 2025-06-05 01:33:37.849653713 Z
- _id: 3
  _time: 2025-06-05 01:33:37.851996772 Z
  _version: 0.10.1/0.42.0/
  since: 2025-05-08 01:33:37.852125924 Z
  what: quality-of-service
  when: 2025-06-05 01:33:37.852094505 Z
