---
- added: 8
  cycles: 1
  deleted: 8
  inserted: 8
  seconds: 7.223430037
  version: 0.42.0
  what: judges-summary
  when: 2025-06-05 04:41:09.085353332 Z
- _id: 1
  _time: 2025-06-05 04:41:09.074792881 Z
  _version: 0.10.1/0.42.0/
  what: dimensions-of-terrain
  when: 2025-06-05 04:41:09.074937721 Z
- _id: 2
  _time: 2025-06-05 04:41:09.081564466 Z
  _version: 0.10.1/0.42.0/
  since: 2025-05-08 04:41:09.081700750 Z
  what: quality-of-service
  when: 2025-06-05 04:41:09.081667739 Z
- _id: 3
  _time: 2025-06-05 04:41:09.083185524 Z
  _version: 0.10.1/0.42.0/
  since: 2025-05-08 04:41:09.083321808 Z
  what: quantity-of-deliverables
  when: 2025-06-05 04:41:09.083298605 Z
