---
- added: 8
  cycles: 1
  deleted: 8
  inserted: 8
  seconds: 7.253350753
  version: 0.42.0
  what: judges-summary
  when: 2025-05-23 05:37:32.948949965 Z
- _id: 1
  _time: 2025-05-23 05:37:32.934687491 Z
  _version: 0.10.1/0.42.0/
  what: dimensions-of-terrain
  when: 2025-05-23 05:37:32.934836438 Z
- _id: 2
  _time: 2025-05-23 05:37:32.944173509 Z
  _version: 0.10.1/0.42.0/
  since: 2025-04-25 05:37:32.944309662 Z
  what: quality-of-service
  when: 2025-05-23 05:37:32.944276661 Z
- _id: 3
  _time: 2025-05-23 05:37:32.947981087 Z
  _version: 0.10.1/0.42.0/
  since: 2025-04-25 05:37:32.948078588 Z
  what: quantity-of-deliverables
  when: 2025-05-23 05:37:32.948055415 Z
