---
- added: 8
  cycles: 1
  deleted: 8
  inserted: 8
  seconds: 8.289647965
  version: 0.42.0
  what: judges-summary
  when: 2025-05-29 10:06:05.327569565 Z
- _id: 1
  _time: 2025-05-29 10:06:05.321939434 Z
  _version: 0.10.1/0.42.0/
  since: 2025-05-01 10:06:05.322132113 Z
  what: quality-of-service
  when: 2025-05-29 10:06:05.322094423 Z
- _id: 2
  _time: 2025-05-29 10:06:05.325372297 Z
  _version: 0.10.1/0.42.0/
  what: dimensions-of-terrain
  when: 2025-05-29 10:06:05.325449241 Z
- _id: 3
  _time: 2025-05-29 10:06:05.326704907 Z
  _version: 0.10.1/0.42.0/
  since: 2025-05-01 10:06:05.326802047 Z
  what: quantity-of-deliverables
  when: 2025-05-29 10:06:05.326779505 Z
