---
- added: 8
  cycles: 1
  deleted: 8
  inserted: 8
  seconds: 8.02634961
  version: 0.42.0
  what: judges-summary
  when: 2025-06-04 21:33:46.100869309 Z
- _id: 1
  _time: 2025-06-04 21:33:46.092587873 Z
  _version: 0.10.1/0.42.0/
  since: 2025-05-07 21:33:46.092776044 Z
  what: quantity-of-deliverables
  when: 2025-06-04 21:33:46.092739967 Z
- _id: 2
  _time: 2025-06-04 21:33:46.096692187 Z
  _version: 0.10.1/0.42.0/
  since: 2025-05-07 21:33:46.096932525 Z
  what: quality-of-service
  when: 2025-06-04 21:33:46.096869598 Z
- _id: 3
  _time: 2025-06-04 21:33:46.099253583 Z
  _version: 0.10.1/0.42.0/
  what: dimensions-of-terrain
  when: 2025-06-04 21:33:46.099335917 Z
