---
- added: 8
  cycles: 1
  deleted: 8
  inserted: 8
  seconds: 7.748770304
  version: 0.42.0
  what: judges-summary
  when: 2025-06-12 00:49:14.700540340 Z
- _id: 1
  _time: 2025-06-12 00:49:14.690483193 Z
  _version: 0.10.1/0.42.0/
  since: 2025-05-15 00:49:14.690667660 Z
  what: quantity-of-deliverables
  when: 2025-06-12 00:49:14.690630070 Z
- _id: 2
  _time: 2025-06-12 00:49:14.695376308 Z
  _version: 0.10.1/0.42.0/
  what: dimensions-of-terrain
  when: 2025-06-12 00:49:14.695479993 Z
- _id: 3
  _time: 2025-06-12 00:49:14.696794948 Z
  _version: 0.10.1/0.42.0/
  since: 2025-05-15 00:49:14.696963796 Z
  what: quality-of-service
  when: 2025-06-12 00:49:14.696897821 Z
