---
- added: 8
  cycles: 1
  deleted: 8
  inserted: 8
  seconds: 0.818938185
  version: 0.42.0
  what: judges-summary
  when: 2025-06-11 11:34:27.863005957 Z
- _id: 1
  _time: 2025-06-11 11:34:27.854543725 Z
  _version: 0.10.1/0.42.0/
  since: 2025-05-14 11:34:27.854764790 Z
  what: quality-of-service
  when: 2025-06-11 11:34:27.854725376 Z
- _id: 2
  _time: 2025-06-11 11:34:27.857206289 Z
  _version: 0.10.1/0.42.0/
  what: dimensions-of-terrain
  when: 2025-06-11 11:34:27.857364426 Z
- _id: 3
  _time: 2025-06-11 11:34:27.859205256 Z
  _version: 0.10.1/0.42.0/
  since: 2025-05-14 11:34:27.859385094 Z
  what: quantity-of-deliverables
  when: 2025-06-11 11:34:27.859338436 Z
