---
- added: 8
  cycles: 1
  deleted: 8
  inserted: 8
  seconds: 7.629503336
  version: 0.42.0
  what: judges-summary
  when: 2025-05-15 04:38:54.019248927 Z
- _id: 1
  _time: 2025-05-15 04:38:54.008679882 Z
  _version: 0.10.1/0.42.0/
  since: 2025-04-17 04:38:54.008864909 Z
  what: quantity-of-deliverables
  when: 2025-05-15 04:38:54.008828510 Z
- _id: 2
  _time: 2025-05-15 04:38:54.013736982 Z
  _version: 0.10.1/0.42.0/
  what: dimensions-of-terrain
  when: 2025-05-15 04:38:54.013851587 Z
- _id: 3
  _time: 2025-05-15 04:38:54.015195063 Z
  _version: 0.10.1/0.42.0/
  since: 2025-04-17 04:38:54.015336819 Z
  what: quality-of-service
  when: 2025-05-15 04:38:54.015303196 Z
