---
- added: 8
  cycles: 1
  deleted: 8
  inserted: 8
  seconds: 10.476297368
  version: 0.42.0
  what: judges-summary
  when: 2025-06-10 10:05:50.449334129 Z
- _id: 1
  _time: 2025-06-10 10:05:50.436272114 Z
  _version: 0.10.1/0.42.0/
  what: dimensions-of-terrain
  when: 2025-06-10 10:05:50.436434287 Z
- _id: 2
  _time: 2025-06-10 10:05:50.439864150 Z
  _version: 0.10.1/0.42.0/
  since: 2025-05-13 10:05:50.440005995 Z
  what: quality-of-service
  when: 2025-06-10 10:05:50.439972032 Z
- _id: 3
  _time: 2025-06-10 10:05:50.445560393 Z
  _version: 0.10.1/0.42.0/
  since: 2025-05-13 10:05:50.445664968 Z
  what: quantity-of-deliverables
  when: 2025-06-10 10:05:50.445642606 Z
