---
- added: 8
  cycles: 1
  deleted: 8
  inserted: 8
  seconds: 9.33383924
  version: 0.42.0
  what: judges-summary
  when: 2025-05-25 05:05:24.707766269 Z
- _id: 1
  _time: 2025-05-25 05:05:24.699880764 Z
  _version: 0.10.1/0.42.0/
  since: 2025-04-27 05:05:24.700063704 Z
  what: quality-of-service
  when: 2025-05-25 05:05:24.700026635 Z
- _id: 2
  _time: 2025-05-25 05:05:24.705501860 Z
  _version: 0.10.1/0.42.0/
  since: 2025-04-27 05:05:24.705692815 Z
  what: quantity-of-deliverables
  when: 2025-05-25 05:05:24.705666707 Z
- _id: 3
  _time: 2025-05-25 05:05:24.706819228 Z
  _version: 0.10.1/0.42.0/
  what: dimensions-of-terrain
  when: 2025-05-25 05:05:24.706892754 Z
