---
- added: 8
  cycles: 1
  deleted: 8
  inserted: 8
  seconds: 6.887498079
  version: 0.42.0
  what: judges-summary
  when: 2025-06-12 03:25:46.538569090 Z
- _id: 1
  _time: 2025-06-12 03:25:46.523978848 Z
  _version: 0.10.1/0.42.0/
  what: dimensions-of-terrain
  when: 2025-06-12 03:25:46.524126955 Z
- _id: 2
  _time: 2025-06-12 03:25:46.527320243 Z
  _version: 0.10.1/0.42.0/
  since: 2025-05-15 03:25:46.527456799 Z
  what: quality-of-service
  when: 2025-06-12 03:25:46.527424258 Z
- _id: 3
  _time: 2025-06-12 03:25:46.533823421 Z
  _version: 0.10.1/0.42.0/
  since: 2025-05-15 03:25:46.533993959 Z
  what: quantity-of-deliverables
  when: 2025-06-12 03:25:46.533953925 Z
