---
- added: 8
  cycles: 1
  deleted: 8
  inserted: 8
  seconds: 10.127105493
  version: 0.42.0
  what: judges-summary
  when: 2025-06-12 05:37:50.314093148 Z
- _id: 1
  _time: 2025-06-12 05:37:50.307884740 Z
  _version: 0.10.1/0.42.0/
  what: dimensions-of-terrain
  when: 2025-06-12 05:37:50.308040530 Z
- _id: 2
  _time: 2025-06-12 05:37:50.311302984 Z
  _version: 0.10.1/0.42.0/
  since: 2025-05-15 05:37:50.311440089 Z
  what: quality-of-service
  when: 2025-06-12 05:37:50.311406677 Z
- _id: 3
  _time: 2025-06-12 05:37:50.313175710 Z
  _version: 0.10.1/0.42.0/
  since: 2025-05-15 05:37:50.313273222 Z
  what: quantity-of-deliverables
  when: 2025-06-12 05:37:50.313250550 Z
