---
- added: 8
  cycles: 1
  deleted: 8
  inserted: 8
  seconds: 9.695700848
  version: 0.42.0
  what: judges-summary
  when: 2025-05-25 20:35:33.132114026 Z
- _id: 1
  _time: 2025-05-25 20:35:33.121260792 Z
  _version: 0.10.1/0.42.0/
  since: 2025-04-27 20:35:33.121445204 Z
  what: quality-of-service
  when: 2025-05-25 20:35:33.121407674 Z
- _id: 2
  _time: 2025-05-25 20:35:33.125615031 Z
  _version: 0.10.1/0.42.0/
  since: 2025-04-27 20:35:33.125713474 Z
  what: quantity-of-deliverables
  when: 2025-05-25 20:35:33.125690822 Z
- _id: 3
  _time: 2025-05-25 20:35:33.129893628 Z
  _version: 0.10.1/0.42.0/
  what: dimensions-of-terrain
  when: 2025-05-25 20:35:33.129985047 Z
