---
- added: 8
  cycles: 1
  deleted: 8
  inserted: 8
  seconds: 7.523810061
  version: 0.42.0
  what: judges-summary
  when: 2025-05-24 13:11:03.549686562 Z
- _id: 1
  _time: 2025-05-24 13:11:03.543986420 Z
  _version: 0.10.1/0.42.0/
  since: 2025-04-26 13:11:03.544205599 Z
  what: quality-of-service
  when: 2025-05-24 13:11:03.544138354 Z
- _id: 2
  _time: 2025-05-24 13:11:03.546556364 Z
  _version: 0.10.1/0.42.0/
  since: 2025-04-26 13:11:03.546656451 Z
  what: quantity-of-deliverables
  when: 2025-05-24 13:11:03.546633388 Z
- _id: 3
  _time: 2025-05-24 13:11:03.547724072 Z
  _version: 0.10.1/0.42.0/
  what: dimensions-of-terrain
  when: 2025-05-24 13:11:03.547798100 Z
