---
- added: 8
  cycles: 1
  deleted: 8
  inserted: 8
  seconds: 7.300137665
  version: 0.42.0
  what: judges-summary
  when: 2025-05-12 20:05:48.823151362 Z
- _id: 1
  _time: 2025-05-12 20:05:48.814885373 Z
  _version: 0.10.1/0.42.0/
  since: 2025-04-14 20:05:48.815066407 Z
  what: quality-of-service
  when: 2025-05-12 20:05:48.815029980 Z
- _id: 2
  _time: 2025-05-12 20:05:48.819925326 Z
  _version: 0.10.1/0.42.0/
  since: 2025-04-14 20:05:48.820061417 Z
  what: quantity-of-deliverables
  when: 2025-05-12 20:05:48.820003310 Z
- _id: 3
  _time: 2025-05-12 20:05:48.822242947 Z
  _version: 0.10.1/0.42.0/
  what: dimensions-of-terrain
  when: 2025-05-12 20:05:48.822318316 Z
