---
- added: 8
  cycles: 1
  deleted: 8
  inserted: 8
  seconds: 7.410691709
  version: 0.42.0
  what: judges-summary
  when: 2025-05-22 22:05:31.522801828 Z
- _id: 1
  _time: 2025-05-22 22:05:31.509738529 Z
  _version: 0.10.1/0.42.0/
  since: 2025-04-24 22:05:31.509920863 Z
  what: quantity-of-deliverables
  when: 2025-05-22 22:05:31.509884223 Z
- _id: 2
  _time: 2025-05-22 22:05:31.511447831 Z
  _version: 0.10.1/0.42.0/
  what: dimensions-of-terrain
  when: 2025-05-22 22:05:31.511548972 Z
- _id: 3
  _time: 2025-05-22 22:05:31.514034548 Z
  _version: 0.10.1/0.42.0/
  since: 2025-04-24 22:05:31.514172699 Z
  what: quality-of-service
  when: 2025-05-22 22:05:31.514140809 Z
