---
- added: 8
  cycles: 1
  deleted: 8
  inserted: 8
  seconds: 7.543796046
  version: 0.42.0
  what: judges-summary
  when: 2025-05-12 13:41:49.790250072 Z
- _id: 1
  _time: 2025-05-12 13:41:49.778672581 Z
  _version: 0.10.1/0.42.0/
  what: dimensions-of-terrain
  when: 2025-05-12 13:41:49.778826030 Z
- _id: 2
  _time: 2025-05-12 13:41:49.781703397 Z
  _version: 0.10.1/0.42.0/
  since: 2025-04-14 13:41:49.781841968 Z
  what: quality-of-service
  when: 2025-05-12 13:41:49.781809307 Z
- _id: 3
  _time: 2025-05-12 13:41:49.786660401 Z
  _version: 0.10.1/0.42.0/
  since: 2025-04-14 13:41:49.786759558 Z
  what: quantity-of-deliverables
  when: 2025-05-12 13:41:49.786736394 Z
