---
- added: 8
  cycles: 1
  deleted: 8
  inserted: 8
  seconds: 8.005029891
  version: 0.42.0
  what: judges-summary
  when: 2025-06-13 20:06:02.635352274 Z
- _id: 1
  _time: 2025-06-13 20:06:02.623876891 Z
  _version: 0.10.1/0.42.0/
  since: 2025-05-16 20:06:02.624086404 Z
  what: quality-of-service
  when: 2025-06-13 20:06:02.624041289 Z
- _id: 2
  _time: 2025-06-13 20:06:02.629932233 Z
  _version: 0.10.1/0.42.0/
  since: 2025-05-16 20:06:02.630068880 Z
  what: quantity-of-deliverables
  when: 2025-06-13 20:06:02.630009188 Z
- _id: 3
  _time: 2025-06-13 20:06:02.631146742 Z
  _version: 0.10.1/0.42.0/
  what: dimensions-of-terrain
  when: 2025-06-13 20:06:02.631221743 Z
