---
- added: 8
  cycles: 1
  deleted: 8
  inserted: 8
  seconds: 17.072641369
  version: 0.42.0
  what: judges-summary
  when: 2025-05-25 21:34:18.403347294 Z
- _id: 1
  _time: 2025-05-25 21:34:18.395604036 Z
  _version: 0.10.1/0.42.0/
  since: 2025-04-27 21:34:18.395790865 Z
  what: quality-of-service
  when: 2025-05-25 21:34:18.395752945 Z
- _id: 2
  _time: 2025-05-25 21:34:18.399293582 Z
  _version: 0.10.1/0.42.0/
  what: dimensions-of-terrain
  when: 2025-05-25 21:34:18.399371337 Z
- _id: 3
  _time: 2025-05-25 21:34:18.401714595 Z
  _version: 0.10.1/0.42.0/
  since: 2025-04-27 21:34:18.401812238 Z
  what: quantity-of-deliverables
  when: 2025-05-25 21:34:18.401789545 Z
