---
- added: 8
  cycles: 1
  deleted: 8
  inserted: 8
  seconds: 8.216589949
  version: 0.42.0
  what: judges-summary
  when: 2025-05-19 11:34:20.288999988 Z
- _id: 1
  _time: 2025-05-19 11:34:20.276398160 Z
  _version: 0.10.1/0.42.0/
  since: 2025-04-21 11:34:20.276583969 Z
  what: quality-of-service
  when: 2025-05-19 11:34:20.276546589 Z
- _id: 2
  _time: 2025-05-19 11:34:20.278926334 Z
  _version: 0.10.1/0.42.0/
  since: 2025-04-21 11:34:20.279028596 Z
  what: quantity-of-deliverables
  when: 2025-05-19 11:34:20.279005042 Z
- _id: 3
  _time: 2025-05-19 11:34:20.282932738 Z
  _version: 0.10.1/0.42.0/
  what: dimensions-of-terrain
  when: 2025-05-19 11:34:20.283065467 Z
