---
- added: 8
  cycles: 1
  deleted: 8
  inserted: 8
  seconds: 9.74785926
  version: 0.42.0
  what: judges-summary
  when: 2025-06-05 23:05:42.202080907 Z
- _id: 1
  _time: 2025-06-05 23:05:42.188263371 Z
  _version: 0.10.1/0.42.0/
  what: dimensions-of-terrain
  when: 2025-06-05 23:05:42.188434241 Z
- _id: 2
  _time: 2025-06-05 23:05:42.194848845 Z
  _version: 0.10.1/0.42.0/
  since: 2025-05-08 23:05:42.194988968 Z
  what: quality-of-service
  when: 2025-06-05 23:05:42.194955465 Z
- _id: 3
  _time: 2025-06-05 23:05:42.201158881 Z
  _version: 0.10.1/0.42.0/
  since: 2025-05-08 23:05:42.201294575 Z
  what: quantity-of-deliverables
  when: 2025-06-05 23:05:42.201267143 Z
