---
- added: 8
  cycles: 1
  deleted: 8
  inserted: 8
  seconds: 7.458971923
  version: 0.42.0
  what: judges-summary
  when: 2025-05-18 17:04:42.916041754 Z
- _id: 1
  _time: 2025-05-18 17:04:42.903260537 Z
  _version: 0.10.1/0.42.0/
  since: 2025-04-20 17:04:42.903450724 Z
  what: quantity-of-deliverables
  when: 2025-05-18 17:04:42.903410248 Z
- _id: 2
  _time: 2025-05-18 17:04:42.907077442 Z
  _version: 0.10.1/0.42.0/
  what: dimensions-of-terrain
  when: 2025-05-18 17:04:42.907179704 Z
- _id: 3
  _time: 2025-05-18 17:04:42.911322127 Z
  _version: 0.10.1/0.42.0/
  since: 2025-04-20 17:04:42.911457671 Z
  what: quality-of-service
  when: 2025-05-18 17:04:42.911425069 Z
