---
- added: 8
  cycles: 1
  deleted: 8
  inserted: 8
  seconds: 7.969739669
  version: 0.42.0
  what: judges-summary
  when: 2025-06-14 18:06:15.562865298 Z
- _id: 1
  _time: 2025-06-14 18:06:15.556174013 Z
  _version: 0.10.1/0.42.0/
  since: 2025-05-17 18:06:15.556391863 Z
  what: quality-of-service
  when: 2025-06-14 18:06:15.556325288 Z
- _id: 2
  _time: 2025-06-14 18:06:15.560794197 Z
  _version: 0.10.1/0.42.0/
  since: 2025-05-17 18:06:15.560897772 Z
  what: quantity-of-deliverables
  when: 2025-06-14 18:06:15.560873456 Z
- _id: 3
  _time: 2025-06-14 18:06:15.561959272 Z
  _version: 0.10.1/0.42.0/
  what: dimensions-of-terrain
  when: 2025-06-14 18:06:15.562035195 Z
