---
- added: 8
  cycles: 1
  deleted: 8
  inserted: 8
  seconds: 7.754150893
  version: 0.42.0
  what: judges-summary
  when: 2025-05-15 19:33:50.538703477 Z
- _id: 1
  _time: 2025-05-15 19:33:50.528276693 Z
  _version: 0.10.1/0.42.0/
  since: 2025-04-17 19:33:50.528456490 Z
  what: quantity-of-deliverables
  when: 2025-05-15 19:33:50.528418369 Z
- _id: 2
  _time: 2025-05-15 19:33:50.530792799 Z
  _version: 0.10.1/0.42.0/
  since: 2025-04-17 19:33:50.530925548 Z
  what: quality-of-service
  when: 2025-05-15 19:33:50.530893488 Z
- _id: 3
  _time: 2025-05-15 19:33:50.534984616 Z
  _version: 0.10.1/0.42.0/
  what: dimensions-of-terrain
  when: 2025-05-15 19:33:50.535077380 Z
