---
- added: 8
  cycles: 1
  deleted: 8
  inserted: 8
  seconds: 17.881698089
  version: 0.42.0
  what: judges-summary
  when: 2025-05-13 15:05:32.642422310 Z
- _id: 1
  _time: 2025-05-13 15:05:32.632667885 Z
  _version: 0.10.1/0.42.0/
  what: dimensions-of-terrain
  when: 2025-05-13 15:05:32.632817556 Z
- _id: 2
  _time: 2025-05-13 15:05:32.634923690 Z
  _version: 0.10.1/0.42.0/
  since: 2025-04-15 15:05:32.635062570 Z
  what: quantity-of-deliverables
  when: 2025-05-13 15:05:32.635028526 Z
- _id: 3
  _time: 2025-05-13 15:05:32.640101722 Z
  _version: 0.10.1/0.42.0/
  since: 2025-04-15 15:05:32.640278523 Z
  what: quality-of-service
  when: 2025-05-13 15:05:32.640207921 Z
