---
- added: 8
  cycles: 1
  deleted: 8
  inserted: 8
  seconds: 0.780101895
  version: 0.42.0
  what: judges-summary
  when: 2025-05-18 05:36:49.290589744 Z
- _id: 1
  _time: 2025-05-18 05:36:49.277708262 Z
  _version: 0.10.1/0.42.0/
  since: 2025-04-20 05:36:49.277887557 Z
  what: quantity-of-deliverables
  when: 2025-05-18 05:36:49.277849666 Z
- _id: 2
  _time: 2025-05-18 05:36:49.283098498 Z
  _version: 0.10.1/0.42.0/
  since: 2025-04-20 05:36:49.283233821 Z
  what: quality-of-service
  when: 2025-05-18 05:36:49.283202513 Z
- _id: 3
  _time: 2025-05-18 05:36:49.288377343 Z
  _version: 0.10.1/0.42.0/
  what: dimensions-of-terrain
  when: 2025-05-18 05:36:49.288451211 Z
