---
- added: 8
  cycles: 1
  deleted: 8
  inserted: 8
  seconds: 0.77246476
  version: 0.42.0
  what: judges-summary
  when: 2025-05-13 05:05:49.980692737 Z
- _id: 1
  _time: 2025-05-13 05:05:49.967994211 Z
  _version: 0.10.1/0.42.0/
  since: 2025-04-15 05:05:49.968173256 Z
  what: quantity-of-deliverables
  when: 2025-05-13 05:05:49.968135745 Z
- _id: 2
  _time: 2025-05-13 05:05:49.974734209 Z
  _version: 0.10.1/0.42.0/
  since: 2025-04-15 05:05:49.974869512 Z
  what: quality-of-service
  when: 2025-05-13 05:05:49.974836400 Z
- _id: 3
  _time: 2025-05-13 05:05:49.978863623 Z
  _version: 0.10.1/0.42.0/
  what: dimensions-of-terrain
  when: 2025-05-13 05:05:49.979003895 Z
