---
- added: 8
  cycles: 1
  deleted: 8
  inserted: 8
  seconds: 7.771650742
  version: 0.42.0
  what: judges-summary
  when: 2025-05-24 22:36:19.764931052 Z
- _id: 1
  _time: 2025-05-24 22:36:19.751251173 Z
  _version: 0.10.1/0.42.0/
  what: dimensions-of-terrain
  when: 2025-05-24 22:36:19.751403246 Z
- _id: 2
  _time: 2025-05-24 22:36:19.759393002 Z
  _version: 0.10.1/0.42.0/
  since: 2025-04-26 22:36:19.759530749 Z
  what: quantity-of-deliverables
  when: 2025-05-24 22:36:19.759497797 Z
- _id: 3
  _time: 2025-05-24 22:36:19.762723885 Z
  _version: 0.10.1/0.42.0/
  since: 2025-04-26 22:36:19.762899242 Z
  what: quality-of-service
  when: 2025-05-24 22:36:19.762864197 Z
