---
- added: 8
  cycles: 1
  deleted: 8
  inserted: 8
  seconds: 18.498248948
  version: 0.42.0
  what: judges-summary
  when: 2025-06-04 22:35:21.310761649 Z
- _id: 1
  _time: 2025-06-04 22:35:21.299200975 Z
  _version: 0.10.1/0.42.0/
  what: dimensions-of-terrain
  when: 2025-06-04 22:35:21.299349050 Z
- _id: 2
  _time: 2025-06-04 22:35:21.301654718 Z
  _version: 0.10.1/0.42.0/
  since: 2025-05-07 22:35:21.301830715 Z
  what: quality-of-service
  when: 2025-06-04 22:35:21.301794959 Z
- _id: 3
  _time: 2025-06-04 22:35:21.308598420 Z
  _version: 0.10.1/0.42.0/
  since: 2025-05-07 22:35:21.308710308 Z
  what: quantity-of-deliverables
  when: 2025-06-04 22:35:21.308686965 Z
