---
- added: 8
  cycles: 1
  deleted: 8
  inserted: 8
  seconds: 10.182189827
  version: 0.42.0
  what: judges-summary
  when: 2025-06-11 09:37:36.754545973 Z
- _id: 1
  _time: 2025-06-11 09:37:36.741722401 Z
  _version: 0.10.1/0.42.0/
  since: 2025-05-14 09:37:36.741920881 Z
  what: quantity-of-deliverables
  when: 2025-06-11 09:37:36.741881879 Z
- _id: 2
  _time: 2025-06-11 09:37:36.747912570 Z
  _version: 0.10.1/0.42.0/
  since: 2025-05-14 09:37:36.748046560 Z
  what: quality-of-service
  when: 2025-06-11 09:37:36.748014129 Z
- _id: 3
  _time: 2025-06-11 09:37:36.752988454 Z
  _version: 0.10.1/0.42.0/
  what: dimensions-of-terrain
  when: 2025-06-11 09:37:36.753065749 Z
