---
- added: 8
  cycles: 1
  deleted: 8
  inserted: 8
  seconds: 9.756223478
  version: 0.42.0
  what: judges-summary
  when: 2025-06-05 11:34:48.309904988 Z
- _id: 1
  _time: 2025-06-05 11:34:48.302856145 Z
  _version: 0.10.1/0.42.0/
  since: 2025-05-08 11:34:48.303042633 Z
  what: quality-of-service
  when: 2025-06-05 11:34:48.303004482 Z
- _id: 2
  _time: 2025-06-05 11:34:48.304668640 Z
  _version: 0.10.1/0.42.0/
  since: 2025-05-08 11:34:48.304770801 Z
  what: quantity-of-deliverables
  when: 2025-06-05 11:34:48.304747286 Z
- _id: 3
  _time: 2025-06-05 11:34:48.308986977 Z
  _version: 0.10.1/0.42.0/
  what: dimensions-of-terrain
  when: 2025-06-05 11:34:48.309064662 Z
