---
- added: 8
  cycles: 1
  deleted: 8
  inserted: 8
  seconds: 7.681610136
  version: 0.42.0
  what: judges-summary
  when: 2025-05-21 11:34:17.358349267 Z
- _id: 1
  _time: 2025-05-21 11:34:17.349313389 Z
  _version: 0.10.1/0.42.0/
  what: dimensions-of-terrain
  when: 2025-05-21 11:34:17.349459583 Z
- _id: 2
  _time: 2025-05-21 11:34:17.354839862 Z
  _version: 0.10.1/0.42.0/
  since: 2025-04-23 11:34:17.354976979 Z
  what: quality-of-service
  when: 2025-05-21 11:34:17.354943646 Z
- _id: 3
  _time: 2025-05-21 11:34:17.357410599 Z
  _version: 0.10.1/0.42.0/
  since: 2025-04-23 11:34:17.357545692 Z
  what: quantity-of-deliverables
  when: 2025-05-21 11:34:17.357519814 Z
