---
- added: 8
  cycles: 1
  deleted: 8
  inserted: 8
  seconds: 9.017503477
  version: 0.42.0
  what: judges-summary
  when: 2025-05-25 13:10:19.881295960 Z
- _id: 1
  _time: 2025-05-25 13:10:19.875340083 Z
  _version: 0.10.1/0.42.0/
  since: 2025-04-27 13:10:19.875521230 Z
  what: quantity-of-deliverables
  when: 2025-05-25 13:10:19.875483961 Z
- _id: 2
  _time: 2025-05-25 13:10:19.876918782 Z
  _version: 0.10.1/0.42.0/
  since: 2025-04-27 13:10:19.877052722 Z
  what: quality-of-service
  when: 2025-05-25 13:10:19.877019670 Z
- _id: 3
  _time: 2025-05-25 13:10:19.879409613 Z
  _version: 0.10.1/0.42.0/
  what: dimensions-of-terrain
  when: 2025-05-25 13:10:19.879486927 Z
