---
- added: 8
  cycles: 1
  deleted: 8
  inserted: 8
  seconds: 9.051182117
  version: 0.42.0
  what: judges-summary
  when: 2025-05-16 14:05:31.362398575 Z
- _id: 1
  _time: 2025-05-16 14:05:31.349452374 Z
  _version: 0.10.1/0.42.0/
  since: 2025-04-18 14:05:31.349636019 Z
  what: quality-of-service
  when: 2025-05-16 14:05:31.349598598 Z
- _id: 2
  _time: 2025-05-16 14:05:31.360108993 Z
  _version: 0.10.1/0.42.0/
  what: dimensions-of-terrain
  when: 2025-05-16 14:05:31.360187420 Z
- _id: 3
  _time: 2025-05-16 14:05:31.361467634 Z
  _version: 0.10.1/0.42.0/
  since: 2025-04-18 14:05:31.361563774 Z
  what: quantity-of-deliverables
  when: 2025-05-16 14:05:31.361541072 Z
