---
- added: 8
  cycles: 1
  deleted: 8
  inserted: 8
  seconds: 10.923774702
  version: 0.42.0
  what: judges-summary
  when: 2025-05-23 14:05:16.971970869 Z
- _id: 1
  _time: 2025-05-23 14:05:16.964187161 Z
  _version: 0.10.1/0.42.0/
  what: dimensions-of-terrain
  when: 2025-05-23 14:05:16.964332212 Z
- _id: 2
  _time: 2025-05-23 14:05:16.966461689 Z
  _version: 0.10.1/0.42.0/
  since: 2025-04-25 14:05:16.966619594 Z
  what: quantity-of-deliverables
  when: 2025-05-23 14:05:16.966586813 Z
- _id: 3
  _time: 2025-05-23 14:05:16.969936990 Z
  _version: 0.10.1/0.42.0/
  since: 2025-04-25 14:05:16.970069267 Z
  what: quality-of-service
  when: 2025-05-23 14:05:16.970036917 Z
