---
- added: 8
  cycles: 1
  deleted: 8
  inserted: 8
  seconds: 9.350592569
  version: 0.42.0
  what: judges-summary
  when: 2025-06-01 09:35:28.361482788 Z
- _id: 1
  _time: 2025-06-01 09:35:28.351773231 Z
  _version: 0.10.1/0.42.0/
  since: 2025-05-04 09:35:28.351974326 Z
  what: quantity-of-deliverables
  when: 2025-06-01 09:35:28.351919193 Z
- _id: 2
  _time: 2025-06-01 09:35:28.353124580 Z
  _version: 0.10.1/0.42.0/
  what: dimensions-of-terrain
  when: 2025-06-01 09:35:28.353227663 Z
- _id: 3
  _time: 2025-06-01 09:35:28.358946699 Z
  _version: 0.10.1/0.42.0/
  since: 2025-05-04 09:35:28.359121515 Z
  what: quality-of-service
  when: 2025-06-01 09:35:28.359088664 Z
