---
- added: 8
  cycles: 1
  deleted: 8
  inserted: 8
  seconds: 10.122395849
  version: 0.42.0
  what: judges-summary
  when: 2025-05-19 08:41:05.430858677 Z
- _id: 1
  _time: 2025-05-19 08:41:05.417728083 Z
  _version: 0.10.1/0.42.0/
  since: 2025-04-21 08:41:05.417917234 Z
  what: quantity-of-deliverables
  when: 2025-05-19 08:41:05.417879444 Z
- _id: 2
  _time: 2025-05-19 08:41:05.421950767 Z
  _version: 0.10.1/0.42.0/
  since: 2025-04-21 08:41:05.422114270 Z
  what: quality-of-service
  when: 2025-05-19 08:41:05.422078594 Z
- _id: 3
  _time: 2025-05-19 08:41:05.424897092 Z
  _version: 0.10.1/0.42.0/
  what: dimensions-of-terrain
  when: 2025-05-19 08:41:05.424973794 Z
