---
- added: 8
  cycles: 1
  deleted: 8
  inserted: 8
  seconds: 6.611113612
  version: 0.42.0
  what: judges-summary
  when: 2025-05-24 17:04:42.386693753 Z
- _id: 1
  _time: 2025-05-24 17:04:42.375739787 Z
  _version: 0.10.1/0.42.0/
  what: dimensions-of-terrain
  when: 2025-05-24 17:04:42.375888124 Z
- _id: 2
  _time: 2025-05-24 17:04:42.379077587 Z
  _version: 0.10.1/0.42.0/
  since: 2025-04-26 17:04:42.379222016 Z
  what: quality-of-service
  when: 2025-05-24 17:04:42.379186159 Z
- _id: 3
  _time: 2025-05-24 17:04:42.385011148 Z
  _version: 0.10.1/0.42.0/
  since: 2025-04-26 17:04:42.385110834 Z
  what: quantity-of-deliverables
  when: 2025-05-24 17:04:42.385087992 Z
