---
- added: 8
  cycles: 1
  deleted: 8
  inserted: 8
  seconds: 7.141689753
  version: 0.42.0
  what: judges-summary
  when: 2025-05-23 21:34:19.735925107 Z
- _id: 1
  _time: 2025-05-23 21:34:19.723885797 Z
  _version: 0.10.1/0.42.0/
  since: 2025-04-25 21:34:19.724071666 Z
  what: quality-of-service
  when: 2025-05-23 21:34:19.724034807 Z
- _id: 2
  _time: 2025-05-23 21:34:19.726677002 Z
  _version: 0.10.1/0.42.0/
  what: dimensions-of-terrain
  when: 2025-05-23 21:34:19.726753896 Z
- _id: 3
  _time: 2025-05-23 21:34:19.734076735 Z
  _version: 0.10.1/0.42.0/
  since: 2025-04-25 21:34:19.734178486 Z
  what: quantity-of-deliverables
  when: 2025-05-23 21:34:19.734155994 Z
