---
- added: 8
  cycles: 1
  deleted: 8
  inserted: 8
  seconds: 9.590013529
  version: 0.42.0
  what: judges-summary
  when: 2025-06-07 09:05:24.974714239 Z
- _id: 1
  _time: 2025-06-07 09:05:24.965376432 Z
  _version: 0.10.1/0.42.0/
  since: 2025-05-10 09:05:24.965562001 Z
  what: quantity-of-deliverables
  when: 2025-06-07 09:05:24.965523990 Z
- _id: 2
  _time: 2025-06-07 09:05:24.966978406 Z
  _version: 0.10.1/0.42.0/
  since: 2025-05-10 09:05:24.967117998 Z
  what: quality-of-service
  when: 2025-06-07 09:05:24.967083734 Z
- _id: 3
  _time: 2025-06-07 09:05:24.971226338 Z
  _version: 0.10.1/0.42.0/
  what: dimensions-of-terrain
  when: 2025-06-07 09:05:24.971310367 Z
