---
- added: 8
  cycles: 1
  deleted: 8
  inserted: 8
  seconds: 14.304483611
  version: 0.42.0
  what: judges-summary
  when: 2025-06-06 19:04:50.844441925 Z
- _id: 1
  _time: 2025-06-06 19:04:50.834091461 Z
  _version: 0.10.1/0.42.0/
  what: dimensions-of-terrain
  when: 2025-06-06 19:04:50.834255758 Z
- _id: 2
  _time: 2025-06-06 19:04:50.836402177 Z
  _version: 0.10.1/0.42.0/
  since: 2025-05-09 19:04:50.836540446 Z
  what: quantity-of-deliverables
  when: 2025-06-06 19:04:50.836506773 Z
- _id: 3
  _time: 2025-06-06 19:04:50.840647578 Z
  _version: 0.10.1/0.42.0/
  since: 2025-05-09 19:04:50.840787369 Z
  what: quality-of-service
  when: 2025-06-06 19:04:50.840753846 Z
