---
- added: 8
  cycles: 1
  deleted: 8
  inserted: 8
  seconds: 9.946855033
  version: 0.42.0
  what: judges-summary
  when: 2025-05-15 14:38:33.694447143 Z
- _id: 1
  _time: 2025-05-15 14:38:33.682092083 Z
  _version: 0.10.1/0.42.0/
  since: 2025-04-17 14:38:33.682298280 Z
  what: quality-of-service
  when: 2025-05-15 14:38:33.682261491 Z
- _id: 2
  _time: 2025-05-15 14:38:33.689890741 Z
  _version: 0.10.1/0.42.0/
  what: dimensions-of-terrain
  when: 2025-05-15 14:38:33.690024893 Z
- _id: 3
  _time: 2025-05-15 14:38:33.692603814 Z
  _version: 0.10.1/0.42.0/
  since: 2025-04-17 14:38:33.692699954 Z
  what: quantity-of-deliverables
  when: 2025-05-15 14:38:33.692677563 Z
