---
- added: 8
  cycles: 1
  deleted: 8
  inserted: 8
  seconds: 10.164604586
  version: 0.42.0
  what: judges-summary
  when: 2025-05-22 09:05:49.408556821 Z
- _id: 1
  _time: 2025-05-22 09:05:49.396105380 Z
  _version: 0.10.1/0.42.0/
  since: 2025-04-24 09:05:49.396296157 Z
  what: quantity-of-deliverables
  when: 2025-05-22 09:05:49.396258236 Z
- _id: 2
  _time: 2025-05-22 09:05:49.404955124 Z
  _version: 0.10.1/0.42.0/
  since: 2025-04-24 09:05:49.405144718 Z
  what: quality-of-service
  when: 2025-05-22 09:05:49.405110735 Z
- _id: 3
  _time: 2025-05-22 09:05:49.407608336 Z
  _version: 0.10.1/0.42.0/
  what: dimensions-of-terrain
  when: 2025-05-22 09:05:49.407688306 Z
