---
- added: 8
  cycles: 1
  deleted: 8
  inserted: 8
  seconds: 7.588916639
  version: 0.42.0
  what: judges-summary
  when: 2025-06-10 22:37:40.514834294 Z
- _id: 1
  _time: 2025-06-10 22:37:40.508684563 Z
  _version: 0.10.1/0.42.0/
  since: 2025-05-13 22:37:40.508988181 Z
  what: quantity-of-deliverables
  when: 2025-06-10 22:37:40.508919823 Z
- _id: 2
  _time: 2025-06-10 22:37:40.512274278 Z
  _version: 0.10.1/0.42.0/
  since: 2025-05-13 22:37:40.512410693 Z
  what: quality-of-service
  when: 2025-06-10 22:37:40.512376850 Z
- _id: 3
  _time: 2025-06-10 22:37:40.513955177 Z
  _version: 0.10.1/0.42.0/
  what: dimensions-of-terrain
  when: 2025-06-10 22:37:40.514029777 Z
