---
- added: 8
  cycles: 1
  deleted: 8
  inserted: 8
  seconds: 8.236103163
  version: 0.42.0
  what: judges-summary
  when: 2025-06-01 07:34:27.748396261 Z
- _id: 1
  _time: 2025-06-01 07:34:27.743377957 Z
  _version: 0.10.1/0.42.0/
  since: 2025-05-04 07:34:27.743683309 Z
  what: quantity-of-deliverables
  when: 2025-06-01 07:34:27.743639848 Z
- _id: 2
  _time: 2025-06-01 07:34:27.745015230 Z
  _version: 0.10.1/0.42.0/
  since: 2025-05-04 07:34:27.745149181 Z
  what: quality-of-service
  when: 2025-06-01 07:34:27.745115889 Z
- _id: 3
  _time: 2025-06-01 07:34:27.746575302 Z
  _version: 0.10.1/0.42.0/
  what: dimensions-of-terrain
  when: 2025-06-01 07:34:27.746650883 Z
