---
- added: 8
  cycles: 1
  deleted: 8
  inserted: 8
  seconds: 10.036660093
  version: 0.42.0
  what: judges-summary
  when: 2025-06-09 04:12:38.213760570 Z
- _id: 1
  _time: 2025-06-09 04:12:38.203467838 Z
  _version: 0.10.1/0.42.0/
  what: dimensions-of-terrain
  when: 2025-06-09 04:12:38.203664945 Z
- _id: 2
  _time: 2025-06-09 04:12:38.208575886 Z
  _version: 0.10.1/0.42.0/
  since: 2025-05-12 04:12:38.208837092 Z
  what: quality-of-service
  when: 2025-06-09 04:12:38.208749279 Z
- _id: 3
  _time: 2025-06-09 04:12:38.212837591 Z
  _version: 0.10.1/0.42.0/
  since: 2025-05-12 04:12:38.212938529 Z
  what: quantity-of-deliverables
  when: 2025-06-09 04:12:38.212915346 Z
