---
- added: 8
  cycles: 1
  deleted: 8
  inserted: 8
  seconds: 7.406526452
  version: 0.42.0
  what: judges-summary
  when: 2025-06-08 15:36:42.518351032 Z
- _id: 1
  _time: 2025-06-08 15:36:42.512377769 Z
  _version: 0.10.1/0.42.0/
  since: 2025-05-11 15:36:42.512560540 Z
  what: quantity-of-deliverables
  when: 2025-06-08 15:36:42.512524202 Z
- _id: 2
  _time: 2025-06-08 15:36:42.514587393 Z
  _version: 0.10.1/0.42.0/
  what: dimensions-of-terrain
  when: 2025-06-08 15:36:42.514690505 Z
- _id: 3
  _time: 2025-06-08 15:36:42.517060720 Z
  _version: 0.10.1/0.42.0/
  since: 2025-05-11 15:36:42.517192385 Z
  what: quality-of-service
  when: 2025-06-08 15:36:42.517160987 Z
