---
- added: 8
  cycles: 1
  deleted: 8
  inserted: 8
  seconds: 18.025885603
  version: 0.42.0
  what: judges-summary
  when: 2025-05-20 09:37:24.616944690 Z
- _id: 1
  _time: 2025-05-20 09:37:24.603549866 Z
  _version: 0.10.1/0.42.0/
  since: 2025-04-22 09:37:24.603734402 Z
  what: quantity-of-deliverables
  when: 2025-05-20 09:37:24.603697372 Z
- _id: 2
  _time: 2025-05-20 09:37:24.609605241 Z
  _version: 0.10.1/0.42.0/
  since: 2025-04-22 09:37:24.609740585 Z
  what: quality-of-service
  when: 2025-05-20 09:37:24.609708134 Z
- _id: 3
  _time: 2025-05-20 09:37:24.614131203 Z
  _version: 0.10.1/0.42.0/
  what: dimensions-of-terrain
  when: 2025-05-20 09:37:24.614248072 Z
