---
- added: 8
  cycles: 1
  deleted: 8
  inserted: 8
  seconds: 9.825323715
  version: 0.42.0
  what: judges-summary
  when: 2025-05-12 11:34:28.873652768 Z
- _id: 1
  _time: 2025-05-12 11:34:28.858904286 Z
  _version: 0.10.1/0.42.0/
  what: dimensions-of-terrain
  when: 2025-05-12 11:34:28.859062641 Z
- _id: 2
  _time: 2025-05-12 11:34:28.866499371 Z
  _version: 0.10.1/0.42.0/
  since: 2025-04-14 11:34:28.866664609 Z
  what: quantity-of-deliverables
  when: 2025-05-12 11:34:28.866625977 Z
- _id: 3
  _time: 2025-05-12 11:34:28.871071907 Z
  _version: 0.10.1/0.42.0/
  since: 2025-04-14 11:34:28.871215765 Z
  what: quality-of-service
  when: 2025-05-12 11:34:28.871182383 Z
