---
- added: 8
  cycles: 1
  deleted: 8
  inserted: 8
  seconds: 9.845704264
  version: 0.42.0
  what: judges-summary
  when: 2025-06-02 06:07:34.144825798 Z
- _id: 1
  _time: 2025-06-02 06:07:34.132013756 Z
  _version: 0.10.1/0.42.0/
  since: 2025-05-05 06:07:34.132198605 Z
  what: quantity-of-deliverables
  when: 2025-06-02 06:07:34.132161084 Z
- _id: 2
  _time: 2025-06-02 06:07:34.136406391 Z
  _version: 0.10.1/0.42.0/
  what: dimensions-of-terrain
  when: 2025-06-02 06:07:34.136508874 Z
- _id: 3
  _time: 2025-06-02 06:07:34.140770073 Z
  _version: 0.10.1/0.42.0/
  since: 2025-05-05 06:07:34.140905930 Z
  what: quality-of-service
  when: 2025-06-02 06:07:34.140873779 Z
