---
- added: 8
  cycles: 1
  deleted: 8
  inserted: 8
  seconds: 7.257543029
  version: 0.42.0
  what: judges-summary
  when: 2025-05-22 01:33:13.004800416 Z
- _id: 1
  _time: 2025-05-22 01:33:12.991423920 Z
  _version: 0.10.1/0.42.0/
  what: dimensions-of-terrain
  when: 2025-05-22 01:33:12.991573057 Z
- _id: 2
  _time: 2025-05-22 01:33:12.996542756 Z
  _version: 0.10.1/0.42.0/
  since: 2025-04-24 01:33:12.996682667 Z
  what: quality-of-service
  when: 2025-05-22 01:33:12.996648543 Z
- _id: 3
  _time: 2025-05-22 01:33:12.999748488 Z
  _version: 0.10.1/0.42.0/
  since: 2025-04-24 01:33:12.999847853 Z
  what: quantity-of-deliverables
  when: 2025-05-22 01:33:12.999824229 Z
