---
- added: 8
  cycles: 1
  deleted: 8
  inserted: 8
  seconds: 13.42656049
  version: 0.42.0
  what: judges-summary
  when: 2025-05-27 19:04:52.039031674 Z
- _id: 1
  _time: 2025-05-27 19:04:52.031046013 Z
  _version: 0.10.1/0.42.0/
  since: 2025-04-29 19:04:52.031239104 Z
  what: quantity-of-deliverables
  when: 2025-05-27 19:04:52.031201253 Z
- _id: 2
  _time: 2025-05-27 19:04:52.032331287 Z
  _version: 0.10.1/0.42.0/
  what: dimensions-of-terrain
  when: 2025-05-27 19:04:52.032468734 Z
- _id: 3
  _time: 2025-05-27 19:04:52.035704494 Z
  _version: 0.10.1/0.42.0/
  since: 2025-04-29 19:04:52.035852561 Z
  what: quality-of-service
  when: 2025-05-27 19:04:52.035819248 Z
