---
- added: 8
  cycles: 1
  deleted: 8
  inserted: 8
  seconds: 9.654003477
  version: 0.42.0
  what: judges-summary
  when: 2025-06-14 00:49:13.530556056 Z
- _id: 1
  _time: 2025-06-14 00:49:13.516942658 Z
  _version: 0.10.1/0.42.0/
  since: 2025-05-17 00:49:13.517125152 Z
  what: quantity-of-deliverables
  when: 2025-06-14 00:49:13.517086910 Z
- _id: 2
  _time: 2025-06-14 00:49:13.522083890 Z
  _version: 0.10.1/0.42.0/
  what: dimensions-of-terrain
  when: 2025-06-14 00:49:13.522186593 Z
- _id: 3
  _time: 2025-06-14 00:49:13.527961356 Z
  _version: 0.10.1/0.42.0/
  since: 2025-05-17 00:49:13.528096280 Z
  what: quality-of-service
  when: 2025-06-14 00:49:13.528063889 Z
