---
- added: 8
  cycles: 1
  deleted: 8
  inserted: 8
  seconds: 13.217830981
  version: 0.42.0
  what: judges-summary
  when: 2025-05-23 04:39:00.206804282 Z
- _id: 1
  _time: 2025-05-23 04:39:00.197593105 Z
  _version: 0.10.1/0.42.0/
  since: 2025-04-25 04:39:00.197772962 Z
  what: quality-of-service
  when: 2025-05-23 04:39:00.197736945 Z
- _id: 2
  _time: 2025-05-23 04:39:00.201680610 Z
  _version: 0.10.1/0.42.0/
  since: 2025-04-25 04:39:00.201778763 Z
  what: quantity-of-deliverables
  when: 2025-05-23 04:39:00.201755901 Z
- _id: 3
  _time: 2025-05-23 04:39:00.205815669 Z
  _version: 0.10.1/0.42.0/
  what: dimensions-of-terrain
  when: 2025-05-23 04:39:00.205928771 Z
