---
- added: 8
  cycles: 1
  deleted: 8
  inserted: 8
  seconds: 9.44329678
  version: 0.42.0
  what: judges-summary
  when: 2025-05-17 09:34:50.402374996 Z
- _id: 1
  _time: 2025-05-17 09:34:50.391547148 Z
  _version: 0.10.1/0.42.0/
  what: dimensions-of-terrain
  when: 2025-05-17 09:34:50.391735117 Z
- _id: 2
  _time: 2025-05-17 09:34:50.393855398 Z
  _version: 0.10.1/0.42.0/
  since: 2025-04-19 09:34:50.394030263 Z
  what: quantity-of-deliverables
  when: 2025-05-17 09:34:50.393991561 Z
- _id: 3
  _time: 2025-05-17 09:34:50.397117778 Z
  _version: 0.10.1/0.42.0/
  since: 2025-04-19 09:34:50.397347534 Z
  what: quality-of-service
  when: 2025-05-17 09:34:50.397290819 Z
