---
- added: 8
  cycles: 1
  deleted: 8
  inserted: 8
  seconds: 8.419706398
  version: 0.42.0
  what: judges-summary
  when: 2025-06-11 06:07:28.461349223 Z
- _id: 1
  _time: 2025-06-11 06:07:28.448198480 Z
  _version: 0.10.1/0.42.0/
  what: dimensions-of-terrain
  when: 2025-06-11 06:07:28.448351277 Z
- _id: 2
  _time: 2025-06-11 06:07:28.455084219 Z
  _version: 0.10.1/0.42.0/
  since: 2025-05-14 06:07:28.455253697 Z
  what: quantity-of-deliverables
  when: 2025-06-11 06:07:28.455219624 Z
- _id: 3
  _time: 2025-06-11 06:07:28.459823019 Z
  _version: 0.10.1/0.42.0/
  since: 2025-05-14 06:07:28.459994591 Z
  what: quality-of-service
  when: 2025-06-11 06:07:28.459954626 Z
