---
- added: 8
  cycles: 1
  deleted: 8
  inserted: 8
  seconds: 8.850780949
  version: 0.42.0
  what: judges-summary
  when: 2025-05-15 10:05:56.585955169 Z
- _id: 1
  _time: 2025-05-15 10:05:56.578278317 Z
  _version: 0.10.1/0.42.0/
  what: dimensions-of-terrain
  when: 2025-05-15 10:05:56.578427866 Z
- _id: 2
  _time: 2025-05-15 10:05:56.581461984 Z
  _version: 0.10.1/0.42.0/
  since: 2025-04-17 10:05:56.581599249 Z
  what: quality-of-service
  when: 2025-05-15 10:05:56.581565236 Z
- _id: 3
  _time: 2025-05-15 10:05:56.583268547 Z
  _version: 0.10.1/0.42.0/
  since: 2025-04-17 10:05:56.583366329 Z
  what: quantity-of-deliverables
  when: 2025-05-15 10:05:56.583343447 Z
