---
- added: 8
  cycles: 1
  deleted: 8
  inserted: 8
  seconds: 18.423012481
  version: 0.42.0
  what: judges-summary
  when: 2025-06-12 12:46:52.708554800 Z
- _id: 1
  _time: 2025-06-12 12:46:52.695050758 Z
  _version: 0.10.1/0.42.0/
  what: dimensions-of-terrain
  when: 2025-06-12 12:46:52.695200759 Z
- _id: 2
  _time: 2025-06-12 12:46:52.700051317 Z
  _version: 0.10.1/0.42.0/
  since: 2025-05-15 12:46:52.700313118 Z
  what: quantity-of-deliverables
  when: 2025-06-12 12:46:52.700226245 Z
- _id: 3
  _time: 2025-06-12 12:46:52.704752005 Z
  _version: 0.10.1/0.42.0/
  since: 2025-05-15 12:46:52.706732606 Z
  what: quality-of-service
  when: 2025-06-12 12:46:52.706565923 Z
