---
- added: 8
  cycles: 1
  deleted: 8
  inserted: 8
  seconds: 7.682750324
  version: 0.42.0
  what: judges-summary
  when: 2025-05-31 17:04:38.552845750 Z
- _id: 1
  _time: 2025-05-31 17:04:38.543098354 Z
  _version: 0.10.1/0.42.0/
  since: 2025-05-03 17:04:38.543279863 Z
  what: quality-of-service
  when: 2025-05-31 17:04:38.543242523 Z
- _id: 2
  _time: 2025-05-31 17:04:38.545593703 Z
  _version: 0.10.1/0.42.0/
  since: 2025-05-03 17:04:38.545693599 Z
  what: quantity-of-deliverables
  when: 2025-05-31 17:04:38.545670686 Z
- _id: 3
  _time: 2025-05-31 17:04:38.551901650 Z
  _version: 0.10.1/0.42.0/
  what: dimensions-of-terrain
  when: 2025-05-31 17:04:38.552008088 Z
