---
- added: 8
  cycles: 1
  deleted: 8
  inserted: 8
  seconds: 8.03088872
  version: 0.42.0
  what: judges-summary
  when: 2025-05-23 06:07:13.845037907 Z
- _id: 1
  _time: 2025-05-23 06:07:13.833086437 Z
  _version: 0.10.1/0.42.0/
  since: 2025-04-25 06:07:13.833277584 Z
  what: quality-of-service
  when: 2025-05-23 06:07:13.833238701 Z
- _id: 2
  _time: 2025-05-23 06:07:13.840258029 Z
  _version: 0.10.1/0.42.0/
  since: 2025-04-25 06:07:13.840363195 Z
  what: quantity-of-deliverables
  when: 2025-05-23 06:07:13.840338900 Z
- _id: 3
  _time: 2025-05-23 06:07:13.841467175 Z
  _version: 0.10.1/0.42.0/
  what: dimensions-of-terrain
  when: 2025-05-23 06:07:13.841543878 Z
