---
- added: 8
  cycles: 1
  deleted: 8
  inserted: 8
  seconds: 7.762554247
  version: 0.42.0
  what: judges-summary
  when: 2025-06-14 22:36:56.419722937 Z
- _id: 1
  _time: 2025-06-14 22:36:56.407116656 Z
  _version: 0.10.1/0.42.0/
  since: 2025-05-17 22:36:56.407302393 Z
  what: quantity-of-deliverables
  when: 2025-06-14 22:36:56.407262208 Z
- _id: 2
  _time: 2025-06-14 22:36:56.417270142 Z
  _version: 0.10.1/0.42.0/
  since: 2025-05-17 22:36:56.417411185 Z
  what: quality-of-service
  when: 2025-06-14 22:36:56.417376671 Z
- _id: 3
  _time: 2025-06-14 22:36:56.418842129 Z
  _version: 0.10.1/0.42.0/
  what: dimensions-of-terrain
  when: 2025-06-14 22:36:56.418923191 Z
