---
- added: 8
  cycles: 1
  deleted: 8
  inserted: 8
  seconds: 17.622441574
  version: 0.42.0
  what: judges-summary
  when: 2025-05-12 11:05:12.279462669 Z
- _id: 1
  _time: 2025-05-12 11:05:12.270705854 Z
  _version: 0.10.1/0.42.0/
  since: 2025-04-14 11:05:12.270892042 Z
  what: quality-of-service
  when: 2025-05-12 11:05:12.270854151 Z
- _id: 2
  _time: 2025-05-12 11:05:12.275218256 Z
  _version: 0.10.1/0.42.0/
  since: 2025-04-14 11:05:12.275318923 Z
  what: quantity-of-deliverables
  when: 2025-05-12 11:05:12.275295259 Z
- _id: 3
  _time: 2025-05-12 11:05:12.276380988 Z
  _version: 0.10.1/0.42.0/
  what: dimensions-of-terrain
  when: 2025-05-12 11:05:12.276456539 Z
