---
- added: 8
  cycles: 1
  deleted: 8
  inserted: 8
  seconds: 7.190874884
  version: 0.42.0
  what: judges-summary
  when: 2025-05-13 23:05:13.110348113 Z
- _id: 1
  _time: 2025-05-13 23:05:13.102787482 Z
  _version: 0.10.1/0.42.0/
  what: dimensions-of-terrain
  when: 2025-05-13 23:05:13.102940801 Z
- _id: 2
  _time: 2025-05-13 23:05:13.105379998 Z
  _version: 0.10.1/0.42.0/
  since: 2025-04-15 23:05:13.105519411 Z
  what: quality-of-service
  when: 2025-05-13 23:05:13.105485687 Z
- _id: 3
  _time: 2025-05-13 23:05:13.109428072 Z
  _version: 0.10.1/0.42.0/
  since: 2025-04-15 23:05:13.109526968 Z
  what: quantity-of-deliverables
  when: 2025-05-13 23:05:13.109503825 Z
