---
- added: 8
  cycles: 1
  deleted: 8
  inserted: 8
  seconds: 6.994200414
  version: 0.42.0
  what: judges-summary
  when: 2025-05-12 21:34:58.870010242 Z
- _id: 1
  _time: 2025-05-12 21:34:58.856644559 Z
  _version: 0.10.1/0.42.0/
  since: 2025-04-14 21:34:58.856827404 Z
  what: quantity-of-deliverables
  when: 2025-05-12 21:34:58.856789412 Z
- _id: 2
  _time: 2025-05-12 21:34:58.859246837 Z
  _version: 0.10.1/0.42.0/
  since: 2025-04-14 21:34:58.859381119 Z
  what: quality-of-service
  when: 2025-05-12 21:34:58.859349811 Z
- _id: 3
  _time: 2025-05-12 21:34:58.866574739 Z
  _version: 0.10.1/0.42.0/
  what: dimensions-of-terrain
  when: 2025-05-12 21:34:58.866659379 Z
