---
- added: 8
  cycles: 1
  deleted: 8
  inserted: 8
  seconds: 8.345271157
  version: 0.42.0
  what: judges-summary
  when: 2025-05-29 23:34:34.737941490 Z
- _id: 1
  _time: 2025-05-29 23:34:34.726389169 Z
  _version: 0.10.1/0.42.0/
  since: 2025-05-01 23:34:34.726599293 Z
  what: quality-of-service
  when: 2025-05-29 23:34:34.726560050 Z
- _id: 2
  _time: 2025-05-29 23:34:34.728858088 Z
  _version: 0.10.1/0.42.0/
  since: 2025-05-01 23:34:34.728956973 Z
  what: quantity-of-deliverables
  when: 2025-05-29 23:34:34.728933800 Z
- _id: 3
  _time: 2025-05-29 23:34:34.737035011 Z
  _version: 0.10.1/0.42.0/
  what: dimensions-of-terrain
  when: 2025-05-29 23:34:34.737112586 Z
