---
- added: 8
  cycles: 1
  deleted: 8
  inserted: 8
  seconds: 7.616080186
  version: 0.42.0
  what: judges-summary
  when: 2025-06-12 11:34:39.453855765 Z
- _id: 1
  _time: 2025-06-12 11:34:39.440764674 Z
  _version: 0.10.1/0.42.0/
  since: 2025-05-15 11:34:39.440943678 Z
  what: quantity-of-deliverables
  when: 2025-06-12 11:34:39.440904485 Z
- _id: 2
  _time: 2025-06-12 11:34:39.445291823 Z
  _version: 0.10.1/0.42.0/
  what: dimensions-of-terrain
  when: 2025-06-12 11:34:39.445394796 Z
- _id: 3
  _time: 2025-06-12 11:34:39.448938001 Z
  _version: 0.10.1/0.42.0/
  since: 2025-05-15 11:34:39.449105133 Z
  what: quality-of-service
  when: 2025-06-12 11:34:39.449044540 Z
