---
- added: 8
  cycles: 1
  deleted: 8
  inserted: 8
  seconds: 7.702397386
  version: 0.42.0
  what: judges-summary
  when: 2025-06-06 12:46:30.437285801 Z
- _id: 1
  _time: 2025-06-06 12:46:30.428901750 Z
  _version: 0.10.1/0.42.0/
  since: 2025-05-09 12:46:30.429083239 Z
  what: quantity-of-deliverables
  when: 2025-06-06 12:46:30.429046600 Z
- _id: 2
  _time: 2025-06-06 12:46:30.432431778 Z
  _version: 0.10.1/0.42.0/
  since: 2025-05-09 12:46:30.432717211 Z
  what: quality-of-service
  when: 2025-06-06 12:46:30.432644265 Z
- _id: 3
  _time: 2025-06-06 12:46:30.434472938 Z
  _version: 0.10.1/0.42.0/
  what: dimensions-of-terrain
  when: 2025-06-06 12:46:30.434599785 Z
