---
- added: 8
  cycles: 1
  deleted: 8
  inserted: 8
  seconds: 7.700686073
  version: 0.42.0
  what: judges-summary
  when: 2025-05-17 18:39:06.483731934 Z
- _id: 1
  _time: 2025-05-17 18:39:06.472307863 Z
  _version: 0.10.1/0.42.0/
  what: dimensions-of-terrain
  when: 2025-05-17 18:39:06.472489983 Z
- _id: 2
  _time: 2025-05-17 18:39:06.480231051 Z
  _version: 0.10.1/0.42.0/
  since: 2025-04-19 18:39:06.480371894 Z
  what: quantity-of-deliverables
  when: 2025-05-17 18:39:06.480338442 Z
- _id: 3
  _time: 2025-05-17 18:39:06.482370720 Z
  _version: 0.10.1/0.42.0/
  since: 2025-04-19 18:39:06.482568329 Z
  what: quality-of-service
  when: 2025-05-17 18:39:06.482521722 Z
