---
- added: 8
  cycles: 1
  deleted: 8
  inserted: 8
  seconds: 9.838625494
  version: 0.42.0
  what: judges-summary
  when: 2025-05-12 23:34:35.858145660 Z
- _id: 1
  _time: 2025-05-12 23:34:35.850299861 Z
  _version: 0.10.1/0.42.0/
  since: 2025-04-14 23:34:35.850479535 Z
  what: quantity-of-deliverables
  when: 2025-05-12 23:34:35.850443057 Z
- _id: 2
  _time: 2025-05-12 23:34:35.852672089 Z
  _version: 0.10.1/0.42.0/
  what: dimensions-of-terrain
  when: 2025-05-12 23:34:35.852784748 Z
- _id: 3
  _time: 2025-05-12 23:34:35.856829018 Z
  _version: 0.10.1/0.42.0/
  since: 2025-04-14 23:34:35.856963688 Z
  what: quality-of-service
  when: 2025-05-12 23:34:35.856931007 Z
