---
- added: 8
  cycles: 1
  deleted: 8
  inserted: 8
  seconds: 7.685151386
  version: 0.42.0
  what: judges-summary
  when: 2025-06-05 03:47:36.012816164 Z
- _id: 1
  _time: 2025-06-05 03:47:36.007860439 Z
  _version: 0.10.1/0.42.0/
  since: 2025-05-08 03:47:36.008201699 Z
  what: quantity-of-deliverables
  when: 2025-06-05 03:47:36.008117802 Z
- _id: 2
  _time: 2025-06-05 03:47:36.010386900 Z
  _version: 0.10.1/0.42.0/
  since: 2025-05-08 03:47:36.010516783 Z
  what: quality-of-service
  when: 2025-06-05 03:47:36.010485355 Z
- _id: 3
  _time: 2025-06-05 03:47:36.011966394 Z
  _version: 0.10.1/0.42.0/
  what: dimensions-of-terrain
  when: 2025-06-05 03:47:36.012039380 Z
