---
- added: 8
  cycles: 1
  deleted: 8
  inserted: 8
  seconds: 8.055764117
  version: 0.42.0
  what: judges-summary
  when: 2025-05-30 14:38:11.764942652 Z
- _id: 1
  _time: 2025-05-30 14:38:11.754836438 Z
  _version: 0.10.1/0.42.0/
  since: 2025-05-02 14:38:11.755043544 Z
  what: quantity-of-deliverables
  when: 2025-05-30 14:38:11.755000854 Z
- _id: 2
  _time: 2025-05-30 14:38:11.756307809 Z
  _version: 0.10.1/0.42.0/
  since: 2025-05-02 14:38:11.756443612 Z
  what: quality-of-service
  when: 2025-05-30 14:38:11.756409668 Z
- _id: 3
  _time: 2025-05-30 14:38:11.762212597 Z
  _version: 0.10.1/0.42.0/
  what: dimensions-of-terrain
  when: 2025-05-30 14:38:11.762291574 Z
