---
- added: 8
  cycles: 1
  deleted: 8
  inserted: 8
  seconds: 7.457083567
  version: 0.42.0
  what: judges-summary
  when: 2025-06-14 02:34:25.002704399 Z
- _id: 1
  _time: 2025-06-14 02:34:24.990189495 Z
  _version: 0.10.1/0.42.0/
  since: 2025-05-17 02:34:24.990380613 Z
  what: quality-of-service
  when: 2025-06-14 02:34:24.990343393 Z
- _id: 2
  _time: 2025-06-14 02:34:24.996638240 Z
  _version: 0.10.1/0.42.0/
  since: 2025-05-17 02:34:24.996831333 Z
  what: quantity-of-deliverables
  when: 2025-06-14 02:34:24.996765459 Z
- _id: 3
  _time: 2025-06-14 02:34:24.998725443 Z
  _version: 0.10.1/0.42.0/
  what: dimensions-of-terrain
  when: 2025-06-14 02:34:24.998834437 Z
