---
- added: 8
  cycles: 1
  deleted: 8
  inserted: 8
  seconds: 10.225359656
  version: 0.42.0
  what: judges-summary
  when: 2025-05-21 12:46:37.598194939 Z
- _id: 1
  _time: 2025-05-21 12:46:37.586570548 Z
  _version: 0.10.1/0.42.0/
  since: 2025-04-23 12:46:37.586784748 Z
  what: quality-of-service
  when: 2025-05-21 12:46:37.586747228 Z
- _id: 2
  _time: 2025-05-21 12:46:37.589262952 Z
  _version: 0.10.1/0.42.0/
  what: dimensions-of-terrain
  when: 2025-05-21 12:46:37.589338072 Z
- _id: 3
  _time: 2025-05-21 12:46:37.597323914 Z
  _version: 0.10.1/0.42.0/
  since: 2025-04-23 12:46:37.597421556 Z
  what: quantity-of-deliverables
  when: 2025-05-21 12:46:37.597399124 Z
