---
- added: 8
  cycles: 1
  deleted: 8
  inserted: 8
  seconds: 10.122430778
  version: 0.42.0
  what: judges-summary
  when: 2025-06-07 15:04:49.435164836 Z
- _id: 1
  _time: 2025-06-07 15:04:49.420845177 Z
  _version: 0.10.1/0.42.0/
  what: dimensions-of-terrain
  when: 2025-06-07 15:04:49.420994877 Z
- _id: 2
  _time: 2025-06-07 15:04:49.429287699 Z
  _version: 0.10.1/0.42.0/
  since: 2025-05-10 15:04:49.429554208 Z
  what: quality-of-service
  when: 2025-06-07 15:04:49.429495879 Z
- _id: 3
  _time: 2025-06-07 15:04:49.431905755 Z
  _version: 0.10.1/0.42.0/
  since: 2025-05-10 15:04:49.432003639 Z
  what: quantity-of-deliverables
  when: 2025-06-07 15:04:49.431981036 Z
