---
- added: 8
  cycles: 1
  deleted: 8
  inserted: 8
  seconds: 7.821391706
  version: 0.42.0
  what: judges-summary
  when: 2025-06-12 06:07:38.622371595 Z
- _id: 1
  _time: 2025-06-12 06:07:38.612677098 Z
  _version: 0.10.1/0.42.0/
  since: 2025-05-15 06:07:38.612855712 Z
  what: quantity-of-deliverables
  when: 2025-06-12 06:07:38.612819194 Z
- _id: 2
  _time: 2025-06-12 06:07:38.614462872 Z
  _version: 0.10.1/0.42.0/
  what: dimensions-of-terrain
  when: 2025-06-12 06:07:38.614565394 Z
- _id: 3
  _time: 2025-06-12 06:07:38.621081556 Z
  _version: 0.10.1/0.42.0/
  since: 2025-05-15 06:07:38.621222249 Z
  what: quality-of-service
  when: 2025-06-12 06:07:38.621188746 Z
