---
- added: 8
  cycles: 1
  deleted: 8
  inserted: 8
  seconds: 9.513078061
  version: 0.42.0
  what: judges-summary
  when: 2025-06-08 06:41:14.897772368 Z
- _id: 1
  _time: 2025-06-08 06:41:14.889181165 Z
  _version: 0.10.1/0.42.0/
  since: 2025-05-11 06:41:14.889360478 Z
  what: quantity-of-deliverables
  when: 2025-06-08 06:41:14.889323790 Z
- _id: 2
  _time: 2025-06-08 06:41:14.893628707 Z
  _version: 0.10.1/0.42.0/
  since: 2025-05-11 06:41:14.893771352 Z
  what: quality-of-service
  when: 2025-06-08 06:41:14.893739032 Z
- _id: 3
  _time: 2025-06-08 06:41:14.895298546 Z
  _version: 0.10.1/0.42.0/
  what: dimensions-of-terrain
  when: 2025-06-08 06:41:14.895374476 Z
