---
- added: 8
  cycles: 1
  deleted: 8
  inserted: 8
  seconds: 8.194115375
  version: 0.42.0
  what: judges-summary
  when: 2025-06-13 08:07:08.883808534 Z
- _id: 1
  _time: 2025-06-13 08:07:08.870731418 Z
  _version: 0.10.1/0.42.0/
  what: dimensions-of-terrain
  when: 2025-06-13 08:07:08.870878743 Z
- _id: 2
  _time: 2025-06-13 08:07:08.879935997 Z
  _version: 0.10.1/0.42.0/
  since: 2025-05-16 08:07:08.880131903 Z
  what: quality-of-service
  when: 2025-06-13 08:07:08.880085065 Z
- _id: 3
  _time: 2025-06-13 08:07:08.881816266 Z
  _version: 0.10.1/0.42.0/
  since: 2025-05-16 08:07:08.881954804 Z
  what: quantity-of-deliverables
  when: 2025-06-13 08:07:08.881920731 Z
