---
- added: 8
  cycles: 1
  deleted: 8
  inserted: 8
  seconds: 9.577311083
  version: 0.42.0
  what: judges-summary
  when: 2025-06-08 21:34:12.691594897 Z
- _id: 1
  _time: 2025-06-08 21:34:12.678767484 Z
  _version: 0.10.1/0.42.0/
  since: 2025-05-11 21:34:12.678949256 Z
  what: quantity-of-deliverables
  when: 2025-06-08 21:34:12.678912818 Z
- _id: 2
  _time: 2025-06-08 21:34:12.688059068 Z
  _version: 0.10.1/0.42.0/
  what: dimensions-of-terrain
  when: 2025-06-08 21:34:12.688201796 Z
- _id: 3
  _time: 2025-06-08 21:34:12.689598453 Z
  _version: 0.10.1/0.42.0/
  since: 2025-05-11 21:34:12.689729740 Z
  what: quality-of-service
  when: 2025-06-08 21:34:12.689698631 Z
