---
- added: 8
  cycles: 1
  deleted: 8
  inserted: 8
  seconds: 7.906360416
  version: 0.42.0
  what: judges-summary
  when: 2025-06-02 13:41:51.691091991 Z
- _id: 1
  _time: 2025-06-02 13:41:51.684468757 Z
  _version: 0.10.1/0.42.0/
  what: dimensions-of-terrain
  when: 2025-06-02 13:41:51.684660295 Z
- _id: 2
  _time: 2025-06-02 13:41:51.686996350 Z
  _version: 0.10.1/0.42.0/
  since: 2025-05-05 13:41:51.687131603 Z
  what: quantity-of-deliverables
  when: 2025-06-02 13:41:51.687098721 Z
- _id: 3
  _time: 2025-06-02 13:41:51.689721179 Z
  _version: 0.10.1/0.42.0/
  since: 2025-05-05 13:41:51.689857414 Z
  what: quality-of-service
  when: 2025-06-02 13:41:51.689825213 Z
