---
- added: 8
  cycles: 1
  deleted: 8
  inserted: 8
  seconds: 7.672992005
  version: 0.42.0
  what: judges-summary
  when: 2025-06-11 14:38:25.911634126 Z
- _id: 1
  _time: 2025-06-11 14:38:25.898285217 Z
  _version: 0.10.1/0.42.0/
  what: dimensions-of-terrain
  when: 2025-06-11 14:38:25.898429976 Z
- _id: 2
  _time: 2025-06-11 14:38:25.906029503 Z
  _version: 0.10.1/0.42.0/
  since: 2025-05-14 14:38:25.906223113 Z
  what: quantity-of-deliverables
  when: 2025-06-11 14:38:25.906187116 Z
- _id: 3
  _time: 2025-06-11 14:38:25.908652004 Z
  _version: 0.10.1/0.42.0/
  since: 2025-05-14 14:38:25.908784761 Z
  what: quality-of-service
  when: 2025-06-11 14:38:25.908751770 Z
