---
- added: 8
  cycles: 1
  deleted: 8
  inserted: 8
  seconds: 10.06326798
  version: 0.42.0
  what: judges-summary
  when: 2025-05-15 23:05:37.288383341 Z
- _id: 1
  _time: 2025-05-15 23:05:37.275812364 Z
  _version: 0.10.1/0.42.0/
  since: 2025-04-17 23:05:37.276033007 Z
  what: quantity-of-deliverables
  when: 2025-05-15 23:05:37.275995457 Z
- _id: 2
  _time: 2025-05-15 23:05:37.278402682 Z
  _version: 0.10.1/0.42.0/
  since: 2025-04-17 23:05:37.278537273 Z
  what: quality-of-service
  when: 2025-05-15 23:05:37.278504853 Z
- _id: 3
  _time: 2025-05-15 23:05:37.281745916 Z
  _version: 0.10.1/0.42.0/
  what: dimensions-of-terrain
  when: 2025-05-15 23:05:37.281822269 Z
