---
- added: 8
  cycles: 1
  deleted: 8
  inserted: 8
  seconds: 9.640847041
  version: 0.42.0
  what: judges-summary
  when: 2025-05-25 04:40:08.116704744 Z
- _id: 1
  _time: 2025-05-25 04:40:08.109093477 Z
  _version: 0.10.1/0.42.0/
  what: dimensions-of-terrain
  when: 2025-05-25 04:40:08.109409246 Z
- _id: 2
  _time: 2025-05-25 04:40:08.112839074 Z
  _version: 0.10.1/0.42.0/
  since: 2025-04-27 04:40:08.112980258 Z
  what: quantity-of-deliverables
  when: 2025-05-25 04:40:08.112946845 Z
- _id: 3
  _time: 2025-05-25 04:40:08.115364721 Z
  _version: 0.10.1/0.42.0/
  since: 2025-04-27 04:40:08.115499372 Z
  what: quality-of-service
  when: 2025-05-25 04:40:08.115466250 Z
