---
- added: 8
  cycles: 1
  deleted: 8
  inserted: 8
  seconds: 10.36979611
  version: 0.42.0
  what: judges-summary
  when: 2025-06-13 06:07:29.129021645 Z
- _id: 1
  _time: 2025-06-13 06:07:29.118787324 Z
  _version: 0.10.1/0.42.0/
  since: 2025-05-16 06:07:29.118971246 Z
  what: quality-of-service
  when: 2025-06-13 06:07:29.118934197 Z
- _id: 2
  _time: 2025-06-13 06:07:29.126048957 Z
  _version: 0.10.1/0.42.0/
  since: 2025-05-16 06:07:29.126152158 Z
  what: quantity-of-deliverables
  when: 2025-06-13 06:07:29.126128785 Z
- _id: 3
  _time: 2025-06-13 06:07:29.128119225 Z
  _version: 0.10.1/0.42.0/
  what: dimensions-of-terrain
  when: 2025-06-13 06:07:29.128198632 Z
