---
- added: 8
  cycles: 1
  deleted: 8
  inserted: 8
  seconds: 10.157358051
  version: 0.42.0
  what: judges-summary
  when: 2025-06-01 20:36:18.207379380 Z
- _id: 1
  _time: 2025-06-01 20:36:18.197589056 Z
  _version: 0.10.1/0.42.0/
  since: 2025-05-04 20:36:18.197798638 Z
  what: quantity-of-deliverables
  when: 2025-06-01 20:36:18.197762662 Z
- _id: 2
  _time: 2025-06-01 20:36:18.203102916 Z
  _version: 0.10.1/0.42.0/
  since: 2025-05-04 20:36:18.203240115 Z
  what: quality-of-service
  when: 2025-06-01 20:36:18.203206694 Z
- _id: 3
  _time: 2025-06-01 20:36:18.205753662 Z
  _version: 0.10.1/0.42.0/
  what: dimensions-of-terrain
  when: 2025-06-01 20:36:18.205823058 Z
