---
- added: 8
  cycles: 1
  deleted: 8
  inserted: 8
  seconds: 8.296980466
  version: 0.42.0
  what: judges-summary
  when: 2025-05-27 14:04:43.341748415 Z
- _id: 1
  _time: 2025-05-27 14:04:43.329807112 Z
  _version: 0.10.1/0.42.0/
  since: 2025-04-29 14:04:43.329991997 Z
  what: quality-of-service
  when: 2025-05-27 14:04:43.329953695 Z
- _id: 2
  _time: 2025-05-27 14:04:43.336225588 Z
  _version: 0.10.1/0.42.0/
  since: 2025-04-29 14:04:43.336329190 Z
  what: quantity-of-deliverables
  when: 2025-05-27 14:04:43.336305777 Z
- _id: 3
  _time: 2025-05-27 14:04:43.340799744 Z
  _version: 0.10.1/0.42.0/
  what: dimensions-of-terrain
  when: 2025-05-27 14:04:43.340880194 Z
