---
- added: 8
  cycles: 1
  deleted: 8
  inserted: 8
  seconds: 9.743075475
  version: 0.42.0
  what: judges-summary
  when: 2025-06-08 14:04:46.684347321 Z
- _id: 1
  _time: 2025-06-08 14:04:46.672805003 Z
  _version: 0.10.1/0.42.0/
  since: 2025-05-11 14:04:46.672995588 Z
  what: quantity-of-deliverables
  when: 2025-06-08 14:04:46.672957016 Z
- _id: 2
  _time: 2025-06-08 14:04:46.676058727 Z
  _version: 0.10.1/0.42.0/
  what: dimensions-of-terrain
  when: 2025-06-08 14:04:46.676308923 Z
- _id: 3
  _time: 2025-06-08 14:04:46.681037814 Z
  _version: 0.10.1/0.42.0/
  since: 2025-05-11 14:04:46.681223551 Z
  what: quality-of-service
  when: 2025-06-08 14:04:46.681188475 Z
