---
- added: 8
  cycles: 1
  deleted: 8
  inserted: 8
  seconds: 17.921622308
  version: 0.42.0
  what: judges-summary
  when: 2025-05-15 00:19:12.267673004 Z
- _id: 1
  _time: 2025-05-15 00:19:12.257968917 Z
  _version: 0.10.1/0.42.0/
  since: 2025-04-17 00:19:12.258163871 Z
  what: quality-of-service
  when: 2025-05-15 00:19:12.258125990 Z
- _id: 2
  _time: 2025-05-15 00:19:12.262523796 Z
  _version: 0.10.1/0.42.0/
  what: dimensions-of-terrain
  when: 2025-05-15 00:19:12.262650463 Z
- _id: 3
  _time: 2025-05-15 00:19:12.265741155 Z
  _version: 0.10.1/0.42.0/
  since: 2025-04-17 00:19:12.265841332 Z
  what: quantity-of-deliverables
  when: 2025-05-15 00:19:12.265817968 Z
