---
- added: 8
  cycles: 1
  deleted: 8
  inserted: 8
  seconds: 0.803295836
  version: 0.42.0
  what: judges-summary
  when: 2025-05-27 12:46:40.475949341 Z
- _id: 1
  _time: 2025-05-27 12:46:40.465719284 Z
  _version: 0.10.1/0.42.0/
  since: 2025-04-29 12:46:40.466084093 Z
  what: quality-of-service
  when: 2025-05-27 12:46:40.466023751 Z
- _id: 2
  _time: 2025-05-27 12:46:40.470164260 Z
  _version: 0.10.1/0.42.0/
  what: dimensions-of-terrain
  when: 2025-05-27 12:46:40.470298850 Z
- _id: 3
  _time: 2025-05-27 12:46:40.471855689 Z
  _version: 0.10.1/0.42.0/
  since: 2025-04-29 12:46:40.471992253 Z
  what: quantity-of-deliverables
  when: 2025-05-27 12:46:40.471939154 Z
