---
- added: 8
  cycles: 1
  deleted: 8
  inserted: 8
  seconds: 9.415729947
  version: 0.42.0
  what: judges-summary
  when: 2025-05-25 01:33:31.922246190 Z
- _id: 1
  _time: 2025-05-25 01:33:31.916379476 Z
  _version: 0.10.1/0.42.0/
  since: 2025-04-27 01:33:31.916681023 Z
  what: quality-of-service
  when: 2025-05-25 01:33:31.916610881 Z
- _id: 2
  _time: 2025-05-25 01:33:31.919939959 Z
  _version: 0.10.1/0.42.0/
  what: dimensions-of-terrain
  when: 2025-05-25 01:33:31.920052881 Z
- _id: 3
  _time: 2025-05-25 01:33:31.921354385 Z
  _version: 0.10.1/0.42.0/
  since: 2025-04-27 01:33:31.921450726 Z
  what: quantity-of-deliverables
  when: 2025-05-25 01:33:31.921427783 Z
