---
- added: 8
  cycles: 1
  deleted: 8
  inserted: 8
  seconds: 17.562447878
  version: 0.42.0
  what: judges-summary
  when: 2025-05-30 22:05:21.563234103 Z
- _id: 1
  _time: 2025-05-30 22:05:21.552572024 Z
  _version: 0.10.1/0.42.0/
  what: dimensions-of-terrain
  when: 2025-05-30 22:05:21.552723047 Z
- _id: 2
  _time: 2025-05-30 22:05:21.554884285 Z
  _version: 0.10.1/0.42.0/
  since: 2025-05-02 22:05:21.555017023 Z
  what: quantity-of-deliverables
  when: 2025-05-30 22:05:21.554984723 Z
- _id: 3
  _time: 2025-05-30 22:05:21.560923663 Z
  _version: 0.10.1/0.42.0/
  since: 2025-05-02 22:05:21.561061280 Z
  what: quality-of-service
  when: 2025-05-30 22:05:21.561028820 Z
