---
- added: 8
  cycles: 1
  deleted: 8
  inserted: 8
  seconds: 7.672383107
  version: 0.42.0
  what: judges-summary
  when: 2025-06-02 00:49:21.117124610 Z
- _id: 1
  _time: 2025-06-02 00:49:21.103451894 Z
  _version: 0.10.1/0.42.0/
  what: dimensions-of-terrain
  when: 2025-06-02 00:49:21.103605550 Z
- _id: 2
  _time: 2025-06-02 00:49:21.109466926 Z
  _version: 0.10.1/0.42.0/
  since: 2025-05-05 00:49:21.109606887 Z
  what: quantity-of-deliverables
  when: 2025-06-02 00:49:21.109573174 Z
- _id: 3
  _time: 2025-06-02 00:49:21.114098211 Z
  _version: 0.10.1/0.42.0/
  since: 2025-05-05 00:49:21.114237230 Z
  what: quality-of-service
  when: 2025-06-02 00:49:21.114204138 Z
