---
- added: 8
  cycles: 1
  deleted: 8
  inserted: 8
  seconds: 10.156133891
  version: 0.42.0
  what: judges-summary
  when: 2025-05-16 08:06:48.915833840 Z
- _id: 1
  _time: 2025-05-16 08:06:48.906779103 Z
  _version: 0.10.1/0.42.0/
  since: 2025-04-18 08:06:48.906962114 Z
  what: quantity-of-deliverables
  when: 2025-05-16 08:06:48.906925115 Z
- _id: 2
  _time: 2025-05-16 08:06:48.908556384 Z
  _version: 0.10.1/0.42.0/
  what: dimensions-of-terrain
  when: 2025-05-16 08:06:48.908657412 Z
- _id: 3
  _time: 2025-05-16 08:06:48.913319316 Z
  _version: 0.10.1/0.42.0/
  since: 2025-04-18 08:06:48.913456071 Z
  what: quality-of-service
  when: 2025-05-16 08:06:48.913424372 Z
