---
- added: 8
  cycles: 1
  deleted: 8
  inserted: 8
  seconds: 17.771567957
  version: 0.42.0
  what: judges-summary
  when: 2025-06-03 04:41:07.117320574 Z
- _id: 1
  _time: 2025-06-03 04:41:07.110896841 Z
  _version: 0.10.1/0.42.0/
  since: 2025-05-06 04:41:07.111220456 Z
  what: quantity-of-deliverables
  when: 2025-06-03 04:41:07.111156867 Z
- _id: 2
  _time: 2025-06-03 04:41:07.112704178 Z
  _version: 0.10.1/0.42.0/
  since: 2025-05-06 04:41:07.112862785 Z
  what: quality-of-service
  when: 2025-06-03 04:41:07.112826237 Z
- _id: 3
  _time: 2025-06-03 04:41:07.116458082 Z
  _version: 0.10.1/0.42.0/
  what: dimensions-of-terrain
  when: 2025-06-03 04:41:07.116541988 Z
