---
- added: 8
  cycles: 1
  deleted: 8
  inserted: 8
  seconds: 10.531024974
  version: 0.42.0
  what: judges-summary
  when: 2025-06-10 23:35:13.298845475 Z
- _id: 1
  _time: 2025-06-10 23:35:13.285337972 Z
  _version: 0.10.1/0.42.0/
  what: dimensions-of-terrain
  when: 2025-06-10 23:35:13.285484406 Z
- _id: 2
  _time: 2025-06-10 23:35:13.295412409 Z
  _version: 0.10.1/0.42.0/
  since: 2025-05-13 23:35:13.295554986 Z
  what: quantity-of-deliverables
  when: 2025-06-10 23:35:13.295520241 Z
- _id: 3
  _time: 2025-06-10 23:35:13.297550591 Z
  _version: 0.10.1/0.42.0/
  since: 2025-05-13 23:35:13.297689952 Z
  what: quality-of-service
  when: 2025-06-10 23:35:13.297655928 Z
