---
- added: 8
  cycles: 1
  deleted: 8
  inserted: 8
  seconds: 165.645434678
  version: 0.42.0
  what: judges-summary
  when: 2025-05-25 00:52:09.642080636 Z
- _id: 1
  _time: 2025-05-25 00:52:09.627742181 Z
  _version: 0.10.1/0.42.0/
  since: 2025-04-27 00:52:09.627931675 Z
  what: quantity-of-deliverables
  when: 2025-05-25 00:52:09.627893714 Z
- _id: 2
  _time: 2025-05-25 00:52:09.636422729 Z
  _version: 0.10.1/0.42.0/
  since: 2025-04-27 00:52:09.636561669 Z
  what: quality-of-service
  when: 2025-05-25 00:52:09.636528116 Z
- _id: 3
  _time: 2025-05-25 00:52:09.641198799 Z
  _version: 0.10.1/0.42.0/
  what: dimensions-of-terrain
  when: 2025-05-25 00:52:09.641282986 Z
