---
- added: 8
  cycles: 1
  deleted: 8
  inserted: 8
  seconds: 7.640323466
  version: 0.42.0
  what: judges-summary
  when: 2025-06-09 00:49:32.222207879 Z
- _id: 1
  _time: 2025-06-09 00:49:32.215026484 Z
  _version: 0.10.1/0.42.0/
  since: 2025-05-12 00:49:32.215247006 Z
  what: quantity-of-deliverables
  when: 2025-06-09 00:49:32.215173188 Z
- _id: 2
  _time: 2025-06-09 00:49:32.217050616 Z
  _version: 0.10.1/0.42.0/
  what: dimensions-of-terrain
  when: 2025-06-09 00:49:32.217157456 Z
- _id: 3
  _time: 2025-06-09 00:49:32.219836302 Z
  _version: 0.10.1/0.42.0/
  since: 2025-05-12 00:49:32.219983647 Z
  what: quality-of-service
  when: 2025-06-09 00:49:32.219950175 Z
