---
- added: 8
  cycles: 1
  deleted: 8
  inserted: 8
  seconds: 7.177434064
  version: 0.42.0
  what: judges-summary
  when: 2025-05-16 17:04:50.550359287 Z
- _id: 1
  _time: 2025-05-16 17:04:50.540451211 Z
  _version: 0.10.1/0.42.0/
  since: 2025-04-18 17:04:50.540670773 Z
  what: quality-of-service
  when: 2025-05-16 17:04:50.540632672 Z
- _id: 2
  _time: 2025-05-16 17:04:50.543010167 Z
  _version: 0.10.1/0.42.0/
  since: 2025-04-18 17:04:50.543113290 Z
  what: quantity-of-deliverables
  when: 2025-05-16 17:04:50.543089325 Z
- _id: 3
  _time: 2025-05-16 17:04:50.548481170 Z
  _version: 0.10.1/0.42.0/
  what: dimensions-of-terrain
  when: 2025-05-16 17:04:50.548589954 Z
