---
- added: 8
  cycles: 1
  deleted: 8
  inserted: 8
  seconds: 7.698882074
  version: 0.42.0
  what: judges-summary
  when: 2025-06-14 05:37:26.642204201 Z
- _id: 1
  _time: 2025-06-14 05:37:26.630498794 Z
  _version: 0.10.1/0.42.0/
  what: dimensions-of-terrain
  when: 2025-06-14 05:37:26.630647953 Z
- _id: 2
  _time: 2025-06-14 05:37:26.636861241 Z
  _version: 0.10.1/0.42.0/
  since: 2025-05-17 05:37:26.636993107 Z
  what: quality-of-service
  when: 2025-06-14 05:37:26.636961628 Z
- _id: 3
  _time: 2025-06-14 05:37:26.639210652 Z
  _version: 0.10.1/0.42.0/
  since: 2025-05-17 05:37:26.639348970 Z
  what: quantity-of-deliverables
  when: 2025-06-14 05:37:26.639322761 Z
