---
- added: 8
  cycles: 1
  deleted: 8
  inserted: 8
  seconds: 17.964731994
  version: 0.42.0
  what: judges-summary
  when: 2025-06-09 08:07:58.601239500 Z
- _id: 1
  _time: 2025-06-09 08:07:58.588003155 Z
  _version: 0.10.1/0.42.0/
  what: dimensions-of-terrain
  when: 2025-06-09 08:07:58.588166420 Z
- _id: 2
  _time: 2025-06-09 08:07:58.591427351 Z
  _version: 0.10.1/0.42.0/
  since: 2025-05-12 08:07:58.591564648 Z
  what: quality-of-service
  when: 2025-06-09 08:07:58.591531285 Z
- _id: 3
  _time: 2025-06-09 08:07:58.596723238 Z
  _version: 0.10.1/0.42.0/
  since: 2025-05-12 08:07:58.596852591 Z
  what: quantity-of-deliverables
  when: 2025-06-09 08:07:58.596825720 Z
