---
- added: 8
  cycles: 1
  deleted: 8
  inserted: 8
  seconds: 9.732801172
  version: 0.42.0
  what: judges-summary
  when: 2025-06-14 08:38:29.067533008 Z
- _id: 1
  _time: 2025-06-14 08:38:29.054437080 Z
  _version: 0.10.1/0.42.0/
  what: dimensions-of-terrain
  when: 2025-06-14 08:38:29.054574898 Z
- _id: 2
  _time: 2025-06-14 08:38:29.057717955 Z
  _version: 0.10.1/0.42.0/
  since: 2025-05-17 08:38:29.057857436 Z
  what: quality-of-service
  when: 2025-06-14 08:38:29.057822941 Z
- _id: 3
  _time: 2025-06-14 08:38:29.059974676 Z
  _version: 0.10.1/0.42.0/
  since: 2025-05-17 08:38:29.060065396 Z
  what: quantity-of-deliverables
  when: 2025-06-14 08:38:29.060044056 Z
