---
- added: 8
  cycles: 1
  deleted: 8
  inserted: 8
  seconds: 10.909147352
  version: 0.42.0
  what: judges-summary
  when: 2025-06-03 18:06:55.344353570 Z
- _id: 1
  _time: 2025-06-03 18:06:55.330422681 Z
  _version: 0.10.1/0.42.0/
  since: 2025-05-06 18:06:55.330608139 Z
  what: quantity-of-deliverables
  when: 2025-06-03 18:06:55.330570498 Z
- _id: 2
  _time: 2025-06-03 18:06:55.332125033 Z
  _version: 0.10.1/0.42.0/
  what: dimensions-of-terrain
  when: 2025-06-03 18:06:55.332230050 Z
- _id: 3
  _time: 2025-06-03 18:06:55.338582580 Z
  _version: 0.10.1/0.42.0/
  since: 2025-05-06 18:06:55.338848027 Z
  what: quality-of-service
  when: 2025-06-03 18:06:55.338762918 Z
