---
- added: 8
  cycles: 1
  deleted: 8
  inserted: 8
  seconds: 6.44975304
  version: 0.42.0
  what: judges-summary
  when: 2025-05-31 05:05:24.328404014 Z
- _id: 1
  _time: 2025-05-31 05:05:24.317854940 Z
  _version: 0.10.1/0.42.0/
  since: 2025-05-03 05:05:24.318037571 Z
  what: quality-of-service
  when: 2025-05-31 05:05:24.317999831 Z
- _id: 2
  _time: 2025-05-31 05:05:24.324456350 Z
  _version: 0.10.1/0.42.0/
  since: 2025-05-03 05:05:24.324553692 Z
  what: quantity-of-deliverables
  when: 2025-05-31 05:05:24.324531611 Z
- _id: 3
  _time: 2025-05-31 05:05:24.325631135 Z
  _version: 0.10.1/0.42.0/
  what: dimensions-of-terrain
  when: 2025-05-31 05:05:24.325705934 Z
