---
- added: 8
  cycles: 1
  deleted: 8
  inserted: 8
  seconds: 7.617470547
  version: 0.42.0
  what: judges-summary
  when: 2025-05-13 05:37:33.232235110 Z
- _id: 1
  _time: 2025-05-13 05:37:33.221493501 Z
  _version: 0.10.1/0.42.0/
  since: 2025-04-15 05:37:33.221714948 Z
  what: quantity-of-deliverables
  when: 2025-05-13 05:37:33.221673520 Z
- _id: 2
  _time: 2025-05-13 05:37:33.224051844 Z
  _version: 0.10.1/0.42.0/
  since: 2025-04-15 05:37:33.224185666 Z
  what: quality-of-service
  when: 2025-05-13 05:37:33.224153986 Z
- _id: 3
  _time: 2025-05-13 05:37:33.228273066 Z
  _version: 0.10.1/0.42.0/
  what: dimensions-of-terrain
  when: 2025-05-13 05:37:33.228353327 Z
