---
- added: 8
  cycles: 1
  deleted: 8
  inserted: 8
  seconds: 7.693059082
  version: 0.42.0
  what: judges-summary
  when: 2025-06-10 23:05:15.329786007 Z
- _id: 1
  _time: 2025-06-10 23:05:15.323847016 Z
  _version: 0.10.1/0.42.0/
  since: 2025-05-13 23:05:15.324139361 Z
  what: quantity-of-deliverables
  when: 2025-06-10 23:05:15.324077165 Z
- _id: 2
  _time: 2025-06-10 23:05:15.325305217 Z
  _version: 0.10.1/0.42.0/
  what: dimensions-of-terrain
  when: 2025-06-10 23:05:15.325404172 Z
- _id: 3
  _time: 2025-06-10 23:05:15.327820711 Z
  _version: 0.10.1/0.42.0/
  since: 2025-05-13 23:05:15.327949602 Z
  what: quality-of-service
  when: 2025-06-10 23:05:15.327918464 Z
