---
- added: 8
  cycles: 1
  deleted: 8
  inserted: 8
  seconds: 13.596956148
  version: 0.42.0
  what: judges-summary
  when: 2025-05-14 07:05:59.849296781 Z
- _id: 1
  _time: 2025-05-14 07:05:59.834406402 Z
  _version: 0.10.1/0.42.0/
  what: dimensions-of-terrain
  when: 2025-05-14 07:05:59.834570760 Z
- _id: 2
  _time: 2025-05-14 07:05:59.839716413 Z
  _version: 0.10.1/0.42.0/
  since: 2025-04-16 07:05:59.839883997 Z
  what: quality-of-service
  when: 2025-05-14 07:05:59.839843410 Z
- _id: 3
  _time: 2025-05-14 07:05:59.844777047 Z
  _version: 0.10.1/0.42.0/
  since: 2025-04-16 07:05:59.844989454 Z
  what: quantity-of-deliverables
  when: 2025-05-14 07:05:59.844943919 Z
