---
- added: 8
  cycles: 1
  deleted: 8
  inserted: 8
  seconds: 7.616169806
  version: 0.42.0
  what: judges-summary
  when: 2025-05-18 20:35:32.759457154 Z
- _id: 1
  _time: 2025-05-18 20:35:32.748918744 Z
  _version: 0.10.1/0.42.0/
  since: 2025-04-20 20:35:32.749100051 Z
  what: quantity-of-deliverables
  when: 2025-05-18 20:35:32.749063453 Z
- _id: 2
  _time: 2025-05-18 20:35:32.751412144 Z
  _version: 0.10.1/0.42.0/
  since: 2025-04-20 20:35:32.751553827 Z
  what: quality-of-service
  when: 2025-05-18 20:35:32.751520355 Z
- _id: 3
  _time: 2025-05-18 20:35:32.757617058 Z
  _version: 0.10.1/0.42.0/
  what: dimensions-of-terrain
  when: 2025-05-18 20:35:32.757698349 Z
