---
- added: 8
  cycles: 1
  deleted: 8
  inserted: 8
  seconds: 7.265588022
  version: 0.42.0
  what: judges-summary
  when: 2025-06-09 18:40:48.481181549 Z
- _id: 1
  _time: 2025-06-09 18:40:48.467731966 Z
  _version: 0.10.1/0.42.0/
  what: dimensions-of-terrain
  when: 2025-06-09 18:40:48.467878430 Z
- _id: 2
  _time: 2025-06-09 18:40:48.470050848 Z
  _version: 0.10.1/0.42.0/
  since: 2025-05-12 18:40:48.470185450 Z
  what: quantity-of-deliverables
  when: 2025-06-09 18:40:48.470152498 Z
- _id: 3
  _time: 2025-06-09 18:40:48.479816473 Z
  _version: 0.10.1/0.42.0/
  since: 2025-05-12 18:40:48.479952096 Z
  what: quality-of-service
  when: 2025-06-09 18:40:48.479918834 Z
