---
- added: 8
  cycles: 1
  deleted: 8
  inserted: 8
  seconds: 7.803981884
  version: 0.42.0
  what: judges-summary
  when: 2025-05-18 18:39:04.213979508 Z
- _id: 1
  _time: 2025-05-18 18:39:04.200400413 Z
  _version: 0.10.1/0.42.0/
  since: 2025-04-20 18:39:04.200632989 Z
  what: quantity-of-deliverables
  when: 2025-05-18 18:39:04.200593104 Z
- _id: 2
  _time: 2025-05-18 18:39:04.202190101 Z
  _version: 0.10.1/0.42.0/
  what: dimensions-of-terrain
  when: 2025-05-18 18:39:04.202293415 Z
- _id: 3
  _time: 2025-05-18 18:39:04.206904271 Z
  _version: 0.10.1/0.42.0/
  since: 2025-04-20 18:39:04.207041849 Z
  what: quality-of-service
  when: 2025-05-18 18:39:04.207009198 Z
