---
- added: 8
  cycles: 1
  deleted: 8
  inserted: 8
  seconds: 9.800793095
  version: 0.42.0
  what: judges-summary
  when: 2025-05-31 17:35:10.276316124 Z
- _id: 1
  _time: 2025-05-31 17:35:10.263215454 Z
  _version: 0.10.1/0.42.0/
  since: 2025-05-03 17:35:10.263403975 Z
  what: quantity-of-deliverables
  when: 2025-05-31 17:35:10.263365463 Z
- _id: 2
  _time: 2025-05-31 17:35:10.265884749 Z
  _version: 0.10.1/0.42.0/
  since: 2025-05-03 17:35:10.266017977 Z
  what: quality-of-service
  when: 2025-05-31 17:35:10.265986128 Z
- _id: 3
  _time: 2025-05-31 17:35:10.269493111 Z
  _version: 0.10.1/0.42.0/
  what: dimensions-of-terrain
  when: 2025-05-31 17:35:10.269572508 Z
