---
- added: 8
  cycles: 1
  deleted: 8
  inserted: 8
  seconds: 8.403173265
  version: 0.42.0
  what: judges-summary
  when: 2025-06-06 15:04:58.177260058 Z
- _id: 1
  _time: 2025-06-06 15:04:58.166289729 Z
  _version: 0.10.1/0.42.0/
  what: dimensions-of-terrain
  when: 2025-06-06 15:04:58.166437725 Z
- _id: 2
  _time: 2025-06-06 15:04:58.169395081 Z
  _version: 0.10.1/0.42.0/
  since: 2025-05-09 15:04:58.169528930 Z
  what: quantity-of-deliverables
  when: 2025-06-06 15:04:58.169496580 Z
- _id: 3
  _time: 2025-06-06 15:04:58.175933744 Z
  _version: 0.10.1/0.42.0/
  since: 2025-05-09 15:04:58.176074416 Z
  what: quality-of-service
  when: 2025-06-06 15:04:58.176040543 Z
