---
- added: 8
  cycles: 1
  deleted: 8
  inserted: 8
  seconds: 17.69039965
  version: 0.42.0
  what: judges-summary
  when: 2025-05-24 14:04:50.851176607 Z
- _id: 1
  _time: 2025-05-24 14:04:50.844408609 Z
  _version: 0.10.1/0.42.0/
  since: 2025-04-26 14:04:50.844613113 Z
  what: quality-of-service
  when: 2025-05-24 14:04:50.844575843 Z
- _id: 2
  _time: 2025-05-24 14:04:50.849140333 Z
  _version: 0.10.1/0.42.0/
  since: 2025-04-26 14:04:50.849237345 Z
  what: quantity-of-deliverables
  when: 2025-05-24 14:04:50.849215073 Z
- _id: 3
  _time: 2025-05-24 14:04:50.850291545 Z
  _version: 0.10.1/0.42.0/
  what: dimensions-of-terrain
  when: 2025-05-24 14:04:50.850364502 Z
