---
- added: 8
  cycles: 1
  deleted: 8
  inserted: 8
  seconds: 13.74385742
  version: 0.42.0
  what: judges-summary
  when: 2025-06-15 12:46:19.864558943 Z
- _id: 1
  _time: 2025-06-15 12:46:19.850893764 Z
  _version: 0.10.1/0.42.0/
  what: dimensions-of-terrain
  when: 2025-06-15 12:46:19.851089970 Z
- _id: 2
  _time: 2025-06-15 12:46:19.859301795 Z
  _version: 0.10.1/0.42.0/
  since: 2025-05-18 12:46:19.859438711 Z
  what: quality-of-service
  when: 2025-06-15 12:46:19.859405960 Z
- _id: 3
  _time: 2025-06-15 12:46:19.861698027 Z
  _version: 0.10.1/0.42.0/
  since: 2025-05-18 12:46:19.861796761 Z
  what: quantity-of-deliverables
  when: 2025-06-15 12:46:19.861774450 Z
