---
- added: 8
  cycles: 1
  deleted: 8
  inserted: 8
  seconds: 9.790771011
  version: 0.42.0
  what: judges-summary
  when: 2025-06-07 18:06:20.651103776 Z
- _id: 1
  _time: 2025-06-07 18:06:20.645673679 Z
  _version: 0.10.1/0.42.0/
  since: 2025-05-10 18:06:20.645970591 Z
  what: quantity-of-deliverables
  when: 2025-06-07 18:06:20.645907053 Z
- _id: 2
  _time: 2025-06-07 18:06:20.648459454 Z
  _version: 0.10.1/0.42.0/
  what: dimensions-of-terrain
  when: 2025-06-07 18:06:20.648564810 Z
- _id: 3
  _time: 2025-06-07 18:06:20.649825936 Z
  _version: 0.10.1/0.42.0/
  since: 2025-05-10 18:06:20.649960798 Z
  what: quality-of-service
  when: 2025-06-07 18:06:20.649927395 Z
