---
- added: 8
  cycles: 1
  deleted: 8
  inserted: 8
  seconds: 6.722973749
  version: 0.42.0
  what: judges-summary
  when: 2025-05-13 01:33:22.702205962 Z
- _id: 1
  _time: 2025-05-13 01:33:22.696810081 Z
  _version: 0.10.1/0.42.0/
  since: 2025-04-15 01:33:22.696996110 Z
  what: quantity-of-deliverables
  when: 2025-05-13 01:33:22.696957838 Z
- _id: 2
  _time: 2025-05-13 01:33:22.698150768 Z
  _version: 0.10.1/0.42.0/
  what: dimensions-of-terrain
  when: 2025-05-13 01:33:22.698254383 Z
- _id: 3
  _time: 2025-05-13 01:33:22.699676282 Z
  _version: 0.10.1/0.42.0/
  since: 2025-04-15 01:33:22.699811777 Z
  what: quality-of-service
  when: 2025-05-13 01:33:22.699779496 Z
