---
- added: 8
  cycles: 1
  deleted: 8
  inserted: 8
  seconds: 13.183003188
  version: 0.42.0
  what: judges-summary
  when: 2025-05-25 10:05:16.558478569 Z
- _id: 1
  _time: 2025-05-25 10:05:16.548529887 Z
  _version: 0.10.1/0.42.0/
  since: 2025-04-27 10:05:16.548712267 Z
  what: quality-of-service
  when: 2025-05-25 10:05:16.548674717 Z
- _id: 2
  _time: 2025-05-25 10:05:16.550296623 Z
  _version: 0.10.1/0.42.0/
  since: 2025-04-27 10:05:16.550392903 Z
  what: quantity-of-deliverables
  when: 2025-05-25 10:05:16.550370521 Z
- _id: 3
  _time: 2025-05-25 10:05:16.552726574 Z
  _version: 0.10.1/0.42.0/
  what: dimensions-of-terrain
  when: 2025-05-25 10:05:16.552802506 Z
