---
- added: 8
  cycles: 1
  deleted: 8
  inserted: 8
  seconds: 6.981547675
  version: 0.42.0
  what: judges-summary
  when: 2025-05-18 13:37:08.213515490 Z
- _id: 1
  _time: 2025-05-18 13:37:08.201043969 Z
  _version: 0.10.1/0.42.0/
  since: 2025-04-20 13:37:08.201225068 Z
  what: quality-of-service
  when: 2025-05-18 13:37:08.201188048 Z
- _id: 2
  _time: 2025-05-18 13:37:08.203794579 Z
  _version: 0.10.1/0.42.0/
  what: dimensions-of-terrain
  when: 2025-05-18 13:37:08.203869840 Z
- _id: 3
  _time: 2025-05-18 13:37:08.211565048 Z
  _version: 0.10.1/0.42.0/
  since: 2025-04-20 13:37:08.211661859 Z
  what: quantity-of-deliverables
  when: 2025-05-18 13:37:08.211639648 Z
