---
- added: 8
  cycles: 1
  deleted: 8
  inserted: 8
  seconds: 10.116304751
  version: 0.42.0
  what: judges-summary
  when: 2025-05-27 00:20:11.630173867 Z
- _id: 1
  _time: 2025-05-27 00:20:11.619850459 Z
  _version: 0.10.1/0.42.0/
  since: 2025-04-29 00:20:11.620034052 Z
  what: quantity-of-deliverables
  when: 2025-05-27 00:20:11.619997453 Z
- _id: 2
  _time: 2025-05-27 00:20:11.627700616 Z
  _version: 0.10.1/0.42.0/
  since: 2025-04-29 00:20:11.627841218 Z
  what: quality-of-service
  when: 2025-05-27 00:20:11.627809319 Z
- _id: 3
  _time: 2025-05-27 00:20:11.629250476 Z
  _version: 0.10.1/0.42.0/
  what: dimensions-of-terrain
  when: 2025-05-27 00:20:11.629324874 Z
