---
- added: 8
  cycles: 1
  deleted: 8
  inserted: 8
  seconds: 10.058750258
  version: 0.42.0
  what: judges-summary
  when: 2025-06-02 23:05:29.327341977 Z
- _id: 1
  _time: 2025-06-02 23:05:29.315497923 Z
  _version: 0.10.1/0.42.0/
  since: 2025-05-05 23:05:29.315693118 Z
  what: quality-of-service
  when: 2025-06-02 23:05:29.315653204 Z
- _id: 2
  _time: 2025-06-02 23:05:29.319679712 Z
  _version: 0.10.1/0.42.0/
  what: dimensions-of-terrain
  when: 2025-06-02 23:05:29.319760152 Z
- _id: 3
  _time: 2025-06-02 23:05:29.326249655 Z
  _version: 0.10.1/0.42.0/
  since: 2025-05-05 23:05:29.326388535 Z
  what: quantity-of-deliverables
  when: 2025-06-02 23:05:29.326363598 Z
