---
- added: 8
  cycles: 1
  deleted: 8
  inserted: 8
  seconds: 9.896735834
  version: 0.42.0
  what: judges-summary
  when: 2025-05-18 14:04:39.528364236 Z
- _id: 1
  _time: 2025-05-18 14:04:39.516393316 Z
  _version: 0.10.1/0.42.0/
  since: 2025-04-20 14:04:39.516582287 Z
  what: quantity-of-deliverables
  when: 2025-05-18 14:04:39.516542694 Z
- _id: 2
  _time: 2025-05-18 14:04:39.520395282 Z
  _version: 0.10.1/0.42.0/
  what: dimensions-of-terrain
  when: 2025-05-18 14:04:39.520506689 Z
- _id: 3
  _time: 2025-05-18 14:04:39.522999969 Z
  _version: 0.10.1/0.42.0/
  since: 2025-04-20 14:04:39.523137535 Z
  what: quality-of-service
  when: 2025-05-18 14:04:39.523104082 Z
