---
- added: 8
  cycles: 1
  deleted: 8
  inserted: 8
  seconds: 10.698655282
  version: 0.42.0
  what: judges-summary
  when: 2025-05-21 08:06:54.775154284 Z
- _id: 1
  _time: 2025-05-21 08:06:54.763762991 Z
  _version: 0.10.1/0.42.0/
  since: 2025-04-23 08:06:54.764066162 Z
  what: quantity-of-deliverables
  when: 2025-05-21 08:06:54.763956065 Z
- _id: 2
  _time: 2025-05-21 08:06:54.765725769 Z
  _version: 0.10.1/0.42.0/
  what: dimensions-of-terrain
  when: 2025-05-21 08:06:54.765828573 Z
- _id: 3
  _time: 2025-05-21 08:06:54.768273891 Z
  _version: 0.10.1/0.42.0/
  since: 2025-04-23 08:06:54.768408264 Z
  what: quality-of-service
  when: 2025-05-21 08:06:54.768376173 Z
