---
- added: 8
  cycles: 1
  deleted: 8
  inserted: 8
  seconds: 6.966423823
  version: 0.42.0
  what: judges-summary
  when: 2025-06-04 20:04:55.142482208 Z
- _id: 1
  _time: 2025-06-04 20:04:55.134234936 Z
  _version: 0.10.1/0.42.0/
  since: 2025-05-07 20:04:55.134420554 Z
  what: quality-of-service
  when: 2025-06-04 20:04:55.134382583 Z
- _id: 2
  _time: 2025-06-04 20:04:55.136589045 Z
  _version: 0.10.1/0.42.0/
  since: 2025-05-07 20:04:55.136684925 Z
  what: quantity-of-deliverables
  when: 2025-06-04 20:04:55.136662734 Z
- _id: 3
  _time: 2025-06-04 20:04:55.141588059 Z
  _version: 0.10.1/0.42.0/
  what: dimensions-of-terrain
  when: 2025-06-04 20:04:55.141664142 Z
