---
- added: 8
  cycles: 1
  deleted: 8
  inserted: 8
  seconds: 9.618759864
  version: 0.42.0
  what: judges-summary
  when: 2025-05-16 02:34:46.929528554 Z
- _id: 1
  _time: 2025-05-16 02:34:46.922559647 Z
  _version: 0.10.1/0.42.0/
  what: dimensions-of-terrain
  when: 2025-05-16 02:34:46.922842054 Z
- _id: 2
  _time: 2025-05-16 02:34:46.926881556 Z
  _version: 0.10.1/0.42.0/
  since: 2025-04-18 02:34:46.927029552 Z
  what: quality-of-service
  when: 2025-05-16 02:34:46.926994016 Z
- _id: 3
  _time: 2025-05-16 02:34:46.928626672 Z
  _version: 0.10.1/0.42.0/
  since: 2025-04-18 02:34:46.928724164 Z
  what: quantity-of-deliverables
  when: 2025-05-16 02:34:46.928701231 Z
