---
- added: 8
  cycles: 1
  deleted: 8
  inserted: 8
  seconds: 7.752750378
  version: 0.42.0
  what: judges-summary
  when: 2025-06-07 04:07:03.062991307 Z
- _id: 1
  _time: 2025-06-07 04:07:03.049074160 Z
  _version: 0.10.1/0.42.0/
  what: dimensions-of-terrain
  when: 2025-06-07 04:07:03.049225935 Z
- _id: 2
  _time: 2025-06-07 04:07:03.052561581 Z
  _version: 0.10.1/0.42.0/
  since: 2025-05-10 04:07:03.052698969 Z
  what: quality-of-service
  when: 2025-06-07 04:07:03.052666538 Z
- _id: 3
  _time: 2025-06-07 04:07:03.055151792 Z
  _version: 0.10.1/0.42.0/
  since: 2025-05-10 04:07:03.055257841 Z
  what: quantity-of-deliverables
  when: 2025-06-07 04:07:03.055235449 Z
