---
- added: 8
  cycles: 1
  deleted: 8
  inserted: 8
  seconds: 7.922573386
  version: 0.42.0
  what: judges-summary
  when: 2025-05-16 22:05:12.124915156 Z
- _id: 1
  _time: 2025-05-16 22:05:12.116096472 Z
  _version: 0.10.1/0.42.0/
  what: dimensions-of-terrain
  when: 2025-05-16 22:05:12.116245791 Z
- _id: 2
  _time: 2025-05-16 22:05:12.121210484 Z
  _version: 0.10.1/0.42.0/
  since: 2025-04-18 22:05:12.121346408 Z
  what: quantity-of-deliverables
  when: 2025-05-16 22:05:12.121312735 Z
- _id: 3
  _time: 2025-05-16 22:05:12.123618467 Z
  _version: 0.10.1/0.42.0/
  since: 2025-04-18 22:05:12.123757857 Z
  what: quality-of-service
  when: 2025-05-16 22:05:12.123724946 Z
