---
- added: 8
  cycles: 1
  deleted: 8
  inserted: 8
  seconds: 7.002234084
  version: 0.42.0
  what: judges-summary
  when: 2025-05-25 13:37:12.767367489 Z
- _id: 1
  _time: 2025-05-25 13:37:12.756774870 Z
  _version: 0.10.1/0.42.0/
  since: 2025-04-27 13:37:12.756958283 Z
  what: quality-of-service
  when: 2025-05-25 13:37:12.756920162 Z
- _id: 2
  _time: 2025-05-25 13:37:12.761166166 Z
  _version: 0.10.1/0.42.0/
  since: 2025-04-27 13:37:12.761287523 Z
  what: quantity-of-deliverables
  when: 2025-05-25 13:37:12.761259942 Z
- _id: 3
  _time: 2025-05-25 13:37:12.766467696 Z
  _version: 0.10.1/0.42.0/
  what: dimensions-of-terrain
  when: 2025-05-25 13:37:12.766543798 Z
