---
- added: 8
  cycles: 1
  deleted: 8
  inserted: 8
  seconds: 13.516576969
  version: 0.42.0
  what: judges-summary
  when: 2025-06-15 15:04:56.363420271 Z
- _id: 1
  _time: 2025-06-15 15:04:56.355770116 Z
  _version: 0.10.1/0.42.0/
  what: dimensions-of-terrain
  when: 2025-06-15 15:04:56.355923892 Z
- _id: 2
  _time: 2025-06-15 15:04:56.358718320 Z
  _version: 0.10.1/0.42.0/
  since: 2025-05-18 15:04:56.358864453 Z
  what: quantity-of-deliverables
  when: 2025-06-15 15:04:56.358829167 Z
- _id: 3
  _time: 2025-06-15 15:04:56.360229950 Z
  _version: 0.10.1/0.42.0/
  since: 2025-05-18 15:04:56.360365503 Z
  what: quality-of-service
  when: 2025-06-15 15:04:56.360332351 Z
