---
- added: 8
  cycles: 1
  deleted: 8
  inserted: 8
  seconds: 17.706591375
  version: 0.42.0
  what: judges-summary
  when: 2025-05-18 18:06:30.693299838 Z
- _id: 1
  _time: 2025-05-18 18:06:30.685210658 Z
  _version: 0.10.1/0.42.0/
  since: 2025-04-20 18:06:30.685392617 Z
  what: quantity-of-deliverables
  when: 2025-05-18 18:06:30.685355989 Z
- _id: 2
  _time: 2025-05-18 18:06:30.688057448 Z
  _version: 0.10.1/0.42.0/
  since: 2025-04-20 18:06:30.688295833 Z
  what: quality-of-service
  when: 2025-05-18 18:06:30.688237274 Z
- _id: 3
  _time: 2025-05-18 18:06:30.690467053 Z
  _version: 0.10.1/0.42.0/
  what: dimensions-of-terrain
  when: 2025-05-18 18:06:30.690600392 Z
