---
- added: 8
  cycles: 1
  deleted: 8
  inserted: 8
  seconds: 7.388693444
  version: 0.42.0
  what: judges-summary
  when: 2025-06-06 23:35:05.819430011 Z
- _id: 1
  _time: 2025-06-06 23:35:05.806157861 Z
  _version: 0.10.1/0.42.0/
  what: dimensions-of-terrain
  when: 2025-06-06 23:35:05.806312951 Z
- _id: 2
  _time: 2025-06-06 23:35:05.809620940 Z
  _version: 0.10.1/0.42.0/
  since: 2025-05-09 23:35:05.809756523 Z
  what: quality-of-service
  when: 2025-06-06 23:35:05.809723502 Z
- _id: 3
  _time: 2025-06-06 23:35:05.814638480 Z
  _version: 0.10.1/0.42.0/
  since: 2025-05-09 23:35:05.814737275 Z
  what: quantity-of-deliverables
  when: 2025-06-06 23:35:05.814714693 Z
