---
- added: 8
  cycles: 1
  deleted: 8
  inserted: 8
  seconds: 7.678581627
  version: 0.42.0
  what: judges-summary
  when: 2025-06-01 13:38:18.437383063 Z
- _id: 1
  _time: 2025-06-01 13:38:18.428043559 Z
  _version: 0.10.1/0.42.0/
  since: 2025-05-04 13:38:18.428252380 Z
  what: quality-of-service
  when: 2025-06-01 13:38:18.428216152 Z
- _id: 2
  _time: 2025-06-01 13:38:18.430645214 Z
  _version: 0.10.1/0.42.0/
  what: dimensions-of-terrain
  when: 2025-06-01 13:38:18.430788112 Z
- _id: 3
  _time: 2025-06-01 13:38:18.432468324 Z
  _version: 0.10.1/0.42.0/
  since: 2025-05-04 13:38:18.432635026 Z
  what: quantity-of-deliverables
  when: 2025-06-01 13:38:18.432596874 Z
