---
- added: 8
  cycles: 1
  deleted: 8
  inserted: 8
  seconds: 18.53458335
  version: 0.42.0
  what: judges-summary
  when: 2025-06-04 13:15:47.409807585 Z
- _id: 1
  _time: 2025-06-04 13:15:47.398057432 Z
  _version: 0.10.1/0.42.0/
  what: dimensions-of-terrain
  when: 2025-06-04 13:15:47.398238780 Z
- _id: 2
  _time: 2025-06-04 13:15:47.403332166 Z
  _version: 0.10.1/0.42.0/
  since: 2025-05-07 13:15:47.403465564 Z
  what: quantity-of-deliverables
  when: 2025-06-04 13:15:47.403433364 Z
- _id: 3
  _time: 2025-06-04 13:15:47.406064796 Z
  _version: 0.10.1/0.42.0/
  since: 2025-05-07 13:15:47.406330382 Z
  what: quality-of-service
  when: 2025-06-04 13:15:47.406266303 Z
