---
- added: 8
  cycles: 1
  deleted: 8
  inserted: 8
  seconds: 17.994137735
  version: 0.42.0
  what: judges-summary
  when: 2025-06-13 03:27:23.574598745 Z
- _id: 1
  _time: 2025-06-13 03:27:23.560758863 Z
  _version: 0.10.1/0.42.0/
  since: 2025-05-16 03:27:23.560944670 Z
  what: quantity-of-deliverables
  when: 2025-06-13 03:27:23.560907000 Z
- _id: 2
  _time: 2025-06-13 03:27:23.564534737 Z
  _version: 0.10.1/0.42.0/
  since: 2025-05-16 03:27:23.564671713 Z
  what: quality-of-service
  when: 2025-06-13 03:27:23.564637919 Z
- _id: 3
  _time: 2025-06-13 03:27:23.573657406 Z
  _version: 0.10.1/0.42.0/
  what: dimensions-of-terrain
  when: 2025-06-13 03:27:23.573733277 Z
