---
- added: 8
  cycles: 1
  deleted: 8
  inserted: 8
  seconds: 7.43335365
  version: 0.42.0
  what: judges-summary
  when: 2025-05-23 03:45:41.967797739 Z
- _id: 1
  _time: 2025-05-23 03:45:41.957184886 Z
  _version: 0.10.1/0.42.0/
  since: 2025-04-25 03:45:41.957398649 Z
  what: quality-of-service
  when: 2025-05-23 03:45:41.957328169 Z
- _id: 2
  _time: 2025-05-23 03:45:41.962020522 Z
  _version: 0.10.1/0.42.0/
  what: dimensions-of-terrain
  when: 2025-05-23 03:45:41.962155499 Z
- _id: 3
  _time: 2025-05-23 03:45:41.966877449 Z
  _version: 0.10.1/0.42.0/
  since: 2025-04-25 03:45:41.966977964 Z
  what: quantity-of-deliverables
  when: 2025-05-23 03:45:41.966954851 Z
