---
- added: 8
  cycles: 1
  deleted: 8
  inserted: 8
  seconds: 6.899570818
  version: 0.42.0
  what: judges-summary
  when: 2025-05-24 20:35:27.735563985 Z
- _id: 1
  _time: 2025-05-24 20:35:27.729123033 Z
  _version: 0.10.1/0.42.0/
  since: 2025-04-26 20:35:27.729344998 Z
  what: quality-of-service
  when: 2025-05-24 20:35:27.729297329 Z
- _id: 2
  _time: 2025-05-24 20:35:27.733318110 Z
  _version: 0.10.1/0.42.0/
  what: dimensions-of-terrain
  when: 2025-05-24 20:35:27.733397218 Z
- _id: 3
  _time: 2025-05-24 20:35:27.734571916 Z
  _version: 0.10.1/0.42.0/
  since: 2025-04-26 20:35:27.734672414 Z
  what: quantity-of-deliverables
  when: 2025-05-24 20:35:27.734648590 Z
