---
- added: 8
  cycles: 1
  deleted: 8
  inserted: 8
  seconds: 7.314325907
  version: 0.42.0
  what: judges-summary
  when: 2025-05-25 06:06:27.781938056 Z
- _id: 1
  _time: 2025-05-25 06:06:27.769908735 Z
  _version: 0.10.1/0.42.0/
  since: 2025-04-27 06:06:27.770094613 Z
  what: quantity-of-deliverables
  when: 2025-05-25 06:06:27.770055871 Z
- _id: 2
  _time: 2025-05-25 06:06:27.772143756 Z
  _version: 0.10.1/0.42.0/
  what: dimensions-of-terrain
  when: 2025-05-25 06:06:27.772291262 Z
- _id: 3
  _time: 2025-05-25 06:06:27.776573312 Z
  _version: 0.10.1/0.42.0/
  since: 2025-04-27 06:06:27.776706841 Z
  what: quality-of-service
  when: 2025-05-25 06:06:27.776674671 Z
