---
- added: 8
  cycles: 1
  deleted: 8
  inserted: 8
  seconds: 8.974356502
  version: 0.42.0
  what: judges-summary
  when: 2025-06-12 02:35:32.590628894 Z
- _id: 1
  _time: 2025-06-12 02:35:32.578889528 Z
  _version: 0.10.1/0.42.0/
  since: 2025-05-15 02:35:32.579079895 Z
  what: quantity-of-deliverables
  when: 2025-06-12 02:35:32.579042034 Z
- _id: 2
  _time: 2025-06-12 02:35:32.584124532 Z
  _version: 0.10.1/0.42.0/
  since: 2025-05-15 02:35:32.584260196 Z
  what: quality-of-service
  when: 2025-06-12 02:35:32.584227024 Z
- _id: 3
  _time: 2025-06-12 02:35:32.589730832 Z
  _version: 0.10.1/0.42.0/
  what: dimensions-of-terrain
  when: 2025-06-12 02:35:32.589808337 Z
