---
- added: 8
  cycles: 1
  deleted: 8
  inserted: 8
  seconds: 7.674531574
  version: 0.42.0
  what: judges-summary
  when: 2025-05-21 04:39:22.954988581 Z
- _id: 1
  _time: 2025-05-21 04:39:22.942328040 Z
  _version: 0.10.1/0.42.0/
  what: dimensions-of-terrain
  when: 2025-05-21 04:39:22.942479424 Z
- _id: 2
  _time: 2025-05-21 04:39:22.947837196 Z
  _version: 0.10.1/0.42.0/
  since: 2025-04-23 04:39:22.947975034 Z
  what: quantity-of-deliverables
  when: 2025-05-21 04:39:22.947941902 Z
- _id: 3
  _time: 2025-05-21 04:39:22.950361261 Z
  _version: 0.10.1/0.42.0/
  since: 2025-04-23 04:39:22.950497546 Z
  what: quality-of-service
  when: 2025-05-21 04:39:22.950463973 Z
