---
- added: 8
  cycles: 1
  deleted: 8
  inserted: 8
  seconds: 7.646968609
  version: 0.42.0
  what: judges-summary
  when: 2025-06-06 05:05:49.758270692 Z
- _id: 1
  _time: 2025-06-06 05:05:49.751970216 Z
  _version: 0.10.1/0.42.0/
  since: 2025-05-09 05:05:49.752153668 Z
  what: quality-of-service
  when: 2025-06-06 05:05:49.752116108 Z
- _id: 2
  _time: 2025-06-06 05:05:49.755432826 Z
  _version: 0.10.1/0.42.0/
  since: 2025-05-09 05:05:49.755529843 Z
  what: quantity-of-deliverables
  when: 2025-06-06 05:05:49.755507748 Z
- _id: 3
  _time: 2025-06-06 05:05:49.756659077 Z
  _version: 0.10.1/0.42.0/
  what: dimensions-of-terrain
  when: 2025-06-06 05:05:49.756768630 Z
