---
- added: 8
  cycles: 1
  deleted: 8
  inserted: 8
  seconds: 9.577315902
  version: 0.42.0
  what: judges-summary
  when: 2025-05-12 03:24:24.243246785 Z
- _id: 1
  _time: 2025-05-12 03:24:24.234040635 Z
  _version: 0.10.1/0.42.0/
  what: dimensions-of-terrain
  when: 2025-05-12 03:24:24.234229117 Z
- _id: 2
  _time: 2025-05-12 03:24:24.237623877 Z
  _version: 0.10.1/0.42.0/
  since: 2025-04-14 03:24:24.237769759 Z
  what: quality-of-service
  when: 2025-05-12 03:24:24.237735335 Z
- _id: 3
  _time: 2025-05-12 03:24:24.241240489 Z
  _version: 0.10.1/0.42.0/
  since: 2025-04-14 03:24:24.241349762 Z
  what: quantity-of-deliverables
  when: 2025-05-12 03:24:24.241325227 Z
