---
- added: 8
  cycles: 1
  deleted: 8
  inserted: 8
  seconds: 7.153140427
  version: 0.42.0
  what: judges-summary
  when: 2025-06-11 02:35:36.202164785 Z
- _id: 1
  _time: 2025-06-11 02:35:36.190178065 Z
  _version: 0.10.1/0.42.0/
  since: 2025-05-14 02:35:36.190363132 Z
  what: quality-of-service
  when: 2025-06-11 02:35:36.190325832 Z
- _id: 2
  _time: 2025-06-11 02:35:36.199956026 Z
  _version: 0.10.1/0.42.0/
  what: dimensions-of-terrain
  when: 2025-06-11 02:35:36.200038030 Z
- _id: 3
  _time: 2025-06-11 02:35:36.201266070 Z
  _version: 0.10.1/0.42.0/
  since: 2025-05-14 02:35:36.201367621 Z
  what: quantity-of-deliverables
  when: 2025-06-11 02:35:36.201343345 Z
