---
- added: 8
  cycles: 1
  deleted: 8
  inserted: 8
  seconds: 7.984860997
  version: 0.42.0
  what: judges-summary
  when: 2025-06-07 14:36:14.482307645 Z
- _id: 1
  _time: 2025-06-07 14:36:14.475633218 Z
  _version: 0.10.1/0.42.0/
  since: 2025-05-10 14:36:14.475814868 Z
  what: quality-of-service
  when: 2025-06-07 14:36:14.475777368 Z
- _id: 2
  _time: 2025-06-07 14:36:14.477460085 Z
  _version: 0.10.1/0.42.0/
  since: 2025-05-10 14:36:14.477560623 Z
  what: quantity-of-deliverables
  when: 2025-06-07 14:36:14.477538492 Z
- _id: 3
  _time: 2025-06-07 14:36:14.480331756 Z
  _version: 0.10.1/0.42.0/
  what: dimensions-of-terrain
  when: 2025-06-07 14:36:14.480406757 Z
