---
- added: 8
  cycles: 1
  deleted: 8
  inserted: 8
  seconds: 10.888593007
  version: 0.42.0
  what: judges-summary
  when: 2025-06-12 16:06:10.030394299 Z
- _id: 1
  _time: 2025-06-12 16:06:10.020541420 Z
  _version: 0.10.1/0.42.0/
  since: 2025-05-15 16:06:10.020728829 Z
  what: quality-of-service
  when: 2025-06-12 16:06:10.020685979 Z
- _id: 2
  _time: 2025-06-12 16:06:10.025229981 Z
  _version: 0.10.1/0.42.0/
  since: 2025-05-15 16:06:10.025329305 Z
  what: quantity-of-deliverables
  when: 2025-06-12 16:06:10.025306403 Z
- _id: 3
  _time: 2025-06-12 16:06:10.026437637 Z
  _version: 0.10.1/0.42.0/
  what: dimensions-of-terrain
  when: 2025-06-12 16:06:10.026512156 Z
