---
- added: 8
  cycles: 1
  deleted: 8
  inserted: 8
  seconds: 7.80819034
  version: 0.42.0
  what: judges-summary
  when: 2025-05-27 04:40:28.866690875 Z
- _id: 1
  _time: 2025-05-27 04:40:28.852388878 Z
  _version: 0.10.1/0.42.0/
  since: 2025-04-29 04:40:28.852581067 Z
  what: quantity-of-deliverables
  when: 2025-05-27 04:40:28.852542505 Z
- _id: 2
  _time: 2025-05-27 04:40:28.854928123 Z
  _version: 0.10.1/0.42.0/
  what: dimensions-of-terrain
  when: 2025-05-27 04:40:28.855082120 Z
- _id: 3
  _time: 2025-05-27 04:40:28.858389389 Z
  _version: 0.10.1/0.42.0/
  since: 2025-04-29 04:40:28.858625870 Z
  what: quality-of-service
  when: 2025-05-27 04:40:28.858565066 Z
