---
- added: 8
  cycles: 1
  deleted: 8
  inserted: 8
  seconds: 7.700033268
  version: 0.42.0
  what: judges-summary
  when: 2025-06-12 03:47:14.574414612 Z
- _id: 1
  _time: 2025-06-12 03:47:14.565849422 Z
  _version: 0.10.1/0.42.0/
  since: 2025-05-15 03:47:14.566035099 Z
  what: quality-of-service
  when: 2025-06-12 03:47:14.565996207 Z
- _id: 2
  _time: 2025-06-12 03:47:14.571547589 Z
  _version: 0.10.1/0.42.0/
  what: dimensions-of-terrain
  when: 2025-06-12 03:47:14.571628119 Z
- _id: 3
  _time: 2025-06-12 03:47:14.573531483 Z
  _version: 0.10.1/0.42.0/
  since: 2025-05-15 03:47:14.573631049 Z
  what: quantity-of-deliverables
  when: 2025-06-12 03:47:14.573607776 Z
