---
- added: 8
  cycles: 1
  deleted: 8
  inserted: 8
  seconds: 7.88900095
  version: 0.42.0
  what: judges-summary
  when: 2025-05-20 10:39:19.378748950 Z
- _id: 1
  _time: 2025-05-20 10:39:19.369665673 Z
  _version: 0.10.1/0.42.0/
  since: 2025-04-22 10:39:19.369850175 Z
  what: quantity-of-deliverables
  when: 2025-05-20 10:39:19.369813487 Z
- _id: 2
  _time: 2025-05-20 10:39:19.374774956 Z
  _version: 0.10.1/0.42.0/
  since: 2025-04-22 10:39:19.374906841 Z
  what: quality-of-service
  when: 2025-05-20 10:39:19.374874772 Z
- _id: 3
  _time: 2025-05-20 10:39:19.377004652 Z
  _version: 0.10.1/0.42.0/
  what: dimensions-of-terrain
  when: 2025-05-20 10:39:19.377081334 Z
