---
- added: 8
  cycles: 1
  deleted: 8
  inserted: 8
  seconds: 7.593629692
  version: 0.42.0
  what: judges-summary
  when: 2025-05-26 03:25:57.806191497 Z
- _id: 1
  _time: 2025-05-26 03:25:57.799495152 Z
  _version: 0.10.1/0.42.0/
  since: 2025-04-28 03:25:57.799680929 Z
  what: quality-of-service
  when: 2025-05-26 03:25:57.799643409 Z
- _id: 2
  _time: 2025-05-26 03:25:57.802253775 Z
  _version: 0.10.1/0.42.0/
  what: dimensions-of-terrain
  when: 2025-05-26 03:25:57.802332341 Z
- _id: 3
  _time: 2025-05-26 03:25:57.805255863 Z
  _version: 0.10.1/0.42.0/
  since: 2025-04-28 03:25:57.805355729 Z
  what: quantity-of-deliverables
  when: 2025-05-26 03:25:57.805333468 Z
