---
- added: 8
  cycles: 1
  deleted: 8
  inserted: 8
  seconds: 13.923813046
  version: 0.42.0
  what: judges-summary
  when: 2025-06-09 01:34:10.025909503 Z
- _id: 1
  _time: 2025-06-09 01:34:10.016701289 Z
  _version: 0.10.1/0.42.0/
  what: dimensions-of-terrain
  when: 2025-06-09 01:34:10.016987166 Z
- _id: 2
  _time: 2025-06-09 01:34:10.019836127 Z
  _version: 0.10.1/0.42.0/
  since: 2025-05-12 01:34:10.019976059 Z
  what: quantity-of-deliverables
  when: 2025-06-09 01:34:10.019943117 Z
- _id: 3
  _time: 2025-06-09 01:34:10.024481121 Z
  _version: 0.10.1/0.42.0/
  since: 2025-05-12 01:34:10.024617978 Z
  what: quality-of-service
  when: 2025-06-09 01:34:10.024584876 Z
