---
- added: 8
  cycles: 1
  deleted: 8
  inserted: 8
  seconds: 7.821199298
  version: 0.42.0
  what: judges-summary
  when: 2025-06-11 08:40:47.211881410 Z
- _id: 1
  _time: 2025-06-11 08:40:47.202715419 Z
  _version: 0.10.1/0.42.0/
  since: 2025-05-14 08:40:47.202936074 Z
  what: quantity-of-deliverables
  when: 2025-06-11 08:40:47.202895207 Z
- _id: 2
  _time: 2025-06-11 08:40:47.205323522 Z
  _version: 0.10.1/0.42.0/
  since: 2025-05-14 08:40:47.205471389 Z
  what: quality-of-service
  when: 2025-06-11 08:40:47.205438358 Z
- _id: 3
  _time: 2025-06-11 08:40:47.209204786 Z
  _version: 0.10.1/0.42.0/
  what: dimensions-of-terrain
  when: 2025-06-11 08:40:47.209283583 Z
