---
- added: 8
  cycles: 1
  deleted: 8
  inserted: 8
  seconds: 9.466002182
  version: 0.42.0
  what: judges-summary
  when: 2025-05-17 23:34:11.113519978 Z
- _id: 1
  _time: 2025-05-17 23:34:11.107292963 Z
  _version: 0.10.1/0.42.0/
  since: 2025-04-19 23:34:11.107466166 Z
  what: quantity-of-deliverables
  when: 2025-05-17 23:34:11.107430580 Z
- _id: 2
  _time: 2025-05-17 23:34:11.109853996 Z
  _version: 0.10.1/0.42.0/
  what: dimensions-of-terrain
  when: 2025-05-17 23:34:11.109955175 Z
- _id: 3
  _time: 2025-05-17 23:34:11.112250746 Z
  _version: 0.10.1/0.42.0/
  since: 2025-04-19 23:34:11.112383614 Z
  what: quality-of-service
  when: 2025-05-17 23:34:11.112351885 Z
