---
- added: 8
  cycles: 1
  deleted: 8
  inserted: 8
  seconds: 7.971644546
  version: 0.42.0
  what: judges-summary
  when: 2025-06-02 21:36:41.788453183 Z
- _id: 1
  _time: 2025-06-02 21:36:41.778184537 Z
  _version: 0.10.1/0.42.0/
  what: dimensions-of-terrain
  when: 2025-06-02 21:36:41.778330510 Z
- _id: 2
  _time: 2025-06-02 21:36:41.782531312 Z
  _version: 0.10.1/0.42.0/
  since: 2025-05-05 21:36:41.782672386 Z
  what: quality-of-service
  when: 2025-06-02 21:36:41.782639495 Z
- _id: 3
  _time: 2025-06-02 21:36:41.786320666 Z
  _version: 0.10.1/0.42.0/
  since: 2025-05-05 21:36:41.786421123 Z
  what: quantity-of-deliverables
  when: 2025-06-02 21:36:41.786397760 Z
