---
- added: 8
  cycles: 1
  deleted: 8
  inserted: 8
  seconds: 9.410545134
  version: 0.42.0
  what: judges-summary
  when: 2025-05-28 01:33:17.166922572 Z
- _id: 1
  _time: 2025-05-28 01:33:17.153512761 Z
  _version: 0.10.1/0.42.0/
  since: 2025-04-30 01:33:17.153728916 Z
  what: quantity-of-deliverables
  when: 2025-05-28 01:33:17.153689832 Z
- _id: 2
  _time: 2025-05-28 01:33:17.155349627 Z
  _version: 0.10.1/0.42.0/
  what: dimensions-of-terrain
  when: 2025-05-28 01:33:17.155450986 Z
- _id: 3
  _time: 2025-05-28 01:33:17.159494069 Z
  _version: 0.10.1/0.42.0/
  since: 2025-04-30 01:33:17.159664308 Z
  what: quality-of-service
  when: 2025-05-28 01:33:17.159632238 Z
