---
- added: 8
  cycles: 1
  deleted: 8
  inserted: 8
  seconds: 9.720298415
  version: 0.42.0
  what: judges-summary
  when: 2025-06-04 02:35:40.107934908 Z
- _id: 1
  _time: 2025-06-04 02:35:40.100921002 Z
  _version: 0.10.1/0.42.0/
  since: 2025-05-07 02:35:40.101109195 Z
  what: quality-of-service
  when: 2025-06-04 02:35:40.101071585 Z
- _id: 2
  _time: 2025-06-04 02:35:40.105629607 Z
  _version: 0.10.1/0.42.0/
  what: dimensions-of-terrain
  when: 2025-06-04 02:35:40.105705730 Z
- _id: 3
  _time: 2025-06-04 02:35:40.107006123 Z
  _version: 0.10.1/0.42.0/
  since: 2025-05-07 02:35:40.107102925 Z
  what: quantity-of-deliverables
  when: 2025-06-04 02:35:40.107079822 Z
