---
- added: 8
  cycles: 1
  deleted: 8
  inserted: 8
  seconds: 18.035022096
  version: 0.42.0
  what: judges-summary
  when: 2025-05-27 16:40:42.598121320 Z
- _id: 1
  _time: 2025-05-27 16:40:42.590343661 Z
  _version: 0.10.1/0.42.0/
  what: dimensions-of-terrain
  when: 2025-05-27 16:40:42.590492720 Z
- _id: 2
  _time: 2025-05-27 16:40:42.592635276 Z
  _version: 0.10.1/0.42.0/
  since: 2025-04-29 16:40:42.592797339 Z
  what: quality-of-service
  when: 2025-05-27 16:40:42.592760740 Z
- _id: 3
  _time: 2025-05-27 16:40:42.594416171 Z
  _version: 0.10.1/0.42.0/
  since: 2025-04-29 16:40:42.594541475 Z
  what: quantity-of-deliverables
  when: 2025-05-27 16:40:42.594490099 Z
