---
- added: 8
  cycles: 1
  deleted: 8
  inserted: 8
  seconds: 7.735701249
  version: 0.42.0
  what: judges-summary
  when: 2025-05-20 18:06:59.030652324 Z
- _id: 1
  _time: 2025-05-20 18:06:59.018424067 Z
  _version: 0.10.1/0.42.0/
  since: 2025-04-22 18:06:59.018637195 Z
  what: quality-of-service
  when: 2025-05-20 18:06:59.018597882 Z
- _id: 2
  _time: 2025-05-20 18:06:59.024960992 Z
  _version: 0.10.1/0.42.0/
  what: dimensions-of-terrain
  when: 2025-05-20 18:06:59.025042745 Z
- _id: 3
  _time: 2025-05-20 18:06:59.026419185 Z
  _version: 0.10.1/0.42.0/
  since: 2025-04-22 18:06:59.026543727 Z
  what: quantity-of-deliverables
  when: 2025-05-20 18:06:59.026493423 Z
