---
- added: 8
  cycles: 1
  deleted: 8
  inserted: 8
  seconds: 10.665682563
  version: 0.42.0
  what: judges-summary
  when: 2025-06-05 10:40:04.904437479 Z
- _id: 1
  _time: 2025-06-05 10:40:04.892783052 Z
  _version: 0.10.1/0.42.0/
  since: 2025-05-08 10:40:04.893004055 Z
  what: quantity-of-deliverables
  when: 2025-06-05 10:40:04.892966475 Z
- _id: 2
  _time: 2025-06-05 10:40:04.895306939 Z
  _version: 0.10.1/0.42.0/
  since: 2025-05-08 10:40:04.895444406 Z
  what: quality-of-service
  when: 2025-06-05 10:40:04.895410242 Z
- _id: 3
  _time: 2025-06-05 10:40:04.897475292 Z
  _version: 0.10.1/0.42.0/
  what: dimensions-of-terrain
  when: 2025-06-05 10:40:04.897562125 Z
