---
- added: 8
  cycles: 1
  deleted: 8
  inserted: 8
  seconds: 7.212237294
  version: 0.42.0
  what: judges-summary
  when: 2025-06-09 17:35:58.688096247 Z
- _id: 1
  _time: 2025-06-09 17:35:58.678455026 Z
  _version: 0.10.1/0.42.0/
  since: 2025-05-12 17:35:58.678680900 Z
  what: quality-of-service
  when: 2025-06-09 17:35:58.678643129 Z
- _id: 2
  _time: 2025-06-09 17:35:58.680219846 Z
  _version: 0.10.1/0.42.0/
  since: 2025-05-12 17:35:58.680317168 Z
  what: quantity-of-deliverables
  when: 2025-06-09 17:35:58.680293824 Z
- _id: 3
  _time: 2025-06-09 17:35:58.685303961 Z
  _version: 0.10.1/0.42.0/
  what: dimensions-of-terrain
  when: 2025-06-09 17:35:58.685381517 Z
