---
- added: 8
  cycles: 1
  deleted: 8
  inserted: 8
  seconds: 6.944054636
  version: 0.42.0
  what: judges-summary
  when: 2025-06-10 02:36:34.558582178 Z
- _id: 1
  _time: 2025-06-10 02:36:34.545061711 Z
  _version: 0.10.1/0.42.0/
  what: dimensions-of-terrain
  when: 2025-06-10 02:36:34.545210879 Z
- _id: 2
  _time: 2025-06-10 02:36:34.554241051 Z
  _version: 0.10.1/0.42.0/
  since: 2025-05-13 02:36:34.554417910 Z
  what: quality-of-service
  when: 2025-06-10 02:36:34.554383085 Z
- _id: 3
  _time: 2025-06-10 02:36:34.557582696 Z
  _version: 0.10.1/0.42.0/
  since: 2025-05-13 02:36:34.557680088 Z
  what: quantity-of-deliverables
  when: 2025-06-10 02:36:34.557657435 Z
