---
- added: 8
  cycles: 1
  deleted: 8
  inserted: 8
  seconds: 8.10448411
  version: 0.42.0
  what: judges-summary
  when: 2025-06-07 16:40:22.049693816 Z
- _id: 1
  _time: 2025-06-07 16:40:22.037836386 Z
  _version: 0.10.1/0.42.0/
  since: 2025-05-10 16:40:22.038025111 Z
  what: quality-of-service
  when: 2025-06-07 16:40:22.037987480 Z
- _id: 2
  _time: 2025-06-07 16:40:22.046444728 Z
  _version: 0.10.1/0.42.0/
  since: 2025-05-10 16:40:22.046549796 Z
  what: quantity-of-deliverables
  when: 2025-06-07 16:40:22.046526151 Z
- _id: 3
  _time: 2025-06-07 16:40:22.048755742 Z
  _version: 0.10.1/0.42.0/
  what: dimensions-of-terrain
  when: 2025-06-07 16:40:22.048830573 Z
