---
- added: 8
  cycles: 1
  deleted: 8
  inserted: 8
  seconds: 17.479478006
  version: 0.42.0
  what: judges-summary
  when: 2025-06-07 21:34:28.170252427 Z
- _id: 1
  _time: 2025-06-07 21:34:28.160659130 Z
  _version: 0.10.1/0.42.0/
  since: 2025-05-10 21:34:28.160843664 Z
  what: quantity-of-deliverables
  when: 2025-06-07 21:34:28.160806655 Z
- _id: 2
  _time: 2025-06-07 21:34:28.166802609 Z
  _version: 0.10.1/0.42.0/
  since: 2025-05-10 21:34:28.166981282 Z
  what: quality-of-service
  when: 2025-06-07 21:34:28.166946738 Z
- _id: 3
  _time: 2025-06-07 21:34:28.168608651 Z
  _version: 0.10.1/0.42.0/
  what: dimensions-of-terrain
  when: 2025-06-07 21:34:28.168686156 Z
