---
- added: 8
  cycles: 1
  deleted: 8
  inserted: 8
  seconds: 9.541758794
  version: 0.42.0
  what: judges-summary
  when: 2025-06-02 05:38:27.466490991 Z
- _id: 1
  _time: 2025-06-02 05:38:27.454474043 Z
  _version: 0.10.1/0.42.0/
  what: dimensions-of-terrain
  when: 2025-06-02 05:38:27.454620016 Z
- _id: 2
  _time: 2025-06-02 05:38:27.459597242 Z
  _version: 0.10.1/0.42.0/
  since: 2025-05-05 05:38:27.459730340 Z
  what: quality-of-service
  when: 2025-06-02 05:38:27.459698461 Z
- _id: 3
  _time: 2025-06-02 05:38:27.464868436 Z
  _version: 0.10.1/0.42.0/
  since: 2025-05-05 05:38:27.465005783 Z
  what: quantity-of-deliverables
  when: 2025-06-02 05:38:27.464980235 Z
