---
- added: 8
  cycles: 1
  deleted: 8
  inserted: 8
  seconds: 7.531819904
  version: 0.42.0
  what: judges-summary
  when: 2025-05-26 18:06:38.542144111 Z
- _id: 1
  _time: 2025-05-26 18:06:38.528734201 Z
  _version: 0.10.1/0.42.0/
  what: dimensions-of-terrain
  when: 2025-05-26 18:06:38.528887796 Z
- _id: 2
  _time: 2025-05-26 18:06:38.531086296 Z
  _version: 0.10.1/0.42.0/
  since: 2025-04-28 18:06:38.531223230 Z
  what: quantity-of-deliverables
  when: 2025-05-26 18:06:38.531189348 Z
- _id: 3
  _time: 2025-05-26 18:06:38.533562475 Z
  _version: 0.10.1/0.42.0/
  since: 2025-04-28 18:06:38.533732019 Z
  what: quality-of-service
  when: 2025-05-26 18:06:38.533697736 Z
