---
- added: 8
  cycles: 1
  deleted: 8
  inserted: 8
  seconds: 9.965962805
  version: 0.42.0
  what: judges-summary
  when: 2025-05-20 11:04:59.906745125 Z
- _id: 1
  _time: 2025-05-20 11:04:59.898757377 Z
  _version: 0.10.1/0.42.0/
  since: 2025-04-22 11:04:59.898945789 Z
  what: quantity-of-deliverables
  when: 2025-05-20 11:04:59.898907898 Z
- _id: 2
  _time: 2025-05-20 11:04:59.901389352 Z
  _version: 0.10.1/0.42.0/
  what: dimensions-of-terrain
  when: 2025-05-20 11:04:59.901495399 Z
- _id: 3
  _time: 2025-05-20 11:04:59.902990711 Z
  _version: 0.10.1/0.42.0/
  since: 2025-04-22 11:04:59.903129461 Z
  what: quality-of-service
  when: 2025-05-20 11:04:59.903095848 Z
