---
- added: 8
  cycles: 1
  deleted: 8
  inserted: 8
  seconds: 7.796338766
  version: 0.42.0
  what: judges-summary
  when: 2025-05-13 06:41:43.382000775 Z
- _id: 1
  _time: 2025-05-13 06:41:43.373195173 Z
  _version: 0.10.1/0.42.0/
  since: 2025-04-15 06:41:43.373408730 Z
  what: quality-of-service
  when: 2025-05-13 06:41:43.373344671 Z
- _id: 2
  _time: 2025-05-13 06:41:43.376498739 Z
  _version: 0.10.1/0.42.0/
  since: 2025-04-15 06:41:43.376678222 Z
  what: quantity-of-deliverables
  when: 2025-05-13 06:41:43.376632567 Z
- _id: 3
  _time: 2025-05-13 06:41:43.377941117 Z
  _version: 0.10.1/0.42.0/
  what: dimensions-of-terrain
  when: 2025-05-13 06:41:43.378017930 Z
