---
- added: 8
  cycles: 1
  deleted: 8
  inserted: 8
  seconds: 9.715325498
  version: 0.42.0
  what: judges-summary
  when: 2025-06-02 19:33:53.741275284 Z
- _id: 1
  _time: 2025-06-02 19:33:53.734316351 Z
  _version: 0.10.1/0.42.0/
  since: 2025-05-05 19:33:53.734495845 Z
  what: quality-of-service
  when: 2025-06-02 19:33:53.734458395 Z
- _id: 2
  _time: 2025-06-02 19:33:53.736944865 Z
  _version: 0.10.1/0.42.0/
  what: dimensions-of-terrain
  when: 2025-06-02 19:33:53.737022931 Z
- _id: 3
  _time: 2025-06-02 19:33:53.738397214 Z
  _version: 0.10.1/0.42.0/
  since: 2025-05-05 19:33:53.738494975 Z
  what: quantity-of-deliverables
  when: 2025-06-02 19:33:53.738471953 Z
