---
- added: 8
  cycles: 1
  deleted: 8
  inserted: 8
  seconds: 10.057984223
  version: 0.42.0
  what: judges-summary
  when: 2025-06-06 13:13:29.388324621 Z
- _id: 1
  _time: 2025-06-06 13:13:29.375954766 Z
  _version: 0.10.1/0.42.0/
  since: 2025-05-09 13:13:29.376143108 Z
  what: quality-of-service
  when: 2025-06-06 13:13:29.376105157 Z
- _id: 2
  _time: 2025-06-06 13:13:29.378740263 Z
  _version: 0.10.1/0.42.0/
  what: dimensions-of-terrain
  when: 2025-06-06 13:13:29.378820193 Z
- _id: 3
  _time: 2025-06-06 13:13:29.380062939 Z
  _version: 0.10.1/0.42.0/
  since: 2025-05-09 13:13:29.380159209 Z
  what: quantity-of-deliverables
  when: 2025-06-06 13:13:29.380136426 Z
