---
- added: 8
  cycles: 1
  deleted: 8
  inserted: 8
  seconds: 7.603786877
  version: 0.42.0
  what: judges-summary
  when: 2025-06-07 21:04:35.632843869 Z
- _id: 1
  _time: 2025-06-07 21:04:35.620004427 Z
  _version: 0.10.1/0.42.0/
  since: 2025-05-10 21:04:35.620220728 Z
  what: quantity-of-deliverables
  when: 2025-06-07 21:04:35.620183559 Z
- _id: 2
  _time: 2025-06-07 21:04:35.623490580 Z
  _version: 0.10.1/0.42.0/
  what: dimensions-of-terrain
  when: 2025-06-07 21:04:35.623592178 Z
- _id: 3
  _time: 2025-06-07 21:04:35.629279078 Z
  _version: 0.10.1/0.42.0/
  since: 2025-05-10 21:04:35.629412575 Z
  what: quality-of-service
  when: 2025-06-07 21:04:35.629379313 Z
