---
- added: 8
  cycles: 1
  deleted: 8
  inserted: 8
  seconds: 17.653696885
  version: 0.42.0
  what: judges-summary
  when: 2025-05-19 10:39:55.668632547 Z
- _id: 1
  _time: 2025-05-19 10:39:55.659153768 Z
  _version: 0.10.1/0.42.0/
  since: 2025-04-21 10:39:55.659337149 Z
  what: quality-of-service
  when: 2025-05-19 10:39:55.659298938 Z
- _id: 2
  _time: 2025-05-19 10:39:55.661600216 Z
  _version: 0.10.1/0.42.0/
  since: 2025-04-21 10:39:55.661735688 Z
  what: quantity-of-deliverables
  when: 2025-05-19 10:39:55.661707526 Z
- _id: 3
  _time: 2025-05-19 10:39:55.662879109 Z
  _version: 0.10.1/0.42.0/
  what: dimensions-of-terrain
  when: 2025-05-19 10:39:55.662952356 Z
