---
- added: 8
  cycles: 1
  deleted: 8
  inserted: 8
  seconds: 10.183423535
  version: 0.42.0
  what: judges-summary
  when: 2025-05-20 17:05:12.167819618 Z
- _id: 1
  _time: 2025-05-20 17:05:12.156654169 Z
  _version: 0.10.1/0.42.0/
  what: dimensions-of-terrain
  when: 2025-05-20 17:05:12.156801603 Z
- _id: 2
  _time: 2025-05-20 17:05:12.162379338 Z
  _version: 0.10.1/0.42.0/
  since: 2025-04-22 17:05:12.162552610 Z
  what: quality-of-service
  when: 2025-05-20 17:05:12.162512556 Z
- _id: 3
  _time: 2025-05-20 17:05:12.165699406 Z
  _version: 0.10.1/0.42.0/
  since: 2025-04-22 17:05:12.165797537 Z
  what: quantity-of-deliverables
  when: 2025-05-20 17:05:12.165774765 Z
