---
- added: 8
  cycles: 1
  deleted: 8
  inserted: 8
  seconds: 7.625365089
  version: 0.42.0
  what: judges-summary
  when: 2025-05-15 00:49:13.244300049 Z
- _id: 1
  _time: 2025-05-15 00:49:13.231138226 Z
  _version: 0.10.1/0.42.0/
  since: 2025-04-17 00:49:13.231328452 Z
  what: quantity-of-deliverables
  when: 2025-05-15 00:49:13.231290401 Z
- _id: 2
  _time: 2025-05-15 00:49:13.235777776 Z
  _version: 0.10.1/0.42.0/
  what: dimensions-of-terrain
  when: 2025-05-15 00:49:13.235886820 Z
- _id: 3
  _time: 2025-05-15 00:49:13.242973044 Z
  _version: 0.10.1/0.42.0/
  since: 2025-04-17 00:49:13.243129246 Z
  what: quality-of-service
  when: 2025-05-15 00:49:13.243094511 Z
