---
- added: 8
  cycles: 1
  deleted: 8
  inserted: 8
  seconds: 8.499506636
  version: 0.42.0
  what: judges-summary
  when: 2025-06-12 13:42:28.111510146 Z
- _id: 1
  _time: 2025-06-12 13:42:28.099495818 Z
  _version: 0.10.1/0.42.0/
  since: 2025-05-15 13:42:28.099720137 Z
  what: quality-of-service
  when: 2025-06-12 13:42:28.099679972 Z
- _id: 2
  _time: 2025-06-12 13:42:28.104942287 Z
  _version: 0.10.1/0.42.0/
  what: dimensions-of-terrain
  when: 2025-06-12 13:42:28.105021705 Z
- _id: 3
  _time: 2025-06-12 13:42:28.106399827 Z
  _version: 0.10.1/0.42.0/
  since: 2025-05-15 13:42:28.106495345 Z
  what: quantity-of-deliverables
  when: 2025-06-12 13:42:28.106473284 Z
