---
- added: 8
  cycles: 1
  deleted: 8
  inserted: 8
  seconds: 0.801601476
  version: 0.42.0
  what: judges-summary
  when: 2025-06-15 13:11:10.459913048 Z
- _id: 1
  _time: 2025-06-15 13:11:10.446085017 Z
  _version: 0.10.1/0.42.0/
  what: dimensions-of-terrain
  when: 2025-06-15 13:11:10.446232801 Z
- _id: 2
  _time: 2025-06-15 13:11:10.454523878 Z
  _version: 0.10.1/0.42.0/
  since: 2025-05-18 13:11:10.454660733 Z
  what: quantity-of-deliverables
  when: 2025-06-15 13:11:10.454626800 Z
- _id: 3
  _time: 2025-06-15 13:11:10.457817031 Z
  _version: 0.10.1/0.42.0/
  since: 2025-05-18 13:11:10.457948084 Z
  what: quality-of-service
  when: 2025-06-15 13:11:10.457916666 Z
