---
- added: 8
  cycles: 1
  deleted: 8
  inserted: 8
  seconds: 10.071393891
  version: 0.42.0
  what: judges-summary
  when: 2025-05-14 00:49:30.020534733 Z
- _id: 1
  _time: 2025-05-14 00:49:30.014463864 Z
  _version: 0.10.1/0.42.0/
  since: 2025-04-16 00:49:30.014652697 Z
  what: quality-of-service
  when: 2025-05-14 00:49:30.014616068 Z
- _id: 2
  _time: 2025-05-14 00:49:30.018384570 Z
  _version: 0.10.1/0.42.0/
  since: 2025-04-16 00:49:30.018496378 Z
  what: quantity-of-deliverables
  when: 2025-05-14 00:49:30.018473065 Z
- _id: 3
  _time: 2025-05-14 00:49:30.019633030 Z
  _version: 0.10.1/0.42.0/
  what: dimensions-of-terrain
  when: 2025-05-14 00:49:30.019710605 Z
