---
- added: 8
  cycles: 1
  deleted: 8
  inserted: 8
  seconds: 10.348729802
  version: 0.42.0
  what: judges-summary
  when: 2025-05-14 12:46:31.737214025 Z
- _id: 1
  _time: 2025-05-14 12:46:31.728276460 Z
  _version: 0.10.1/0.42.0/
  what: dimensions-of-terrain
  when: 2025-05-14 12:46:31.728424075 Z
- _id: 2
  _time: 2025-05-14 12:46:31.730660171 Z
  _version: 0.10.1/0.42.0/
  since: 2025-04-16 12:46:31.730806774 Z
  what: quantity-of-deliverables
  when: 2025-05-14 12:46:31.730771659 Z
- _id: 3
  _time: 2025-05-14 12:46:31.733357088 Z
  _version: 0.10.1/0.42.0/
  since: 2025-04-16 12:46:31.733492501 Z
  what: quality-of-service
  when: 2025-05-14 12:46:31.733460230 Z
