---
- added: 8
  cycles: 1
  deleted: 8
  inserted: 8
  seconds: 11.067952823
  version: 0.42.0
  what: judges-summary
  when: 2025-06-12 15:06:27.392526833 Z
- _id: 1
  _time: 2025-06-12 15:06:27.379150916 Z
  _version: 0.10.1/0.42.0/
  since: 2025-05-15 15:06:27.379341950 Z
  what: quantity-of-deliverables
  when: 2025-06-12 15:06:27.379302647 Z
- _id: 2
  _time: 2025-06-12 15:06:27.380937723 Z
  _version: 0.10.1/0.42.0/
  what: dimensions-of-terrain
  when: 2025-06-12 15:06:27.381039171 Z
- _id: 3
  _time: 2025-06-12 15:06:27.390365941 Z
  _version: 0.10.1/0.42.0/
  since: 2025-05-15 15:06:27.390514566 Z
  what: quality-of-service
  when: 2025-06-12 15:06:27.390479812 Z
