---
- added: 8
  cycles: 1
  deleted: 8
  inserted: 8
  seconds: 8.549325438
  version: 0.42.0
  what: judges-summary
  when: 2025-05-15 16:06:12.964194296 Z
- _id: 1
  _time: 2025-05-15 16:06:12.951331139 Z
  _version: 0.10.1/0.42.0/
  since: 2025-04-17 16:06:12.951518411 Z
  what: quantity-of-deliverables
  when: 2025-05-15 16:06:12.951480840 Z
- _id: 2
  _time: 2025-05-15 16:06:12.953144897 Z
  _version: 0.10.1/0.42.0/
  what: dimensions-of-terrain
  when: 2025-05-15 16:06:12.953249273 Z
- _id: 3
  _time: 2025-05-15 16:06:12.955554244 Z
  _version: 0.10.1/0.42.0/
  since: 2025-04-17 16:06:12.955708965 Z
  what: quality-of-service
  when: 2025-05-15 16:06:12.955654122 Z
