---
- added: 8
  cycles: 1
  deleted: 8
  inserted: 8
  seconds: 8.315793023
  version: 0.42.0
  what: judges-summary
  when: 2025-06-09 06:43:31.772837562 Z
- _id: 1
  _time: 2025-06-09 06:43:31.763507146 Z
  _version: 0.10.1/0.42.0/
  since: 2025-05-12 06:43:31.763686202 Z
  what: quantity-of-deliverables
  when: 2025-06-09 06:43:31.763648782 Z
- _id: 2
  _time: 2025-06-09 06:43:31.766948469 Z
  _version: 0.10.1/0.42.0/
  what: dimensions-of-terrain
  when: 2025-06-09 06:43:31.767055299 Z
- _id: 3
  _time: 2025-06-09 06:43:31.768534010 Z
  _version: 0.10.1/0.42.0/
  since: 2025-05-12 06:43:31.768669494 Z
  what: quality-of-service
  when: 2025-06-09 06:43:31.768636482 Z
