---
- added: 8
  cycles: 1
  deleted: 8
  inserted: 8
  seconds: 13.974370101
  version: 0.42.0
  what: judges-summary
  when: 2025-05-23 17:05:15.889772438 Z
- _id: 1
  _time: 2025-05-23 17:05:15.877739307 Z
  _version: 0.10.1/0.42.0/
  since: 2025-04-25 17:05:15.877927257 Z
  what: quality-of-service
  when: 2025-05-23 17:05:15.877889186 Z
- _id: 2
  _time: 2025-05-23 17:05:15.885035743 Z
  _version: 0.10.1/0.42.0/
  since: 2025-04-25 17:05:15.885138795 Z
  what: quantity-of-deliverables
  when: 2025-05-23 17:05:15.885115200 Z
- _id: 3
  _time: 2025-05-23 17:05:15.887335759 Z
  _version: 0.10.1/0.42.0/
  what: dimensions-of-terrain
  when: 2025-05-23 17:05:15.887438740 Z
