---
- added: 8
  cycles: 1
  deleted: 8
  inserted: 8
  seconds: 13.985267313
  version: 0.42.0
  what: judges-summary
  when: 2025-05-28 15:37:41.633567110 Z
- _id: 1
  _time: 2025-05-28 15:37:41.619720263 Z
  _version: 0.10.1/0.42.0/
  since: 2025-04-30 15:37:41.619919655 Z
  what: quantity-of-deliverables
  when: 2025-05-28 15:37:41.619882035 Z
- _id: 2
  _time: 2025-05-28 15:37:41.626370797 Z
  _version: 0.10.1/0.42.0/
  what: dimensions-of-terrain
  when: 2025-05-28 15:37:41.626478929 Z
- _id: 3
  _time: 2025-05-28 15:37:41.629483433 Z
  _version: 0.10.1/0.42.0/
  since: 2025-04-30 15:37:41.629715526 Z
  what: quality-of-service
  when: 2025-05-28 15:37:41.629656837 Z
