---
- added: 8
  cycles: 1
  deleted: 8
  inserted: 8
  seconds: 8.467858307
  version: 0.42.0
  what: judges-summary
  when: 2025-05-24 17:35:18.678539614 Z
- _id: 1
  _time: 2025-05-24 17:35:18.665045181 Z
  _version: 0.10.1/0.42.0/
  what: dimensions-of-terrain
  when: 2025-05-24 17:35:18.665198126 Z
- _id: 2
  _time: 2025-05-24 17:35:18.669720763 Z
  _version: 0.10.1/0.42.0/
  since: 2025-04-26 17:35:18.669857178 Z
  what: quantity-of-deliverables
  when: 2025-05-24 17:35:18.669823845 Z
- _id: 3
  _time: 2025-05-24 17:35:18.673173739 Z
  _version: 0.10.1/0.42.0/
  since: 2025-04-26 17:35:18.673308180 Z
  what: quality-of-service
  when: 2025-05-24 17:35:18.673275920 Z
