---
- added: 8
  cycles: 1
  deleted: 8
  inserted: 8
  seconds: 10.514479559
  version: 0.42.0
  what: judges-summary
  when: 2025-05-22 06:07:19.913378419 Z
- _id: 1
  _time: 2025-05-22 06:07:19.904099539 Z
  _version: 0.10.1/0.42.0/
  since: 2025-04-24 06:07:19.904278676 Z
  what: quantity-of-deliverables
  when: 2025-05-22 06:07:19.904242107 Z
- _id: 2
  _time: 2025-05-22 06:07:19.909865603 Z
  _version: 0.10.1/0.42.0/
  what: dimensions-of-terrain
  when: 2025-05-22 06:07:19.909969679 Z
- _id: 3
  _time: 2025-05-22 06:07:19.911239527 Z
  _version: 0.10.1/0.42.0/
  since: 2025-04-24 06:07:19.911379139 Z
  what: quality-of-service
  when: 2025-05-22 06:07:19.911346658 Z
