---
- added: 8
  cycles: 1
  deleted: 8
  inserted: 8
  seconds: 7.476441968
  version: 0.42.0
  what: judges-summary
  when: 2025-05-25 22:36:57.032451893 Z
- _id: 1
  _time: 2025-05-25 22:36:57.021026395 Z
  _version: 0.10.1/0.42.0/
  what: dimensions-of-terrain
  when: 2025-05-25 22:36:57.021166667 Z
- _id: 2
  _time: 2025-05-25 22:36:57.028736280 Z
  _version: 0.10.1/0.42.0/
  since: 2025-04-27 22:36:57.028875420 Z
  what: quantity-of-deliverables
  when: 2025-05-25 22:36:57.028842208 Z
- _id: 3
  _time: 2025-05-25 22:36:57.031155404 Z
  _version: 0.10.1/0.42.0/
  since: 2025-04-27 22:36:57.031286659 Z
  what: quality-of-service
  when: 2025-05-25 22:36:57.031254629 Z
