---
- added: 8
  cycles: 1
  deleted: 8
  inserted: 8
  seconds: 7.797425507
  version: 0.42.0
  what: judges-summary
  when: 2025-05-16 10:38:54.642696041 Z
- _id: 1
  _time: 2025-05-16 10:38:54.635066435 Z
  _version: 0.10.1/0.42.0/
  since: 2025-04-18 10:38:54.635279513 Z
  what: quantity-of-deliverables
  when: 2025-05-16 10:38:54.635242404 Z
- _id: 2
  _time: 2025-05-16 10:38:54.639023738 Z
  _version: 0.10.1/0.42.0/
  since: 2025-04-18 10:38:54.639199817 Z
  what: quality-of-service
  when: 2025-05-16 10:38:54.639160143 Z
- _id: 3
  _time: 2025-05-16 10:38:54.641848116 Z
  _version: 0.10.1/0.42.0/
  what: dimensions-of-terrain
  when: 2025-05-16 10:38:54.641925120 Z
