---
- added: 8
  cycles: 1
  deleted: 8
  inserted: 8
  seconds: 8.110675698
  version: 0.42.0
  what: judges-summary
  when: 2025-05-23 03:23:09.851942021 Z
- _id: 1
  _time: 2025-05-23 03:23:09.834165178 Z
  _version: 0.10.1/0.42.0/
  what: dimensions-of-terrain
  when: 2025-05-23 03:23:09.834457055 Z
- _id: 2
  _time: 2025-05-23 03:23:09.840402712 Z
  _version: 0.10.1/0.42.0/
  since: 2025-04-25 03:23:09.840610571 Z
  what: quality-of-service
  when: 2025-05-23 03:23:09.840576538 Z
- _id: 3
  _time: 2025-05-23 03:23:09.849825246 Z
  _version: 0.10.1/0.42.0/
  since: 2025-04-25 03:23:09.849977442 Z
  what: quantity-of-deliverables
  when: 2025-05-23 03:23:09.849904395 Z
