---
- added: 8
  cycles: 1
  deleted: 8
  inserted: 8
  seconds: 7.416484404
  version: 0.42.0
  what: judges-summary
  when: 2025-05-21 19:04:35.834032559 Z
- _id: 1
  _time: 2025-05-21 19:04:35.824630930 Z
  _version: 0.10.1/0.42.0/
  since: 2025-04-23 19:04:35.824812068 Z
  what: quality-of-service
  when: 2025-05-21 19:04:35.824774719 Z
- _id: 2
  _time: 2025-05-21 19:04:35.831985798 Z
  _version: 0.10.1/0.42.0/
  since: 2025-04-23 19:04:35.832083741 Z
  what: quantity-of-deliverables
  when: 2025-05-21 19:04:35.832060808 Z
- _id: 3
  _time: 2025-05-21 19:04:35.833134693 Z
  _version: 0.10.1/0.42.0/
  what: dimensions-of-terrain
  when: 2025-05-21 19:04:35.833208871 Z
