---
- added: 8
  cycles: 1
  deleted: 8
  inserted: 8
  seconds: 7.627009661
  version: 0.42.0
  what: judges-summary
  when: 2025-06-05 05:05:52.060925687 Z
- _id: 1
  _time: 2025-06-05 05:05:52.049957005 Z
  _version: 0.10.1/0.42.0/
  since: 2025-05-08 05:05:52.050144574 Z
  what: quantity-of-deliverables
  when: 2025-06-05 05:05:52.050106774 Z
- _id: 2
  _time: 2025-06-05 05:05:52.053683820 Z
  _version: 0.10.1/0.42.0/
  since: 2025-05-08 05:05:52.053822359 Z
  what: quality-of-service
  when: 2025-06-05 05:05:52.053789047 Z
- _id: 3
  _time: 2025-06-05 05:05:52.059977480 Z
  _version: 0.10.1/0.42.0/
  what: dimensions-of-terrain
  when: 2025-06-05 05:05:52.060056657 Z
