---
- added: 8
  cycles: 1
  deleted: 8
  inserted: 8
  seconds: 10.324153712
  version: 0.42.0
  what: judges-summary
  when: 2025-05-26 10:09:16.498761338 Z
- _id: 1
  _time: 2025-05-26 10:09:16.491193926 Z
  _version: 0.10.1/0.42.0/
  since: 2025-04-28 10:09:16.491374522 Z
  what: quantity-of-deliverables
  when: 2025-05-26 10:09:16.491337584 Z
- _id: 2
  _time: 2025-05-26 10:09:16.492478108 Z
  _version: 0.10.1/0.42.0/
  what: dimensions-of-terrain
  when: 2025-05-26 10:09:16.492577372 Z
- _id: 3
  _time: 2025-05-26 10:09:16.494966502 Z
  _version: 0.10.1/0.42.0/
  since: 2025-04-28 10:09:16.495114617 Z
  what: quality-of-service
  when: 2025-05-26 10:09:16.495082407 Z
