---
- added: 8
  cycles: 1
  deleted: 8
  inserted: 8
  seconds: 8.220062351
  version: 0.42.0
  what: judges-summary
  when: 2025-05-24 12:45:59.363009664 Z
- _id: 1
  _time: 2025-05-24 12:45:59.349284782 Z
  _version: 0.10.1/0.42.0/
  since: 2025-04-26 12:45:59.349471091 Z
  what: quantity-of-deliverables
  when: 2025-05-24 12:45:59.349432458 Z
- _id: 2
  _time: 2025-05-24 12:45:59.355812880 Z
  _version: 0.10.1/0.42.0/
  since: 2025-04-26 12:45:59.355963121 Z
  what: quality-of-service
  when: 2025-05-24 12:45:59.355928787 Z
- _id: 3
  _time: 2025-05-24 12:45:59.360875404 Z
  _version: 0.10.1/0.42.0/
  what: dimensions-of-terrain
  when: 2025-05-24 12:45:59.360958680 Z
