---
- added: 8
  cycles: 1
  deleted: 8
  inserted: 8
  seconds: 9.916827914
  version: 0.42.0
  what: judges-summary
  when: 2025-06-10 01:33:47.949747179 Z
- _id: 1
  _time: 2025-06-10 01:33:47.940998053 Z
  _version: 0.10.1/0.42.0/
  what: dimensions-of-terrain
  when: 2025-06-10 01:33:47.941145509 Z
- _id: 2
  _time: 2025-06-10 01:33:47.945858183 Z
  _version: 0.10.1/0.42.0/
  since: 2025-05-13 01:33:47.946105756 Z
  what: quantity-of-deliverables
  when: 2025-06-10 01:33:47.946061673 Z
- _id: 3
  _time: 2025-06-10 01:33:47.948442138 Z
  _version: 0.10.1/0.42.0/
  since: 2025-05-13 01:33:47.948576189 Z
  what: quality-of-service
  when: 2025-06-10 01:33:47.948544380 Z
