---
- added: 8
  cycles: 1
  deleted: 8
  inserted: 8
  seconds: 10.113835755
  version: 0.42.0
  what: judges-summary
  when: 2025-05-28 18:40:45.702878349 Z
- _id: 1
  _time: 2025-05-28 18:40:45.692342391 Z
  _version: 0.10.1/0.42.0/
  since: 2025-04-30 18:40:45.692529869 Z
  what: quality-of-service
  when: 2025-05-28 18:40:45.692491428 Z
- _id: 2
  _time: 2025-05-28 18:40:45.699968965 Z
  _version: 0.10.1/0.42.0/
  since: 2025-04-30 18:40:45.700077347 Z
  what: quantity-of-deliverables
  when: 2025-05-28 18:40:45.700053573 Z
- _id: 3
  _time: 2025-05-28 18:40:45.701144593 Z
  _version: 0.10.1/0.42.0/
  what: dimensions-of-terrain
  when: 2025-05-28 18:40:45.701221025 Z
