---
- added: 8
  cycles: 1
  deleted: 8
  inserted: 8
  seconds: 7.43502178
  version: 0.42.0
  what: judges-summary
  when: 2025-06-01 00:51:11.939365056 Z
- _id: 1
  _time: 2025-06-01 00:51:11.925485155 Z
  _version: 0.10.1/0.42.0/
  what: dimensions-of-terrain
  when: 2025-06-01 00:51:11.925635786 Z
- _id: 2
  _time: 2025-06-01 00:51:11.930025736 Z
  _version: 0.10.1/0.42.0/
  since: 2025-05-04 00:51:11.930165216 Z
  what: quantity-of-deliverables
  when: 2025-06-01 00:51:11.930131433 Z
- _id: 3
  _time: 2025-06-01 00:51:11.938069722 Z
  _version: 0.10.1/0.42.0/
  since: 2025-05-04 00:51:11.938203492 Z
  what: quality-of-service
  when: 2025-06-01 00:51:11.938171502 Z
