---
- added: 8
  cycles: 1
  deleted: 8
  inserted: 8
  seconds: 7.351113876
  version: 0.42.0
  what: judges-summary
  when: 2025-06-13 18:06:43.633052530 Z
- _id: 1
  _time: 2025-06-13 18:06:43.618584631 Z
  _version: 0.10.1/0.42.0/
  what: dimensions-of-terrain
  when: 2025-06-13 18:06:43.618790087 Z
- _id: 2
  _time: 2025-06-13 18:06:43.627064659 Z
  _version: 0.10.1/0.42.0/
  since: 2025-05-16 18:06:43.627299330 Z
  what: quantity-of-deliverables
  when: 2025-06-13 18:06:43.627241732 Z
- _id: 3
  _time: 2025-06-13 18:06:43.631694656 Z
  _version: 0.10.1/0.42.0/
  since: 2025-05-16 18:06:43.631870367 Z
  what: quality-of-service
  when: 2025-06-13 18:06:43.631837505 Z
