---
- added: 8
  cycles: 1
  deleted: 8
  inserted: 8
  seconds: 9.814073205
  version: 0.42.0
  what: judges-summary
  when: 2025-05-17 17:04:41.183542505 Z
- _id: 1
  _time: 2025-05-17 17:04:41.170497843 Z
  _version: 0.10.1/0.42.0/
  since: 2025-04-19 17:04:41.170681867 Z
  what: quantity-of-deliverables
  when: 2025-05-17 17:04:41.170644487 Z
- _id: 2
  _time: 2025-05-17 17:04:41.174078321 Z
  _version: 0.10.1/0.42.0/
  what: dimensions-of-terrain
  when: 2025-05-17 17:04:41.174179971 Z
- _id: 3
  _time: 2025-05-17 17:04:41.179553005 Z
  _version: 0.10.1/0.42.0/
  since: 2025-04-19 17:04:41.179685943 Z
  what: quality-of-service
  when: 2025-05-17 17:04:41.179654484 Z
