---
- added: 8
  cycles: 1
  deleted: 8
  inserted: 8
  seconds: 7.028807183
  version: 0.42.0
  what: judges-summary
  when: 2025-06-15 15:35:57.316270245 Z
- _id: 1
  _time: 2025-06-15 15:35:57.304845627 Z
  _version: 0.10.1/0.42.0/
  since: 2025-05-18 15:35:57.305035684 Z
  what: quality-of-service
  when: 2025-06-15 15:35:57.304997101 Z
- _id: 2
  _time: 2025-06-15 15:35:57.307950729 Z
  _version: 0.10.1/0.42.0/
  what: dimensions-of-terrain
  when: 2025-06-15 15:35:57.308029116 Z
- _id: 3
  _time: 2025-06-15 15:35:57.315328886 Z
  _version: 0.10.1/0.42.0/
  since: 2025-05-18 15:35:57.315436609 Z
  what: quantity-of-deliverables
  when: 2025-06-15 15:35:57.315412764 Z
