---
- added: 8
  cycles: 1
  deleted: 8
  inserted: 8
  seconds: 18.516199687
  version: 0.42.0
  what: judges-summary
  when: 2025-06-10 20:06:18.001716825 Z
- _id: 1
  _time: 2025-06-10 20:06:17.994136540 Z
  _version: 0.10.1/0.42.0/
  since: 2025-05-13 20:06:17.994324380 Z
  what: quality-of-service
  when: 2025-06-10 20:06:17.994285668 Z
- _id: 2
  _time: 2025-06-10 20:06:17.999481712 Z
  _version: 0.10.1/0.42.0/
  since: 2025-05-13 20:06:17.999588351 Z
  what: quantity-of-deliverables
  when: 2025-06-10 20:06:17.999565478 Z
- _id: 3
  _time: 2025-06-10 20:06:18.000798572 Z
  _version: 0.10.1/0.42.0/
  what: dimensions-of-terrain
  when: 2025-06-10 20:06:18.000873972 Z
