---
- added: 8
  cycles: 1
  deleted: 8
  inserted: 8
  seconds: 0.80879912
  version: 0.42.0
  what: judges-summary
  when: 2025-05-20 18:41:39.187472694 Z
- _id: 1
  _time: 2025-05-20 18:41:39.183318607 Z
  _version: 0.10.1/0.42.0/
  since: 2025-04-22 18:41:39.183554741 Z
  what: quantity-of-deliverables
  when: 2025-05-20 18:41:39.183513313 Z
- _id: 2
  _time: 2025-05-20 18:41:39.184895651 Z
  _version: 0.10.1/0.42.0/
  since: 2025-04-22 18:41:39.185045673 Z
  what: quality-of-service
  when: 2025-05-20 18:41:39.185007552 Z
- _id: 3
  _time: 2025-05-20 18:41:39.186601867 Z
  _version: 0.10.1/0.42.0/
  what: dimensions-of-terrain
  when: 2025-05-20 18:41:39.186676267 Z
