---
- added: 8
  cycles: 1
  deleted: 8
  inserted: 8
  seconds: 8.066219719
  version: 0.42.0
  what: judges-summary
  when: 2025-05-20 16:06:04.482825019 Z
- _id: 1
  _time: 2025-05-20 16:06:04.476081482 Z
  _version: 0.10.1/0.42.0/
  what: dimensions-of-terrain
  when: 2025-05-20 16:06:04.476226162 Z
- _id: 2
  _time: 2025-05-20 16:06:04.478384183 Z
  _version: 0.10.1/0.42.0/
  since: 2025-04-22 16:06:04.478521750 Z
  what: quantity-of-deliverables
  when: 2025-05-20 16:06:04.478487306 Z
- _id: 3
  _time: 2025-05-20 16:06:04.479893275 Z
  _version: 0.10.1/0.42.0/
  since: 2025-04-22 16:06:04.480060537 Z
  what: quality-of-service
  when: 2025-05-20 16:06:04.480028057 Z
