---
- added: 8
  cycles: 1
  deleted: 8
  inserted: 8
  seconds: 7.536431323
  version: 0.42.0
  what: judges-summary
  when: 2025-05-15 13:40:52.401451633 Z
- _id: 1
  _time: 2025-05-15 13:40:52.393199308 Z
  _version: 0.10.1/0.42.0/
  what: dimensions-of-terrain
  when: 2025-05-15 13:40:52.393395464 Z
- _id: 2
  _time: 2025-05-15 13:40:52.395637552 Z
  _version: 0.10.1/0.42.0/
  since: 2025-04-17 13:40:52.395773656 Z
  what: quantity-of-deliverables
  when: 2025-05-15 13:40:52.395741105 Z
- _id: 3
  _time: 2025-05-15 13:40:52.400046068 Z
  _version: 0.10.1/0.42.0/
  since: 2025-04-17 13:40:52.400189826 Z
  what: quality-of-service
  when: 2025-05-15 13:40:52.400158037 Z
