---
- added: 8
  cycles: 1
  deleted: 8
  inserted: 8
  seconds: 7.471896831
  version: 0.42.0
  what: judges-summary
  when: 2025-06-05 19:04:52.974730790 Z
- _id: 1
  _time: 2025-06-05 19:04:52.963528303 Z
  _version: 0.10.1/0.42.0/
  since: 2025-05-08 19:04:52.963710424 Z
  what: quality-of-service
  when: 2025-06-05 19:04:52.963673415 Z
- _id: 2
  _time: 2025-06-05 19:04:52.965899179 Z
  _version: 0.10.1/0.42.0/
  since: 2025-05-08 19:04:52.966005418 Z
  what: quantity-of-deliverables
  when: 2025-06-05 19:04:52.965982775 Z
- _id: 3
  _time: 2025-06-05 19:04:52.971808775 Z
  _version: 0.10.1/0.42.0/
  what: dimensions-of-terrain
  when: 2025-06-05 19:04:52.971884276 Z
