---
- added: 8
  cycles: 1
  deleted: 8
  inserted: 8
  seconds: 10.248388568
  version: 0.42.0
  what: judges-summary
  when: 2025-06-02 12:08:30.133986305 Z
- _id: 1
  _time: 2025-06-02 12:08:30.124457701 Z
  _version: 0.10.1/0.42.0/
  since: 2025-05-05 12:08:30.124665157 Z
  what: quality-of-service
  when: 2025-06-02 12:08:30.124619572 Z
- _id: 2
  _time: 2025-06-02 12:08:30.130564623 Z
  _version: 0.10.1/0.42.0/
  what: dimensions-of-terrain
  when: 2025-06-02 12:08:30.130676813 Z
- _id: 3
  _time: 2025-06-02 12:08:30.131851654 Z
  _version: 0.10.1/0.42.0/
  since: 2025-05-05 12:08:30.131947953 Z
  what: quantity-of-deliverables
  when: 2025-06-02 12:08:30.131925191 Z
