---
- added: 8
  cycles: 1
  deleted: 8
  inserted: 8
  seconds: 6.924389428
  version: 0.42.0
  what: judges-summary
  when: 2025-05-31 10:37:38.033103697 Z
- _id: 1
  _time: 2025-05-31 10:37:38.020117800 Z
  _version: 0.10.1/0.42.0/
  what: dimensions-of-terrain
  when: 2025-05-31 10:37:38.020269123 Z
- _id: 2
  _time: 2025-05-31 10:37:38.026380314 Z
  _version: 0.10.1/0.42.0/
  since: 2025-05-03 10:37:38.026528391 Z
  what: quantity-of-deliverables
  when: 2025-05-31 10:37:38.026479299 Z
- _id: 3
  _time: 2025-05-31 10:37:38.029689378 Z
  _version: 0.10.1/0.42.0/
  since: 2025-05-03 10:37:38.029822588 Z
  what: quality-of-service
  when: 2025-05-31 10:37:38.029791038 Z
