---
- added: 8
  cycles: 1
  deleted: 8
  inserted: 8
  seconds: 9.982978012
  version: 0.42.0
  what: judges-summary
  when: 2025-06-05 00:49:19.715396519 Z
- _id: 1
  _time: 2025-06-05 00:49:19.703528660 Z
  _version: 0.10.1/0.42.0/
  what: dimensions-of-terrain
  when: 2025-06-05 00:49:19.703700599 Z
- _id: 2
  _time: 2025-06-05 00:49:19.707021024 Z
  _version: 0.10.1/0.42.0/
  since: 2025-05-08 00:49:19.707160593 Z
  what: quality-of-service
  when: 2025-06-05 00:49:19.707127030 Z
- _id: 3
  _time: 2025-06-05 00:49:19.711167667 Z
  _version: 0.10.1/0.42.0/
  since: 2025-05-08 00:49:19.711267473 Z
  what: quantity-of-deliverables
  when: 2025-06-05 00:49:19.711244830 Z
