---
- added: 8
  cycles: 1
  deleted: 8
  inserted: 8
  seconds: 17.808620101
  version: 0.42.0
  what: judges-summary
  when: 2025-05-30 10:39:01.080271156 Z
- _id: 1
  _time: 2025-05-30 10:39:01.072022795 Z
  _version: 0.10.1/0.42.0/
  since: 2025-05-02 10:39:01.072228773 Z
  what: quantity-of-deliverables
  when: 2025-05-30 10:39:01.072190601 Z
- _id: 2
  _time: 2025-05-30 10:39:01.073595138 Z
  _version: 0.10.1/0.42.0/
  since: 2025-05-02 10:39:01.073754067 Z
  what: quality-of-service
  when: 2025-05-30 10:39:01.073720694 Z
- _id: 3
  _time: 2025-05-30 10:39:01.076992816 Z
  _version: 0.10.1/0.42.0/
  what: dimensions-of-terrain
  when: 2025-05-30 10:39:01.077110447 Z
