---
- added: 8
  cycles: 1
  deleted: 8
  inserted: 8
  seconds: 13.664776462
  version: 0.42.0
  what: judges-summary
  when: 2025-06-14 01:33:29.426047108 Z
- _id: 1
  _time: 2025-06-14 01:33:29.420133043 Z
  _version: 0.10.1/0.42.0/
  since: 2025-05-17 01:33:29.420312778 Z
  what: quality-of-service
  when: 2025-06-14 01:33:29.420275779 Z
- _id: 2
  _time: 2025-06-14 01:33:29.422804250 Z
  _version: 0.10.1/0.42.0/
  what: dimensions-of-terrain
  when: 2025-06-14 01:33:29.422879320 Z
- _id: 3
  _time: 2025-06-14 01:33:29.424166317 Z
  _version: 0.10.1/0.42.0/
  since: 2025-05-17 01:33:29.424260131 Z
  what: quantity-of-deliverables
  when: 2025-06-14 01:33:29.424237609 Z
