---
- added: 8
  cycles: 1
  deleted: 8
  inserted: 8
  seconds: 18.037295729
  version: 0.42.0
  what: judges-summary
  when: 2025-06-04 00:21:09.028438461 Z
- _id: 1
  _time: 2025-06-04 00:21:09.018080315 Z
  _version: 0.10.1/0.42.0/
  since: 2025-05-07 00:21:09.018260087 Z
  what: quality-of-service
  when: 2025-06-04 00:21:09.018222969 Z
- _id: 2
  _time: 2025-06-04 00:21:09.021720484 Z
  _version: 0.10.1/0.42.0/
  since: 2025-05-07 00:21:09.021818766 Z
  what: quantity-of-deliverables
  when: 2025-06-04 00:21:09.021795723 Z
- _id: 3
  _time: 2025-06-04 00:21:09.027542655 Z
  _version: 0.10.1/0.42.0/
  what: dimensions-of-terrain
  when: 2025-06-04 00:21:09.027620199 Z
