---
- added: 8
  cycles: 1
  deleted: 8
  inserted: 8
  seconds: 0.797532324
  version: 0.42.0
  what: judges-summary
  when: 2025-05-29 21:04:57.535199194 Z
- _id: 1
  _time: 2025-05-29 21:04:57.522057250 Z
  _version: 0.10.1/0.42.0/
  since: 2025-05-01 21:04:57.522246011 Z
  what: quality-of-service
  when: 2025-05-29 21:04:57.522206838 Z
- _id: 2
  _time: 2025-05-29 21:04:57.526914092 Z
  _version: 0.10.1/0.42.0/
  since: 2025-05-01 21:04:57.527016773 Z
  what: quantity-of-deliverables
  when: 2025-05-29 21:04:57.526993820 Z
- _id: 3
  _time: 2025-05-29 21:04:57.528070505 Z
  _version: 0.10.1/0.42.0/
  what: dimensions-of-terrain
  when: 2025-05-29 21:04:57.528144983 Z
