---
- added: 8
  cycles: 1
  deleted: 8
  inserted: 8
  seconds: 17.534610739
  version: 0.42.0
  what: judges-summary
  when: 2025-05-29 07:35:37.251692117 Z
- _id: 1
  _time: 2025-05-29 07:35:37.246363804 Z
  _version: 0.10.1/0.42.0/
  since: 2025-05-01 07:35:37.246691576 Z
  what: quantity-of-deliverables
  when: 2025-05-29 07:35:37.246601407 Z
- _id: 2
  _time: 2025-05-29 07:35:37.249080811 Z
  _version: 0.10.1/0.42.0/
  what: dimensions-of-terrain
  when: 2025-05-29 07:35:37.249184965 Z
- _id: 3
  _time: 2025-05-29 07:35:37.250444427 Z
  _version: 0.10.1/0.42.0/
  since: 2025-05-01 07:35:37.250578187 Z
  what: quality-of-service
  when: 2025-05-29 07:35:37.250544234 Z
