---
- added: 8
  cycles: 1
  deleted: 8
  inserted: 8
  seconds: 9.695163829
  version: 0.42.0
  what: judges-summary
  when: 2025-05-20 23:34:35.034125744 Z
- _id: 1
  _time: 2025-05-20 23:34:35.018915936 Z
  _version: 0.10.1/0.42.0/
  what: dimensions-of-terrain
  when: 2025-05-20 23:34:35.019116870 Z
- _id: 2
  _time: 2025-05-20 23:34:35.024574348 Z
  _version: 0.10.1/0.42.0/
  since: 2025-04-22 23:34:35.024716353 Z
  what: quality-of-service
  when: 2025-05-20 23:34:35.024682861 Z
- _id: 3
  _time: 2025-05-20 23:34:35.029835598 Z
  _version: 0.10.1/0.42.0/
  since: 2025-04-22 23:34:35.029938800 Z
  what: quantity-of-deliverables
  when: 2025-05-20 23:34:35.029914174 Z
