---
- added: 8
  cycles: 1
  deleted: 8
  inserted: 8
  seconds: 7.407337095
  version: 0.42.0
  what: judges-summary
  when: 2025-05-18 00:21:57.510801325 Z
- _id: 1
  _time: 2025-05-18 00:21:57.500226693 Z
  _version: 0.10.1/0.42.0/
  what: dimensions-of-terrain
  when: 2025-05-18 00:21:57.500369860 Z
- _id: 2
  _time: 2025-05-18 00:21:57.505528504 Z
  _version: 0.10.1/0.42.0/
  since: 2025-04-20 00:21:57.505659630 Z
  what: quantity-of-deliverables
  when: 2025-05-18 00:21:57.505628161 Z
- _id: 3
  _time: 2025-05-18 00:21:57.508480614 Z
  _version: 0.10.1/0.42.0/
  since: 2025-04-20 00:21:57.508611979 Z
  what: quality-of-service
  when: 2025-05-18 00:21:57.508580630 Z
