---
- added: 8
  cycles: 1
  deleted: 8
  inserted: 8
  seconds: 7.438152095
  version: 0.42.0
  what: judges-summary
  when: 2025-05-29 18:41:24.700267017 Z
- _id: 1
  _time: 2025-05-29 18:41:24.692428885 Z
  _version: 0.10.1/0.42.0/
  since: 2025-05-01 18:41:24.692612300 Z
  what: quantity-of-deliverables
  when: 2025-05-29 18:41:24.692576223 Z
- _id: 2
  _time: 2025-05-29 18:41:24.695765109 Z
  _version: 0.10.1/0.42.0/
  what: dimensions-of-terrain
  when: 2025-05-29 18:41:24.695867391 Z
- _id: 3
  _time: 2025-05-29 18:41:24.697995845 Z
  _version: 0.10.1/0.42.0/
  since: 2025-05-01 18:41:24.698128844 Z
  what: quality-of-service
  when: 2025-05-29 18:41:24.698096674 Z
