---
- added: 8
  cycles: 1
  deleted: 8
  inserted: 8
  seconds: 10.071185731
  version: 0.42.0
  what: judges-summary
  when: 2025-05-28 06:07:17.119344429 Z
- _id: 1
  _time: 2025-05-28 06:07:17.105738464 Z
  _version: 0.10.1/0.42.0/
  what: dimensions-of-terrain
  when: 2025-05-28 06:07:17.105892682 Z
- _id: 2
  _time: 2025-05-28 06:07:17.109130426 Z
  _version: 0.10.1/0.42.0/
  since: 2025-04-30 06:07:17.109269917 Z
  what: quality-of-service
  when: 2025-05-28 06:07:17.109236584 Z
- _id: 3
  _time: 2025-05-28 06:07:17.117735367 Z
  _version: 0.10.1/0.42.0/
  since: 2025-04-30 06:07:17.117834652 Z
  what: quantity-of-deliverables
  when: 2025-05-28 06:07:17.117811579 Z
