---
- added: 8
  cycles: 1
  deleted: 8
  inserted: 8
  seconds: 7.449738702
  version: 0.42.0
  what: judges-summary
  when: 2025-05-25 17:35:36.435766342 Z
- _id: 1
  _time: 2025-05-25 17:35:36.425424956 Z
  _version: 0.10.1/0.42.0/
  since: 2025-04-27 17:35:36.425612036 Z
  what: quantity-of-deliverables
  when: 2025-05-25 17:35:36.425575046 Z
- _id: 2
  _time: 2025-05-25 17:35:36.432137741 Z
  _version: 0.10.1/0.42.0/
  what: dimensions-of-terrain
  when: 2025-05-25 17:35:36.432289694 Z
- _id: 3
  _time: 2025-05-25 17:35:36.434477206 Z
  _version: 0.10.1/0.42.0/
  since: 2025-04-27 17:35:36.434612068 Z
  what: quality-of-service
  when: 2025-05-25 17:35:36.434580028 Z
