---
- added: 8
  cycles: 1
  deleted: 8
  inserted: 8
  seconds: 10.11286224
  version: 0.42.0
  what: judges-summary
  when: 2025-05-29 14:38:03.077625526 Z
- _id: 1
  _time: 2025-05-29 14:38:03.066650945 Z
  _version: 0.10.1/0.42.0/
  since: 2025-05-01 14:38:03.066836991 Z
  what: quantity-of-deliverables
  when: 2025-05-29 14:38:03.066799051 Z
- _id: 2
  _time: 2025-05-29 14:38:03.072548016 Z
  _version: 0.10.1/0.42.0/
  since: 2025-05-01 14:38:03.072686063 Z
  what: quality-of-service
  when: 2025-05-29 14:38:03.072653913 Z
- _id: 3
  _time: 2025-05-29 14:38:03.074746573 Z
  _version: 0.10.1/0.42.0/
  what: dimensions-of-terrain
  when: 2025-05-29 14:38:03.074824047 Z
