---
- added: 8
  cycles: 1
  deleted: 8
  inserted: 8
  seconds: 8.015097879
  version: 0.42.0
  what: judges-summary
  when: 2025-06-06 16:40:31.180349906 Z
- _id: 1
  _time: 2025-06-06 16:40:31.173729453 Z
  _version: 0.10.1/0.42.0/
  what: dimensions-of-terrain
  when: 2025-06-06 16:40:31.174008531 Z
- _id: 2
  _time: 2025-06-06 16:40:31.176495887 Z
  _version: 0.10.1/0.42.0/
  since: 2025-05-09 16:40:31.176634144 Z
  what: quantity-of-deliverables
  when: 2025-06-06 16:40:31.176601103 Z
- _id: 3
  _time: 2025-06-06 16:40:31.178879110 Z
  _version: 0.10.1/0.42.0/
  since: 2025-05-09 16:40:31.179054435 Z
  what: quality-of-service
  when: 2025-06-06 16:40:31.179021194 Z
