---
- added: 8
  cycles: 1
  deleted: 8
  inserted: 8
  seconds: 10.540427518
  version: 0.42.0
  what: judges-summary
  when: 2025-06-11 15:38:01.138114941 Z
- _id: 1
  _time: 2025-06-11 15:38:01.127793181 Z
  _version: 0.10.1/0.42.0/
  since: 2025-05-14 15:38:01.127983296 Z
  what: quantity-of-deliverables
  when: 2025-06-11 15:38:01.127945195 Z
- _id: 2
  _time: 2025-06-11 15:38:01.130323297 Z
  _version: 0.10.1/0.42.0/
  since: 2025-05-14 15:38:01.130457899 Z
  what: quality-of-service
  when: 2025-06-11 15:38:01.130424757 Z
- _id: 3
  _time: 2025-06-11 15:38:01.132362346 Z
  _version: 0.10.1/0.42.0/
  what: dimensions-of-terrain
  when: 2025-06-11 15:38:01.132438107 Z
