---
- added: 8
  cycles: 1
  deleted: 8
  inserted: 8
  seconds: 10.13896898
  version: 0.42.0
  what: judges-summary
  when: 2025-05-13 18:40:47.317058583 Z
- _id: 1
  _time: 2025-05-13 18:40:47.307208848 Z
  _version: 0.10.1/0.42.0/
  since: 2025-04-15 18:40:47.307391791 Z
  what: quantity-of-deliverables
  when: 2025-05-13 18:40:47.307355122 Z
- _id: 2
  _time: 2025-05-13 18:40:47.310970692 Z
  _version: 0.10.1/0.42.0/
  since: 2025-04-15 18:40:47.311108199 Z
  what: quality-of-service
  when: 2025-05-13 18:40:47.311075388 Z
- _id: 3
  _time: 2025-05-13 18:40:47.316197823 Z
  _version: 0.10.1/0.42.0/
  what: dimensions-of-terrain
  when: 2025-05-13 18:40:47.316275519 Z
