---
- added: 8
  cycles: 1
  deleted: 8
  inserted: 8
  seconds: 9.171360195
  version: 0.42.0
  what: judges-summary
  when: 2025-05-18 15:34:40.960793094 Z
- _id: 1
  _time: 2025-05-18 15:34:40.949043527 Z
  _version: 0.10.1/0.42.0/
  since: 2025-04-20 15:34:40.949225669 Z
  what: quality-of-service
  when: 2025-05-18 15:34:40.949188970 Z
- _id: 2
  _time: 2025-05-18 15:34:40.952628146 Z
  _version: 0.10.1/0.42.0/
  what: dimensions-of-terrain
  when: 2025-05-18 15:34:40.952705612 Z
- _id: 3
  _time: 2025-05-18 15:34:40.955039379 Z
  _version: 0.10.1/0.42.0/
  since: 2025-04-20 15:34:40.955135349 Z
  what: quantity-of-deliverables
  when: 2025-05-18 15:34:40.955112967 Z
