---
- added: 8
  cycles: 1
  deleted: 8
  inserted: 8
  seconds: 7.892902722
  version: 0.42.0
  what: judges-summary
  when: 2025-05-27 07:05:48.118445911 Z
- _id: 1
  _time: 2025-05-27 07:05:48.105604848 Z
  _version: 0.10.1/0.42.0/
  since: 2025-04-29 07:05:48.105783380 Z
  what: quantity-of-deliverables
  when: 2025-05-27 07:05:48.105747032 Z
- _id: 2
  _time: 2025-05-27 07:05:48.108185940 Z
  _version: 0.10.1/0.42.0/
  what: dimensions-of-terrain
  when: 2025-05-27 07:05:48.108290545 Z
- _id: 3
  _time: 2025-05-27 07:05:48.115165367 Z
  _version: 0.10.1/0.42.0/
  since: 2025-04-29 07:05:48.115309676 Z
  what: quality-of-service
  when: 2025-05-27 07:05:48.115276093 Z
