---
- added: 8
  cycles: 1
  deleted: 8
  inserted: 8
  seconds: 6.806254709
  version: 0.42.0
  what: judges-summary
  when: 2025-06-08 07:05:16.767364635 Z
- _id: 1
  _time: 2025-06-08 07:05:16.760341296 Z
  _version: 0.10.1/0.42.0/
  what: dimensions-of-terrain
  when: 2025-06-08 07:05:16.760490827 Z
- _id: 2
  _time: 2025-06-08 07:05:16.762941971 Z
  _version: 0.10.1/0.42.0/
  since: 2025-05-11 07:05:16.763083366 Z
  what: quality-of-service
  when: 2025-06-08 07:05:16.763049162 Z
- _id: 3
  _time: 2025-06-08 07:05:16.766341846 Z
  _version: 0.10.1/0.42.0/
  since: 2025-05-11 07:05:16.766441323 Z
  what: quantity-of-deliverables
  when: 2025-06-08 07:05:16.766418130 Z
