---
- added: 8
  cycles: 1
  deleted: 8
  inserted: 8
  seconds: 9.586552313
  version: 0.42.0
  what: judges-summary
  when: 2025-05-30 05:05:37.598664894 Z
- _id: 1
  _time: 2025-05-30 05:05:37.593474103 Z
  _version: 0.10.1/0.42.0/
  since: 2025-05-02 05:05:37.593653868 Z
  what: quality-of-service
  when: 2025-05-30 05:05:37.593617149 Z
- _id: 2
  _time: 2025-05-30 05:05:37.595170574 Z
  _version: 0.10.1/0.42.0/
  what: dimensions-of-terrain
  when: 2025-05-30 05:05:37.595246716 Z
- _id: 3
  _time: 2025-05-30 05:05:37.596454249 Z
  _version: 0.10.1/0.42.0/
  since: 2025-05-02 05:05:37.596549527 Z
  what: quantity-of-deliverables
  when: 2025-05-30 05:05:37.596526965 Z
