---
- added: 8
  cycles: 1
  deleted: 8
  inserted: 8
  seconds: 8.250491795
  version: 0.42.0
  what: judges-summary
  when: 2025-06-15 17:04:43.223041518 Z
- _id: 1
  _time: 2025-06-15 17:04:43.209777940 Z
  _version: 0.10.1/0.42.0/
  since: 2025-05-18 17:04:43.209955622 Z
  what: quantity-of-deliverables
  when: 2025-06-15 17:04:43.209919765 Z
- _id: 2
  _time: 2025-06-15 17:04:43.218373113 Z
  _version: 0.10.1/0.42.0/
  what: dimensions-of-terrain
  when: 2025-06-15 17:04:43.218474312 Z
- _id: 3
  _time: 2025-06-15 17:04:43.219872091 Z
  _version: 0.10.1/0.42.0/
  since: 2025-05-18 17:04:43.220002184 Z
  what: quality-of-service
  when: 2025-06-15 17:04:43.219970344 Z
