---
- added: 8
  cycles: 1
  deleted: 8
  inserted: 8
  seconds: 7.727579154
  version: 0.42.0
  what: judges-summary
  when: 2025-05-31 20:05:19.934086281 Z
- _id: 1
  _time: 2025-05-31 20:05:19.925199200 Z
  _version: 0.10.1/0.42.0/
  since: 2025-05-03 20:05:19.925377415 Z
  what: quality-of-service
  when: 2025-05-31 20:05:19.925340365 Z
- _id: 2
  _time: 2025-05-31 20:05:19.928160548 Z
  _version: 0.10.1/0.42.0/
  what: dimensions-of-terrain
  when: 2025-05-31 20:05:19.928235920 Z
- _id: 3
  _time: 2025-05-31 20:05:19.931512511 Z
  _version: 0.10.1/0.42.0/
  since: 2025-05-03 20:05:19.931612008 Z
  what: quantity-of-deliverables
  when: 2025-05-31 20:05:19.931588474 Z
