---
- added: 8
  cycles: 1
  deleted: 8
  inserted: 8
  seconds: 18.302838794
  version: 0.42.0
  what: judges-summary
  when: 2025-06-11 19:05:00.674817082 Z
- _id: 1
  _time: 2025-06-11 19:05:00.662698266 Z
  _version: 0.10.1/0.42.0/
  since: 2025-05-14 19:05:00.662880937 Z
  what: quality-of-service
  when: 2025-06-11 19:05:00.662844108 Z
- _id: 2
  _time: 2025-06-11 19:05:00.667460607 Z
  _version: 0.10.1/0.42.0/
  what: dimensions-of-terrain
  when: 2025-06-11 19:05:00.667620626 Z
- _id: 3
  _time: 2025-06-11 19:05:00.672157014 Z
  _version: 0.10.1/0.42.0/
  since: 2025-05-14 19:05:00.672254247 Z
  what: quantity-of-deliverables
  when: 2025-06-11 19:05:00.672232045 Z
