---
- added: 8
  cycles: 1
  deleted: 8
  inserted: 8
  seconds: 6.6954955
  version: 0.42.0
  what: judges-summary
  when: 2025-05-27 05:05:58.967035325 Z
- _id: 1
  _time: 2025-05-27 05:05:58.958118056 Z
  _version: 0.10.1/0.42.0/
  since: 2025-04-29 05:05:58.958298402 Z
  what: quality-of-service
  when: 2025-05-27 05:05:58.958261673 Z
- _id: 2
  _time: 2025-05-27 05:05:58.960591109 Z
  _version: 0.10.1/0.42.0/
  since: 2025-04-29 05:05:58.960688451 Z
  what: quantity-of-deliverables
  when: 2025-05-27 05:05:58.960665789 Z
- _id: 3
  _time: 2025-05-27 05:05:58.962623469 Z
  _version: 0.10.1/0.42.0/
  what: dimensions-of-terrain
  when: 2025-05-27 05:05:58.962697167 Z
