---
- added: 8
  cycles: 1
  deleted: 8
  inserted: 8
  seconds: 9.95463488
  version: 0.42.0
  what: judges-summary
  when: 2025-05-13 20:37:03.616498185 Z
- _id: 1
  _time: 2025-05-13 20:37:03.605470224 Z
  _version: 0.10.1/0.42.0/
  since: 2025-04-15 20:37:03.605655026 Z
  what: quality-of-service
  when: 2025-05-13 20:37:03.605617036 Z
- _id: 2
  _time: 2025-05-13 20:37:03.611200790 Z
  _version: 0.10.1/0.42.0/
  what: dimensions-of-terrain
  when: 2025-05-13 20:37:03.611306756 Z
- _id: 3
  _time: 2025-05-13 20:37:03.612573210 Z
  _version: 0.10.1/0.42.0/
  since: 2025-04-15 20:37:03.612672594 Z
  what: quantity-of-deliverables
  when: 2025-05-13 20:37:03.612650053 Z
