---
- added: 8
  cycles: 1
  deleted: 8
  inserted: 8
  seconds: 7.822626537
  version: 0.42.0
  what: judges-summary
  when: 2025-06-06 23:05:24.313569573 Z
- _id: 1
  _time: 2025-06-06 23:05:24.304371071 Z
  _version: 0.10.1/0.42.0/
  since: 2025-05-09 23:05:24.304555056 Z
  what: quality-of-service
  when: 2025-06-06 23:05:24.304517926 Z
- _id: 2
  _time: 2025-06-06 23:05:24.307054791 Z
  _version: 0.10.1/0.42.0/
  what: dimensions-of-terrain
  when: 2025-06-06 23:05:24.307128830 Z
- _id: 3
  _time: 2025-06-06 23:05:24.309509070 Z
  _version: 0.10.1/0.42.0/
  since: 2025-05-09 23:05:24.309606393 Z
  what: quantity-of-deliverables
  when: 2025-06-06 23:05:24.309583880 Z
