---
- added: 8
  cycles: 1
  deleted: 8
  inserted: 8
  seconds: 17.188217433
  version: 0.42.0
  what: judges-summary
  when: 2025-05-20 00:49:33.671399178 Z
- _id: 1
  _time: 2025-05-20 00:49:33.660765814 Z
  _version: 0.10.1/0.42.0/
  what: dimensions-of-terrain
  when: 2025-05-20 00:49:33.660917538 Z
- _id: 2
  _time: 2025-05-20 00:49:33.665986431 Z
  _version: 0.10.1/0.42.0/
  since: 2025-04-22 00:49:33.666221691 Z
  what: quality-of-service
  when: 2025-05-20 00:49:33.666161228 Z
- _id: 3
  _time: 2025-05-20 00:49:33.668908413 Z
  _version: 0.10.1/0.42.0/
  since: 2025-04-22 00:49:33.669007278 Z
  what: quantity-of-deliverables
  when: 2025-05-20 00:49:33.668984446 Z
