---
- added: 8
  cycles: 1
  deleted: 8
  inserted: 8
  seconds: 7.768838645
  version: 0.42.0
  what: judges-summary
  when: 2025-05-23 19:33:53.965733162 Z
- _id: 1
  _time: 2025-05-23 19:33:53.952596782 Z
  _version: 0.10.1/0.42.0/
  since: 2025-04-25 19:33:53.952781557 Z
  what: quantity-of-deliverables
  when: 2025-05-23 19:33:53.952744067 Z
- _id: 2
  _time: 2025-05-23 19:33:53.956986114 Z
  _version: 0.10.1/0.42.0/
  what: dimensions-of-terrain
  when: 2025-05-23 19:33:53.957126356 Z
- _id: 3
  _time: 2025-05-23 19:33:53.961734751 Z
  _version: 0.10.1/0.42.0/
  since: 2025-04-25 19:33:53.961872048 Z
  what: quality-of-service
  when: 2025-05-23 19:33:53.961839567 Z
