---
- added: 8
  cycles: 1
  deleted: 8
  inserted: 8
  seconds: 17.145744804
  version: 0.42.0
  what: judges-summary
  when: 2025-05-31 11:34:08.433010056 Z
- _id: 1
  _time: 2025-05-31 11:34:08.422298410 Z
  _version: 0.10.1/0.42.0/
  what: dimensions-of-terrain
  when: 2025-05-31 11:34:08.422445426 Z
- _id: 2
  _time: 2025-05-31 11:34:08.424558507 Z
  _version: 0.10.1/0.42.0/
  since: 2025-05-03 11:34:08.424696816 Z
  what: quantity-of-deliverables
  when: 2025-05-31 11:34:08.424663584 Z
- _id: 3
  _time: 2025-05-31 11:34:08.426828980 Z
  _version: 0.10.1/0.42.0/
  since: 2025-05-03 11:34:08.427005971 Z
  what: quality-of-service
  when: 2025-05-31 11:34:08.426968782 Z
