---
- added: 8
  cycles: 1
  deleted: 8
  inserted: 8
  seconds: 7.493850999
  version: 0.42.0
  what: judges-summary
  when: 2025-05-13 21:34:58.852637601 Z
- _id: 1
  _time: 2025-05-13 21:34:58.842530871 Z
  _version: 0.10.1/0.42.0/
  since: 2025-04-15 21:34:58.842713871 Z
  what: quality-of-service
  when: 2025-05-13 21:34:58.842674208 Z
- _id: 2
  _time: 2025-05-13 21:34:58.846573898 Z
  _version: 0.10.1/0.42.0/
  since: 2025-04-15 21:34:58.846670898 Z
  what: quantity-of-deliverables
  when: 2025-05-13 21:34:58.846648246 Z
- _id: 3
  _time: 2025-05-13 21:34:58.850896870 Z
  _version: 0.10.1/0.42.0/
  what: dimensions-of-terrain
  when: 2025-05-13 21:34:58.850975096 Z
