---
- added: 8
  cycles: 1
  deleted: 8
  inserted: 8
  seconds: 0.749663586
  version: 0.42.0
  what: judges-summary
  when: 2025-05-22 15:37:10.685871085 Z
- _id: 1
  _time: 2025-05-22 15:37:10.673917614 Z
  _version: 0.10.1/0.42.0/
  what: dimensions-of-terrain
  when: 2025-05-22 15:37:10.674060170 Z
- _id: 2
  _time: 2025-05-22 15:37:10.676381140 Z
  _version: 0.10.1/0.42.0/
  since: 2025-04-24 15:37:10.676523155 Z
  what: quantity-of-deliverables
  when: 2025-05-22 15:37:10.676488430 Z
- _id: 3
  _time: 2025-05-22 15:37:10.684534842 Z
  _version: 0.10.1/0.42.0/
  since: 2025-04-24 15:37:10.684673811 Z
  what: quality-of-service
  when: 2025-05-22 15:37:10.684640078 Z
