---
- added: 8
  cycles: 1
  deleted: 8
  inserted: 8
  seconds: 7.328146454
  version: 0.42.0
  what: judges-summary
  when: 2025-06-10 19:04:40.835650598 Z
- _id: 1
  _time: 2025-06-10 19:04:40.826404205 Z
  _version: 0.10.1/0.42.0/
  since: 2025-05-13 19:04:40.826590994 Z
  what: quality-of-service
  when: 2025-06-10 19:04:40.826552642 Z
- _id: 2
  _time: 2025-06-10 19:04:40.828621984 Z
  _version: 0.10.1/0.42.0/
  what: dimensions-of-terrain
  when: 2025-06-10 19:04:40.828696874 Z
- _id: 3
  _time: 2025-06-10 19:04:40.830027125 Z
  _version: 0.10.1/0.42.0/
  since: 2025-05-13 19:04:40.830134916 Z
  what: quantity-of-deliverables
  when: 2025-06-10 19:04:40.830112635 Z
