---
- added: 8
  cycles: 1
  deleted: 8
  inserted: 8
  seconds: 9.896858802
  version: 0.42.0
  what: judges-summary
  when: 2025-05-16 13:40:39.446403561 Z
- _id: 1
  _time: 2025-05-16 13:40:39.433726482 Z
  _version: 0.10.1/0.42.0/
  what: dimensions-of-terrain
  when: 2025-05-16 13:40:39.433879017 Z
- _id: 2
  _time: 2025-05-16 13:40:39.438880444 Z
  _version: 0.10.1/0.42.0/
  since: 2025-04-18 13:40:39.439127275 Z
  what: quality-of-service
  when: 2025-05-16 13:40:39.439065580 Z
- _id: 3
  _time: 2025-05-16 13:40:39.444374933 Z
  _version: 0.10.1/0.42.0/
  since: 2025-04-18 13:40:39.444485419 Z
  what: quantity-of-deliverables
  when: 2025-05-16 13:40:39.444461274 Z
