---
- added: 8
  cycles: 1
  deleted: 8
  inserted: 8
  seconds: 7.148766709
  version: 0.42.0
  what: judges-summary
  when: 2025-05-25 20:05:09.729602449 Z
- _id: 1
  _time: 2025-05-25 20:05:09.717045142 Z
  _version: 0.10.1/0.42.0/
  since: 2025-04-27 20:05:09.717227701 Z
  what: quality-of-service
  when: 2025-05-25 20:05:09.717190642 Z
- _id: 2
  _time: 2025-05-25 20:05:09.723595290 Z
  _version: 0.10.1/0.42.0/
  what: dimensions-of-terrain
  when: 2025-05-25 20:05:09.723751130 Z
- _id: 3
  _time: 2025-05-25 20:05:09.727697658 Z
  _version: 0.10.1/0.42.0/
  since: 2025-04-27 20:05:09.727794578 Z
  what: quantity-of-deliverables
  when: 2025-05-25 20:05:09.727772347 Z
