---
- added: 8
  cycles: 1
  deleted: 8
  inserted: 8
  seconds: 8.514886083
  version: 0.42.0
  what: judges-summary
  when: 2025-06-12 16:40:41.480394691 Z
- _id: 1
  _time: 2025-06-12 16:40:41.470046940 Z
  _version: 0.10.1/0.42.0/
  since: 2025-05-15 16:40:41.470227428 Z
  what: quality-of-service
  when: 2025-06-12 16:40:41.470190279 Z
- _id: 2
  _time: 2025-06-12 16:40:41.476606546 Z
  _version: 0.10.1/0.42.0/
  what: dimensions-of-terrain
  when: 2025-06-12 16:40:41.476688009 Z
- _id: 3
  _time: 2025-06-12 16:40:41.478056168 Z
  _version: 0.10.1/0.42.0/
  since: 2025-05-15 16:40:41.478154622 Z
  what: quantity-of-deliverables
  when: 2025-06-12 16:40:41.478131288 Z
