---
- added: 8
  cycles: 1
  deleted: 8
  inserted: 8
  seconds: 0.785498359
  version: 0.42.0
  what: judges-summary
  when: 2025-05-17 03:43:24.515130636 Z
- _id: 1
  _time: 2025-05-17 03:43:24.507857603 Z
  _version: 0.10.1/0.42.0/
  what: dimensions-of-terrain
  when: 2025-05-17 03:43:24.508041586 Z
- _id: 2
  _time: 2025-05-17 03:43:24.512312357 Z
  _version: 0.10.1/0.42.0/
  since: 2025-04-19 03:43:24.512462086 Z
  what: quantity-of-deliverables
  when: 2025-05-17 03:43:24.512424746 Z
- _id: 3
  _time: 2025-05-17 03:43:24.513832598 Z
  _version: 0.10.1/0.42.0/
  since: 2025-04-19 03:43:24.514011612 Z
  what: quality-of-service
  when: 2025-05-17 03:43:24.513973080 Z
