---
- added: 8
  cycles: 1
  deleted: 8
  inserted: 8
  seconds: 10.351708887
  version: 0.42.0
  what: judges-summary
  when: 2025-06-04 09:37:23.369252459 Z
- _id: 1
  _time: 2025-06-04 09:37:23.364043606 Z
  _version: 0.10.1/0.42.0/
  since: 2025-05-07 09:37:23.364222013 Z
  what: quality-of-service
  when: 2025-06-04 09:37:23.364186045 Z
- _id: 2
  _time: 2025-06-04 09:37:23.365977867 Z
  _version: 0.10.1/0.42.0/
  since: 2025-05-07 09:37:23.366073939 Z
  what: quantity-of-deliverables
  when: 2025-06-04 09:37:23.366051557 Z
- _id: 3
  _time: 2025-06-04 09:37:23.368337893 Z
  _version: 0.10.1/0.42.0/
  what: dimensions-of-terrain
  when: 2025-06-04 09:37:23.368413275 Z
