---
- added: 8
  cycles: 1
  deleted: 8
  inserted: 8
  seconds: 7.435151811
  version: 0.42.0
  what: judges-summary
  when: 2025-06-08 11:33:47.204756217 Z
- _id: 1
  _time: 2025-06-08 11:33:47.193293631 Z
  _version: 0.10.1/0.42.0/
  since: 2025-05-11 11:33:47.193478687 Z
  what: quality-of-service
  when: 2025-06-08 11:33:47.193441057 Z
- _id: 2
  _time: 2025-06-08 11:33:47.198689199 Z
  _version: 0.10.1/0.42.0/
  what: dimensions-of-terrain
  when: 2025-06-08 11:33:47.198767766 Z
- _id: 3
  _time: 2025-06-08 11:33:47.200768991 Z
  _version: 0.10.1/0.42.0/
  since: 2025-05-11 11:33:47.200868918 Z
  what: quantity-of-deliverables
  when: 2025-06-08 11:33:47.200845875 Z
