---
- added: 8
  cycles: 1
  deleted: 8
  inserted: 8
  seconds: 9.930858214
  version: 0.42.0
  what: judges-summary
  when: 2025-06-07 12:07:22.761360348 Z
- _id: 1
  _time: 2025-06-07 12:07:22.754162284 Z
  _version: 0.10.1/0.42.0/
  since: 2025-05-10 12:07:22.754340267 Z
  what: quality-of-service
  when: 2025-06-07 12:07:22.754303167 Z
- _id: 2
  _time: 2025-06-07 12:07:22.756553278 Z
  _version: 0.10.1/0.42.0/
  what: dimensions-of-terrain
  when: 2025-06-07 12:07:22.756631164 Z
- _id: 3
  _time: 2025-06-07 12:07:22.757818802 Z
  _version: 0.10.1/0.42.0/
  since: 2025-05-10 12:07:22.757916494 Z
  what: quantity-of-deliverables
  when: 2025-06-07 12:07:22.757893702 Z
