---
- added: 8
  cycles: 1
  deleted: 8
  inserted: 8
  seconds: 17.374888334
  version: 0.42.0
  what: judges-summary
  when: 2025-05-18 10:05:43.596114376 Z
- _id: 1
  _time: 2025-05-18 10:05:43.585344883 Z
  _version: 0.10.1/0.42.0/
  what: dimensions-of-terrain
  when: 2025-05-18 10:05:43.585542603 Z
- _id: 2
  _time: 2025-05-18 10:05:43.592461160 Z
  _version: 0.10.1/0.42.0/
  since: 2025-04-20 10:05:43.592644322 Z
  what: quality-of-service
  when: 2025-05-18 10:05:43.592609968 Z
- _id: 3
  _time: 2025-05-18 10:05:43.595145929 Z
  _version: 0.10.1/0.42.0/
  since: 2025-04-20 10:05:43.595247569 Z
  what: quantity-of-deliverables
  when: 2025-05-18 10:05:43.595224155 Z
