---
- added: 8
  cycles: 1
  deleted: 8
  inserted: 8
  seconds: 17.216641216
  version: 0.42.0
  what: judges-summary
  when: 2025-05-13 02:35:14.711421942 Z
- _id: 1
  _time: 2025-05-13 02:35:14.699687036 Z
  _version: 0.10.1/0.42.0/
  since: 2025-04-15 02:35:14.699879756 Z
  what: quality-of-service
  when: 2025-05-13 02:35:14.699840222 Z
- _id: 2
  _time: 2025-05-13 02:35:14.704510833 Z
  _version: 0.10.1/0.42.0/
  what: dimensions-of-terrain
  when: 2025-05-13 02:35:14.704589680 Z
- _id: 3
  _time: 2025-05-13 02:35:14.707015606 Z
  _version: 0.10.1/0.42.0/
  since: 2025-04-15 02:35:14.707114891 Z
  what: quantity-of-deliverables
  when: 2025-05-13 02:35:14.707091498 Z
