---
- added: 8
  cycles: 1
  deleted: 8
  inserted: 8
  seconds: 7.686091386
  version: 0.42.0
  what: judges-summary
  when: 2025-05-19 22:37:28.844956489 Z
- _id: 1
  _time: 2025-05-19 22:37:28.833524958 Z
  _version: 0.10.1/0.42.0/
  since: 2025-04-21 22:37:28.833722327 Z
  what: quality-of-service
  when: 2025-05-19 22:37:28.833682052 Z
- _id: 2
  _time: 2025-05-19 22:37:28.837077387 Z
  _version: 0.10.1/0.42.0/
  what: dimensions-of-terrain
  when: 2025-05-19 22:37:28.837164289 Z
- _id: 3
  _time: 2025-05-19 22:37:28.843949105 Z
  _version: 0.10.1/0.42.0/
  since: 2025-04-21 22:37:28.844063339 Z
  what: quantity-of-deliverables
  when: 2025-05-19 22:37:28.844039454 Z
