---
- added: 8
  cycles: 1
  deleted: 8
  inserted: 8
  seconds: 9.250908541
  version: 0.42.0
  what: judges-summary
  when: 2025-06-01 04:43:55.155089168 Z
- _id: 1
  _time: 2025-06-01 04:43:55.149313777 Z
  _version: 0.10.1/0.42.0/
  since: 2025-05-04 04:43:55.149609538 Z
  what: quality-of-service
  when: 2025-06-01 04:43:55.149545088 Z
- _id: 2
  _time: 2025-06-01 04:43:55.152286846 Z
  _version: 0.10.1/0.42.0/
  since: 2025-05-04 04:43:55.152389308 Z
  what: quantity-of-deliverables
  when: 2025-06-01 04:43:55.152365543 Z
- _id: 3
  _time: 2025-06-01 04:43:55.153441949 Z
  _version: 0.10.1/0.42.0/
  what: dimensions-of-terrain
  when: 2025-06-01 04:43:55.153518993 Z
