---
- added: 8
  cycles: 1
  deleted: 8
  inserted: 8
  seconds: 17.17071337
  version: 0.42.0
  what: judges-summary
  when: 2025-05-26 20:36:25.707018901 Z
- _id: 1
  _time: 2025-05-26 20:36:25.701116644 Z
  _version: 0.10.1/0.42.0/
  what: dimensions-of-terrain
  when: 2025-05-26 20:36:25.701265012 Z
- _id: 2
  _time: 2025-05-26 20:36:25.703611852 Z
  _version: 0.10.1/0.42.0/
  since: 2025-04-28 20:36:25.703748449 Z
  what: quality-of-service
  when: 2025-05-26 20:36:25.703715066 Z
- _id: 3
  _time: 2025-05-26 20:36:25.705351825 Z
  _version: 0.10.1/0.42.0/
  since: 2025-04-28 20:36:25.705480456 Z
  what: quantity-of-deliverables
  when: 2025-05-26 20:36:25.705424992 Z
