---
- added: 8
  cycles: 1
  deleted: 8
  inserted: 8
  seconds: 14.330251351
  version: 0.42.0
  what: judges-summary
  when: 2025-05-27 16:06:47.413758284 Z
- _id: 1
  _time: 2025-05-27 16:06:47.402410245 Z
  _version: 0.10.1/0.42.0/
  since: 2025-04-29 16:06:47.402594731 Z
  what: quantity-of-deliverables
  when: 2025-05-27 16:06:47.402557621 Z
- _id: 2
  _time: 2025-05-27 16:06:47.403760564 Z
  _version: 0.10.1/0.42.0/
  what: dimensions-of-terrain
  when: 2025-05-27 16:06:47.403862555 Z
- _id: 3
  _time: 2025-05-27 16:06:47.408250214 Z
  _version: 0.10.1/0.42.0/
  since: 2025-04-29 16:06:47.408385979 Z
  what: quality-of-service
  when: 2025-05-27 16:06:47.408353528 Z
