---
- added: 8
  cycles: 1
  deleted: 8
  inserted: 8
  seconds: 9.678921008
  version: 0.42.0
  what: judges-summary
  when: 2025-05-17 22:04:47.881554833 Z
- _id: 1
  _time: 2025-05-17 22:04:47.872114342 Z
  _version: 0.10.1/0.42.0/
  what: dimensions-of-terrain
  when: 2025-05-17 22:04:47.872290120 Z
- _id: 2
  _time: 2025-05-17 22:04:47.876480466 Z
  _version: 0.10.1/0.42.0/
  since: 2025-04-19 22:04:47.876620106 Z
  what: quantity-of-deliverables
  when: 2025-05-17 22:04:47.876586564 Z
- _id: 3
  _time: 2025-05-17 22:04:47.877973553 Z
  _version: 0.10.1/0.42.0/
  since: 2025-04-19 22:04:47.878105369 Z
  what: quality-of-service
  when: 2025-05-17 22:04:47.878073069 Z
