---
- added: 8
  cycles: 1
  deleted: 8
  inserted: 8
  seconds: 7.879279199
  version: 0.42.0
  what: judges-summary
  when: 2025-06-06 07:35:10.359304433 Z
- _id: 1
  _time: 2025-06-06 07:35:10.350389982 Z
  _version: 0.10.1/0.42.0/
  since: 2025-05-09 07:35:10.350579567 Z
  what: quality-of-service
  when: 2025-06-06 07:35:10.350542096 Z
- _id: 2
  _time: 2025-06-06 07:35:10.352848302 Z
  _version: 0.10.1/0.42.0/
  what: dimensions-of-terrain
  when: 2025-06-06 07:35:10.352924715 Z
- _id: 3
  _time: 2025-06-06 07:35:10.357306582 Z
  _version: 0.10.1/0.42.0/
  since: 2025-05-09 07:35:10.357407671 Z
  what: quantity-of-deliverables
  when: 2025-06-06 07:35:10.357383165 Z
