---
- added: 8
  cycles: 1
  deleted: 8
  inserted: 8
  seconds: 8.736209653
  version: 0.42.0
  what: judges-summary
  when: 2025-06-12 12:08:29.807182205 Z
- _id: 1
  _time: 2025-06-12 12:08:29.795220646 Z
  _version: 0.10.1/0.42.0/
  since: 2025-05-15 12:08:29.795437411 Z
  what: quality-of-service
  when: 2025-06-12 12:08:29.795392507 Z
- _id: 2
  _time: 2025-06-12 12:08:29.803915529 Z
  _version: 0.10.1/0.42.0/
  since: 2025-05-15 12:08:29.804019403 Z
  what: quantity-of-deliverables
  when: 2025-06-12 12:08:29.803995479 Z
- _id: 3
  _time: 2025-06-12 12:08:29.805171666 Z
  _version: 0.10.1/0.42.0/
  what: dimensions-of-terrain
  when: 2025-06-12 12:08:29.805249281 Z
