---
- added: 8
  cycles: 1
  deleted: 8
  inserted: 8
  seconds: 10.181581316
  version: 0.42.0
  what: judges-summary
  when: 2025-06-05 18:58:47.790559952 Z
- _id: 1
  _time: 2025-06-05 18:58:47.780811476 Z
  _version: 0.10.1/0.42.0/
  since: 2025-05-08 18:58:47.781024182 Z
  what: quality-of-service
  when: 2025-06-05 18:58:47.780986622 Z
- _id: 2
  _time: 2025-06-05 18:58:47.785453245 Z
  _version: 0.10.1/0.42.0/
  what: dimensions-of-terrain
  when: 2025-06-05 18:58:47.785528776 Z
- _id: 3
  _time: 2025-06-05 18:58:47.786721411 Z
  _version: 0.10.1/0.42.0/
  since: 2025-05-08 18:58:47.786816999 Z
  what: quantity-of-deliverables
  when: 2025-06-05 18:58:47.786794888 Z
