---
- added: 8
  cycles: 1
  deleted: 8
  inserted: 8
  seconds: 18.288208027
  version: 0.42.0
  what: judges-summary
  when: 2025-06-04 09:06:09.203615832 Z
- _id: 1
  _time: 2025-06-04 09:06:09.197418287 Z
  _version: 0.10.1/0.42.0/
  since: 2025-05-07 09:06:09.197604162 Z
  what: quantity-of-deliverables
  when: 2025-06-04 09:06:09.197566272 Z
- _id: 2
  _time: 2025-06-04 09:06:09.198993451 Z
  _version: 0.10.1/0.42.0/
  what: dimensions-of-terrain
  when: 2025-06-04 09:06:09.199099137 Z
- _id: 3
  _time: 2025-06-04 09:06:09.202324463 Z
  _version: 0.10.1/0.42.0/
  since: 2025-05-07 09:06:09.202457360 Z
  what: quality-of-service
  when: 2025-06-04 09:06:09.202425610 Z
