---
- added: 8
  cycles: 1
  deleted: 8
  inserted: 8
  seconds: 11.309690559
  version: 0.42.0
  what: judges-summary
  when: 2025-05-12 12:46:40.081476790 Z
- _id: 1
  _time: 2025-05-12 12:46:40.070115653 Z
  _version: 0.10.1/0.42.0/
  what: dimensions-of-terrain
  when: 2025-05-12 12:46:40.070284959 Z
- _id: 2
  _time: 2025-05-12 12:46:40.078464323 Z
  _version: 0.10.1/0.42.0/
  since: 2025-04-14 12:46:40.078617638 Z
  what: quality-of-service
  when: 2025-05-12 12:46:40.078582212 Z
- _id: 3
  _time: 2025-05-12 12:46:40.080331725 Z
  _version: 0.10.1/0.42.0/
  since: 2025-04-14 12:46:40.080432883 Z
  what: quantity-of-deliverables
  when: 2025-05-12 12:46:40.080409600 Z
