---
- added: 8
  cycles: 1
  deleted: 8
  inserted: 8
  seconds: 9.839359374
  version: 0.42.0
  what: judges-summary
  when: 2025-05-12 17:36:23.535160672 Z
- _id: 1
  _time: 2025-05-12 17:36:23.524978923 Z
  _version: 0.10.1/0.42.0/
  since: 2025-04-14 17:36:23.525167074 Z
  what: quantity-of-deliverables
  when: 2025-05-12 17:36:23.525129384 Z
- _id: 2
  _time: 2025-05-12 17:36:23.526325823 Z
  _version: 0.10.1/0.42.0/
  what: dimensions-of-terrain
  when: 2025-05-12 17:36:23.526433314 Z
- _id: 3
  _time: 2025-05-12 17:36:23.531954841 Z
  _version: 0.10.1/0.42.0/
  since: 2025-04-14 17:36:23.532094130 Z
  what: quality-of-service
  when: 2025-05-12 17:36:23.532060668 Z
