---
- added: 8
  cycles: 1
  deleted: 8
  inserted: 8
  seconds: 9.624751166
  version: 0.42.0
  what: judges-summary
  when: 2025-05-18 10:37:23.353722072 Z
- _id: 1
  _time: 2025-05-18 10:37:23.339809172 Z
  _version: 0.10.1/0.42.0/
  since: 2025-04-20 10:37:23.340020705 Z
  what: quantity-of-deliverables
  when: 2025-05-18 10:37:23.339957588 Z
- _id: 2
  _time: 2025-05-18 10:37:23.341561192 Z
  _version: 0.10.1/0.42.0/
  what: dimensions-of-terrain
  when: 2025-05-18 10:37:23.341664375 Z
- _id: 3
  _time: 2025-05-18 10:37:23.346803880 Z
  _version: 0.10.1/0.42.0/
  since: 2025-04-20 10:37:23.347065808 Z
  what: quality-of-service
  when: 2025-05-18 10:37:23.346985478 Z
