---
- added: 8
  cycles: 1
  deleted: 8
  inserted: 8
  seconds: 9.654621953
  version: 0.42.0
  what: judges-summary
  when: 2025-05-26 16:05:50.474074704 Z
- _id: 1
  _time: 2025-05-26 16:05:50.467632803 Z
  _version: 0.10.1/0.42.0/
  since: 2025-04-28 16:05:50.467813078 Z
  what: quantity-of-deliverables
  when: 2025-05-26 16:05:50.467776330 Z
- _id: 2
  _time: 2025-05-26 16:05:50.470285453 Z
  _version: 0.10.1/0.42.0/
  since: 2025-04-28 16:05:50.470421556 Z
  what: quality-of-service
  when: 2025-05-26 16:05:50.470384137 Z
- _id: 3
  _time: 2025-05-26 16:05:50.473180804 Z
  _version: 0.10.1/0.42.0/
  what: dimensions-of-terrain
  when: 2025-05-26 16:05:50.473257056 Z
