---
- added: 8
  cycles: 1
  deleted: 8
  inserted: 8
  seconds: 8.247086204
  version: 0.42.0
  what: judges-summary
  when: 2025-05-20 12:46:38.129912611 Z
- _id: 1
  _time: 2025-05-20 12:46:38.117977683 Z
  _version: 0.10.1/0.42.0/
  since: 2025-04-22 12:46:38.118161656 Z
  what: quality-of-service
  when: 2025-05-20 12:46:38.118124918 Z
- _id: 2
  _time: 2025-05-20 12:46:38.123377030 Z
  _version: 0.10.1/0.42.0/
  what: dimensions-of-terrain
  when: 2025-05-20 12:46:38.123456999 Z
- _id: 3
  _time: 2025-05-20 12:46:38.128968148 Z
  _version: 0.10.1/0.42.0/
  since: 2025-04-22 12:46:38.129070368 Z
  what: quantity-of-deliverables
  when: 2025-05-20 12:46:38.129046434 Z
