---
- added: 8
  cycles: 1
  deleted: 8
  inserted: 8
  seconds: 7.676841134
  version: 0.42.0
  what: judges-summary
  when: 2025-05-12 09:37:28.777655735 Z
- _id: 1
  _time: 2025-05-12 09:37:28.762145501 Z
  _version: 0.10.1/0.42.0/
  what: dimensions-of-terrain
  when: 2025-05-12 09:37:28.762295171 Z
- _id: 2
  _time: 2025-05-12 09:37:28.770529765 Z
  _version: 0.10.1/0.42.0/
  since: 2025-04-14 09:37:28.770666901 Z
  what: quality-of-service
  when: 2025-05-12 09:37:28.770634251 Z
- _id: 3
  _time: 2025-05-12 09:37:28.772535533 Z
  _version: 0.10.1/0.42.0/
  since: 2025-04-14 09:37:28.772697766 Z
  what: quantity-of-deliverables
  when: 2025-05-12 09:37:28.772658021 Z
