---
- added: 8
  cycles: 1
  deleted: 8
  inserted: 8
  seconds: 6.804802126
  version: 0.42.0
  what: judges-summary
  when: 2025-06-01 06:06:45.564743261 Z
- _id: 1
  _time: 2025-06-01 06:06:45.554704049 Z
  _version: 0.10.1/0.42.0/
  since: 2025-05-04 06:06:45.554884124 Z
  what: quantity-of-deliverables
  when: 2025-06-01 06:06:45.554846805 Z
- _id: 2
  _time: 2025-06-01 06:06:45.556160090 Z
  _version: 0.10.1/0.42.0/
  since: 2025-05-04 06:06:45.556295762 Z
  what: quality-of-service
  when: 2025-06-01 06:06:45.556262430 Z
- _id: 3
  _time: 2025-06-01 06:06:45.560770298 Z
  _version: 0.10.1/0.42.0/
  what: dimensions-of-terrain
  when: 2025-06-01 06:06:45.560844967 Z
