---
- added: 8
  cycles: 1
  deleted: 8
  inserted: 8
  seconds: 13.156761326
  version: 0.42.0
  what: judges-summary
  when: 2025-06-08 04:42:10.689680297 Z
- _id: 1
  _time: 2025-06-08 04:42:10.677550766 Z
  _version: 0.10.1/0.42.0/
  what: dimensions-of-terrain
  when: 2025-06-08 04:42:10.677705485 Z
- _id: 2
  _time: 2025-06-08 04:42:10.684309499 Z
  _version: 0.10.1/0.42.0/
  since: 2025-05-11 04:42:10.684577540 Z
  what: quality-of-service
  when: 2025-06-08 04:42:10.684516736 Z
- _id: 3
  _time: 2025-06-08 04:42:10.688789813 Z
  _version: 0.10.1/0.42.0/
  since: 2025-05-11 04:42:10.688902593 Z
  what: quantity-of-deliverables
  when: 2025-06-08 04:42:10.688873168 Z
