---
- added: 8
  cycles: 1
  deleted: 8
  inserted: 8
  seconds: 19.017103544
  version: 0.42.0
  what: judges-summary
  when: 2025-06-12 15:38:05.150461774 Z
- _id: 1
  _time: 2025-06-12 15:38:05.141110528 Z
  _version: 0.10.1/0.42.0/
  since: 2025-05-15 15:38:05.141295106 Z
  what: quantity-of-deliverables
  when: 2025-06-12 15:38:05.141257114 Z
- _id: 2
  _time: 2025-06-12 15:38:05.146993430 Z
  _version: 0.10.1/0.42.0/
  since: 2025-05-15 15:38:05.147133744 Z
  what: quality-of-service
  when: 2025-06-12 15:38:05.147101023 Z
- _id: 3
  _time: 2025-06-12 15:38:05.148484414 Z
  _version: 0.10.1/0.42.0/
  what: dimensions-of-terrain
  when: 2025-06-12 15:38:05.148559355 Z
