---
- added: 8
  cycles: 1
  deleted: 8
  inserted: 8
  seconds: 6.84089122
  version: 0.42.0
  what: judges-summary
  when: 2025-05-26 00:49:19.565946907 Z
- _id: 1
  _time: 2025-05-26 00:49:19.553962523 Z
  _version: 0.10.1/0.42.0/
  since: 2025-04-28 00:49:19.554154833 Z
  what: quality-of-service
  when: 2025-05-26 00:49:19.554116221 Z
- _id: 2
  _time: 2025-05-26 00:49:19.562511409 Z
  _version: 0.10.1/0.42.0/
  since: 2025-04-28 00:49:19.562613921 Z
  what: quantity-of-deliverables
  when: 2025-05-26 00:49:19.562591248 Z
- _id: 3
  _time: 2025-05-26 00:49:19.565062973 Z
  _version: 0.10.1/0.42.0/
  what: dimensions-of-terrain
  when: 2025-05-26 00:49:19.565144346 Z
