---
- added: 8
  cycles: 1
  deleted: 8
  inserted: 8
  seconds: 7.916546834
  version: 0.42.0
  what: judges-summary
  when: 2025-05-28 20:37:06.963650343 Z
- _id: 1
  _time: 2025-05-28 20:37:06.957051107 Z
  _version: 0.10.1/0.42.0/
  since: 2025-04-30 20:37:06.957405993 Z
  what: quantity-of-deliverables
  when: 2025-05-28 20:37:06.957308029 Z
- _id: 2
  _time: 2025-05-28 20:37:06.958886720 Z
  _version: 0.10.1/0.42.0/
  since: 2025-04-30 20:37:06.959022816 Z
  what: quality-of-service
  when: 2025-05-28 20:37:06.958990625 Z
- _id: 3
  _time: 2025-05-28 20:37:06.960604660 Z
  _version: 0.10.1/0.42.0/
  what: dimensions-of-terrain
  when: 2025-05-28 20:37:06.960680592 Z
