---
- added: 8
  cycles: 1
  deleted: 8
  inserted: 8
  seconds: 9.56392075
  version: 0.42.0
  what: judges-summary
  when: 2025-05-31 19:04:53.296180919 Z
- _id: 1
  _time: 2025-05-31 19:04:53.284631557 Z
  _version: 0.10.1/0.42.0/
  since: 2025-05-03 19:04:53.284845008 Z
  what: quality-of-service
  when: 2025-05-31 19:04:53.284806706 Z
- _id: 2
  _time: 2025-05-31 19:04:53.294008116 Z
  _version: 0.10.1/0.42.0/
  since: 2025-05-03 19:04:53.294120156 Z
  what: quantity-of-deliverables
  when: 2025-05-31 19:04:53.294096592 Z
- _id: 3
  _time: 2025-05-31 19:04:53.295211968 Z
  _version: 0.10.1/0.42.0/
  what: dimensions-of-terrain
  when: 2025-05-31 19:04:53.295289233 Z
