---
- added: 8
  cycles: 1
  deleted: 8
  inserted: 8
  seconds: 7.256161317
  version: 0.42.0
  what: judges-summary
  when: 2025-05-16 05:37:32.174687578 Z
- _id: 1
  _time: 2025-05-16 05:37:32.163573900 Z
  _version: 0.10.1/0.42.0/
  since: 2025-04-18 05:37:32.163756129 Z
  what: quality-of-service
  when: 2025-05-16 05:37:32.163718559 Z
- _id: 2
  _time: 2025-05-16 05:37:32.165388126 Z
  _version: 0.10.1/0.42.0/
  since: 2025-04-18 05:37:32.165486810 Z
  what: quantity-of-deliverables
  when: 2025-05-16 05:37:32.165463827 Z
- _id: 3
  _time: 2025-05-16 05:37:32.170403482 Z
  _version: 0.10.1/0.42.0/
  what: dimensions-of-terrain
  when: 2025-05-16 05:37:32.170481067 Z
