---
- added: 8
  cycles: 1
  deleted: 8
  inserted: 8
  seconds: 8.425577574
  version: 0.42.0
  what: judges-summary
  when: 2025-06-12 10:39:42.995386635 Z
- _id: 1
  _time: 2025-06-12 10:39:42.984576583 Z
  _version: 0.10.1/0.42.0/
  since: 2025-05-15 10:39:42.984764612 Z
  what: quantity-of-deliverables
  when: 2025-06-12 10:39:42.984726612 Z
- _id: 2
  _time: 2025-06-12 10:39:42.985861481 Z
  _version: 0.10.1/0.42.0/
  what: dimensions-of-terrain
  when: 2025-06-12 10:39:42.986011680 Z
- _id: 3
  _time: 2025-06-12 10:39:42.993245055 Z
  _version: 0.10.1/0.42.0/
  since: 2025-05-15 10:39:42.993380236 Z
  what: quality-of-service
  when: 2025-06-12 10:39:42.993346203 Z
