---
- added: 8
  cycles: 1
  deleted: 8
  inserted: 8
  seconds: 9.555890042
  version: 0.42.0
  what: judges-summary
  when: 2025-06-14 10:37:43.164362078 Z
- _id: 1
  _time: 2025-06-14 10:37:43.151603744 Z
  _version: 0.10.1/0.42.0/
  since: 2025-05-17 10:37:43.151783539 Z
  what: quantity-of-deliverables
  when: 2025-06-14 10:37:43.151746921 Z
- _id: 2
  _time: 2025-06-14 10:37:43.157123021 Z
  _version: 0.10.1/0.42.0/
  what: dimensions-of-terrain
  when: 2025-06-14 10:37:43.157225752 Z
- _id: 3
  _time: 2025-06-14 10:37:43.162263641 Z
  _version: 0.10.1/0.42.0/
  since: 2025-05-17 10:37:43.162397019 Z
  what: quality-of-service
  when: 2025-06-14 10:37:43.162364949 Z
