---
- added: 8
  cycles: 1
  deleted: 8
  inserted: 8
  seconds: 7.682941599
  version: 0.42.0
  what: judges-summary
  when: 2025-06-02 03:52:22.582381111 Z
- _id: 1
  _time: 2025-06-02 03:52:22.572424890 Z
  _version: 0.10.1/0.42.0/
  since: 2025-05-05 03:52:22.572645324 Z
  what: quality-of-service
  when: 2025-06-02 03:52:22.572570844 Z
- _id: 2
  _time: 2025-06-02 03:52:22.575121015 Z
  _version: 0.10.1/0.42.0/
  since: 2025-05-05 03:52:22.575222095 Z
  what: quantity-of-deliverables
  when: 2025-06-02 03:52:22.575198060 Z
- _id: 3
  _time: 2025-06-02 03:52:22.580756365 Z
  _version: 0.10.1/0.42.0/
  what: dimensions-of-terrain
  when: 2025-06-02 03:52:22.580836435 Z
