---
- added: 8
  cycles: 1
  deleted: 8
  inserted: 8
  seconds: 0.9092916
  version: 0.42.0
  what: judges-summary
  when: 2025-06-07 23:05:07.421464732 Z
- _id: 1
  _time: 2025-06-07 23:05:07.406813772 Z
  _version: 0.10.1/0.42.0/
  what: dimensions-of-terrain
  when: 2025-06-07 23:05:07.406963532 Z
- _id: 2
  _time: 2025-06-07 23:05:07.415934790 Z
  _version: 0.10.1/0.42.0/
  since: 2025-05-10 23:05:07.416222468 Z
  what: quality-of-service
  when: 2025-06-07 23:05:07.416155152 Z
- _id: 3
  _time: 2025-06-07 23:05:07.418569650 Z
  _version: 0.10.1/0.42.0/
  since: 2025-05-10 23:05:07.418671831 Z
  what: quantity-of-deliverables
  when: 2025-06-07 23:05:07.418647436 Z
