---
- added: 8
  cycles: 1
  deleted: 8
  inserted: 8
  seconds: 7.716011116
  version: 0.42.0
  what: judges-summary
  when: 2025-06-07 00:20:35.283318238 Z
- _id: 1
  _time: 2025-06-07 00:20:35.270740086 Z
  _version: 0.10.1/0.42.0/
  since: 2025-05-10 00:20:35.270925805 Z
  what: quantity-of-deliverables
  when: 2025-06-07 00:20:35.270888566 Z
- _id: 2
  _time: 2025-06-07 00:20:35.278167042 Z
  _version: 0.10.1/0.42.0/
  since: 2025-05-10 00:20:35.278326433 Z
  what: quality-of-service
  when: 2025-06-07 00:20:35.278269846 Z
- _id: 3
  _time: 2025-06-07 00:20:35.279794082 Z
  _version: 0.10.1/0.42.0/
  what: dimensions-of-terrain
  when: 2025-06-07 00:20:35.279871537 Z
