---
- added: 8
  cycles: 1
  deleted: 8
  inserted: 8
  seconds: 7.731403046
  version: 0.42.0
  what: judges-summary
  when: 2025-06-05 07:35:32.598340183 Z
- _id: 1
  _time: 2025-06-05 07:35:32.585647176 Z
  _version: 0.10.1/0.42.0/
  since: 2025-05-08 07:35:32.585871927 Z
  what: quantity-of-deliverables
  when: 2025-06-05 07:35:32.585825500 Z
- _id: 2
  _time: 2025-06-05 07:35:32.590422415 Z
  _version: 0.10.1/0.42.0/
  since: 2025-05-08 07:35:32.590558980 Z
  what: quality-of-service
  when: 2025-06-05 07:35:32.590526109 Z
- _id: 3
  _time: 2025-06-05 07:35:32.597457761 Z
  _version: 0.10.1/0.42.0/
  what: dimensions-of-terrain
  when: 2025-06-05 07:35:32.597537310 Z
