---
- added: 8
  cycles: 1
  deleted: 8
  inserted: 8
  seconds: 8.338278689
  version: 0.42.0
  what: judges-summary
  when: 2025-05-13 12:46:50.135810904 Z
- _id: 1
  _time: 2025-05-13 12:46:50.121386254 Z
  _version: 0.10.1/0.42.0/
  since: 2025-04-15 12:46:50.121570791 Z
  what: quality-of-service
  when: 2025-05-13 12:46:50.121532759 Z
- _id: 2
  _time: 2025-05-13 12:46:50.124080951 Z
  _version: 0.10.1/0.42.0/
  what: dimensions-of-terrain
  when: 2025-05-13 12:46:50.124157204 Z
- _id: 3
  _time: 2025-05-13 12:46:50.126893479 Z
  _version: 0.10.1/0.42.0/
  since: 2025-04-15 12:46:50.127064230 Z
  what: quantity-of-deliverables
  when: 2025-05-13 12:46:50.127022381 Z
