---
- added: 8
  cycles: 1
  deleted: 8
  inserted: 8
  seconds: 7.346224524
  version: 0.42.0
  what: judges-summary
  when: 2025-05-22 20:36:50.805518602 Z
- _id: 1
  _time: 2025-05-22 20:36:50.793291335 Z
  _version: 0.10.1/0.42.0/
  what: dimensions-of-terrain
  when: 2025-05-22 20:36:50.793451124 Z
- _id: 2
  _time: 2025-05-22 20:36:50.798383433 Z
  _version: 0.10.1/0.42.0/
  since: 2025-04-24 20:36:50.798523214 Z
  what: quantity-of-deliverables
  when: 2025-05-22 20:36:50.798488930 Z
- _id: 3
  _time: 2025-05-22 20:36:50.800918979 Z
  _version: 0.10.1/0.42.0/
  since: 2025-04-24 20:36:50.801055193 Z
  what: quality-of-service
  when: 2025-05-22 20:36:50.801022302 Z
