---
- added: 8
  cycles: 1
  deleted: 8
  inserted: 8
  seconds: 9.6009308
  version: 0.42.0
  what: judges-summary
  when: 2025-05-20 06:42:06.038335699 Z
- _id: 1
  _time: 2025-05-20 06:42:06.026086245 Z
  _version: 0.10.1/0.42.0/
  since: 2025-04-22 06:42:06.026302988 Z
  what: quality-of-service
  when: 2025-05-20 06:42:06.026263725 Z
- _id: 2
  _time: 2025-05-20 06:42:06.030678898 Z
  _version: 0.10.1/0.42.0/
  since: 2025-04-22 06:42:06.030879181 Z
  what: quantity-of-deliverables
  when: 2025-05-20 06:42:06.030829508 Z
- _id: 3
  _time: 2025-05-20 06:42:06.037401271 Z
  _version: 0.10.1/0.42.0/
  what: dimensions-of-terrain
  when: 2025-05-20 06:42:06.037477152 Z
