---
- added: 8
  cycles: 1
  deleted: 8
  inserted: 8
  seconds: 7.433633999
  version: 0.42.0
  what: judges-summary
  when: 2025-05-23 06:41:20.536413434 Z
- _id: 1
  _time: 2025-05-23 06:41:20.524824321 Z
  _version: 0.10.1/0.42.0/
  what: dimensions-of-terrain
  when: 2025-05-23 06:41:20.524970254 Z
- _id: 2
  _time: 2025-05-23 06:41:20.527163626 Z
  _version: 0.10.1/0.42.0/
  since: 2025-04-25 06:41:20.527301353 Z
  what: quantity-of-deliverables
  when: 2025-05-23 06:41:20.527269293 Z
- _id: 3
  _time: 2025-05-23 06:41:20.533398679 Z
  _version: 0.10.1/0.42.0/
  since: 2025-04-25 06:41:20.533534823 Z
  what: quality-of-service
  when: 2025-05-23 06:41:20.533501501 Z
