---
- added: 8
  cycles: 1
  deleted: 8
  inserted: 8
  seconds: 10.404694694
  version: 0.42.0
  what: judges-summary
  when: 2025-05-23 15:36:38.442659412 Z
- _id: 1
  _time: 2025-05-23 15:36:38.429811318 Z
  _version: 0.10.1/0.42.0/
  what: dimensions-of-terrain
  when: 2025-05-23 15:36:38.429994158 Z
- _id: 2
  _time: 2025-05-23 15:36:38.434761685 Z
  _version: 0.10.1/0.42.0/
  since: 2025-04-25 15:36:38.434898299 Z
  what: quantity-of-deliverables
  when: 2025-05-23 15:36:38.434865618 Z
- _id: 3
  _time: 2025-05-23 15:36:38.438385540 Z
  _version: 0.10.1/0.42.0/
  since: 2025-04-25 15:36:38.438526612 Z
  what: quality-of-service
  when: 2025-05-23 15:36:38.438493250 Z
