---
- added: 8
  cycles: 1
  deleted: 8
  inserted: 8
  seconds: 7.643150707
  version: 0.42.0
  what: judges-summary
  when: 2025-05-14 21:33:46.858060009 Z
- _id: 1
  _time: 2025-05-14 21:33:46.844315607 Z
  _version: 0.10.1/0.42.0/
  what: dimensions-of-terrain
  when: 2025-05-14 21:33:46.844471829 Z
- _id: 2
  _time: 2025-05-14 21:33:46.847839988 Z
  _version: 0.10.1/0.42.0/
  since: 2025-04-16 21:33:46.848020224 Z
  what: quality-of-service
  when: 2025-05-14 21:33:46.847979128 Z
- _id: 3
  _time: 2025-05-14 21:33:46.855911837 Z
  _version: 0.10.1/0.42.0/
  since: 2025-04-16 21:33:46.856113083 Z
  what: quantity-of-deliverables
  when: 2025-05-14 21:33:46.856072908 Z
