---
- added: 8
  cycles: 1
  deleted: 8
  inserted: 8
  seconds: 7.59396279
  version: 0.42.0
  what: judges-summary
  when: 2025-05-16 19:33:51.609305725 Z
- _id: 1
  _time: 2025-05-16 19:33:51.599650894 Z
  _version: 0.10.1/0.42.0/
  since: 2025-04-18 19:33:51.599880172 Z
  what: quality-of-service
  when: 2025-05-16 19:33:51.599820220 Z
- _id: 2
  _time: 2025-05-16 19:33:51.603057112 Z
  _version: 0.10.1/0.42.0/
  since: 2025-04-18 19:33:51.603153743 Z
  what: quantity-of-deliverables
  when: 2025-05-16 19:33:51.603131792 Z
- _id: 3
  _time: 2025-05-16 19:33:51.608399651 Z
  _version: 0.10.1/0.42.0/
  what: dimensions-of-terrain
  when: 2025-05-16 19:33:51.608476464 Z
