---
- added: 8
  cycles: 1
  deleted: 8
  inserted: 8
  seconds: 6.996384122
  version: 0.42.0
  what: judges-summary
  when: 2025-06-08 10:37:37.971094347 Z
- _id: 1
  _time: 2025-06-08 10:37:37.959772121 Z
  _version: 0.10.1/0.42.0/
  what: dimensions-of-terrain
  when: 2025-06-08 10:37:37.959920570 Z
- _id: 2
  _time: 2025-06-08 10:37:37.963120011 Z
  _version: 0.10.1/0.42.0/
  since: 2025-05-11 10:37:37.963259933 Z
  what: quantity-of-deliverables
  when: 2025-06-08 10:37:37.963224647 Z
- _id: 3
  _time: 2025-06-08 10:37:37.968187900 Z
  _version: 0.10.1/0.42.0/
  since: 2025-05-11 10:37:37.968325909 Z
  what: quality-of-service
  when: 2025-06-08 10:37:37.968293188 Z
