---
- added: 8
  cycles: 1
  deleted: 8
  inserted: 8
  seconds: 7.604890015
  version: 0.42.0
  what: judges-summary
  when: 2025-06-04 13:43:22.942767250 Z
- _id: 1
  _time: 2025-06-04 13:43:22.930924659 Z
  _version: 0.10.1/0.42.0/
  since: 2025-05-07 13:43:22.931107720 Z
  what: quantity-of-deliverables
  when: 2025-06-04 13:43:22.931070761 Z
- _id: 2
  _time: 2025-06-04 13:43:22.932624803 Z
  _version: 0.10.1/0.42.0/
  what: dimensions-of-terrain
  when: 2025-06-04 13:43:22.932727464 Z
- _id: 3
  _time: 2025-06-04 13:43:22.936838125 Z
  _version: 0.10.1/0.42.0/
  since: 2025-05-07 13:43:22.936974739 Z
  what: quality-of-service
  when: 2025-06-04 13:43:22.936941778 Z
