---
- added: 8
  cycles: 1
  deleted: 8
  inserted: 8
  seconds: 18.155750939
  version: 0.42.0
  what: judges-summary
  when: 2025-06-11 12:46:54.476689771 Z
- _id: 1
  _time: 2025-06-11 12:46:54.463004268 Z
  _version: 0.10.1/0.42.0/
  what: dimensions-of-terrain
  when: 2025-06-11 12:46:54.463152554 Z
- _id: 2
  _time: 2025-06-11 12:46:54.470455812 Z
  _version: 0.10.1/0.42.0/
  since: 2025-05-14 12:46:54.470591676 Z
  what: quality-of-service
  when: 2025-06-11 12:46:54.470558904 Z
- _id: 3
  _time: 2025-06-11 12:46:54.472900075 Z
  _version: 0.10.1/0.42.0/
  since: 2025-05-14 12:46:54.473003749 Z
  what: quantity-of-deliverables
  when: 2025-06-11 12:46:54.472980085 Z
