---
- added: 8
  cycles: 1
  deleted: 8
  inserted: 8
  seconds: 0.810703222
  version: 0.42.0
  what: judges-summary
  when: 2025-05-30 00:20:26.272987871 Z
- _id: 1
  _time: 2025-05-30 00:20:26.266372497 Z
  _version: 0.10.1/0.42.0/
  since: 2025-05-02 00:20:26.266557472 Z
  what: quality-of-service
  when: 2025-05-30 00:20:26.266519922 Z
- _id: 2
  _time: 2025-05-30 00:20:26.270526241 Z
  _version: 0.10.1/0.42.0/
  what: dimensions-of-terrain
  when: 2025-05-30 00:20:26.270610879 Z
- _id: 3
  _time: 2025-05-30 00:20:26.271960074 Z
  _version: 0.10.1/0.42.0/
  since: 2025-05-02 00:20:26.272054791 Z
  what: quantity-of-deliverables
  when: 2025-05-30 00:20:26.272032269 Z
